onset	duration	eventnumber	stim_file	blockno	trialno	is_faststream	stim	food_idx	image_number	stim_code	is_natural	istarget	response	keypressed	rt	correct	time_stimon	time_stimoff	stimdur
27466.75	0.0999858	0	stimuli/non_foods\stim025_animate_human_child_1.png	1	1	1	child_1	0	70		NaN	0	0		0	0	448.418248	448.5182338	0.0999858
27504.25	0.0999855	1	stimuli/foods\pepperoni_pizza.jpg	1	1	1	pepperoni_pizza	1	229	TF_106	0	0	0		0	0	448.5682513	448.6682368	0.0999855
27541.75	0.0999877	2	stimuli/foods\fennel.jpg	1	1	1	fennel	1	121	NF_036	1	0	0		0	0	448.7182482	448.8182359	0.0999877
27579.25	0.0999699	3	stimuli/foods\stew_with_potatoes_and_carrots.jpg	1	1	1	stew_with_potatoes_and_carrots	1	284	TF_139	0	0	0		0	0	448.8682625	448.9682324	0.0999699
27616.75	0.0999939	4	stimuli/foods\corncob.jpg	1	1	1	corncob	1	93	NF_051	1	0	0		0	0	449.0182374	449.1182313	0.0999939
27654.25	0.0999928	5	stimuli/non_foods\stim115_inanimate_furniture_sofa_3.png	1	1	1	sofa_3	0	273		NaN	0	0		0	0	449.1682364	449.2682292	0.0999928
27691.75	0.09999	6	stimuli/foods\croissant.jpg	1	1	1	croissant	1	100	TF_037	0	0	0		0	0	449.3182355	449.4182255	0.09999
27729.25	0.1001844	7	stimuli/non_foods\stim002_animate_bird_chicken_2.png	1	1	1	chicken_2	0	67		NaN	0	0		0	0	449.4682301	449.5684145	0.1001844
27766.75	0.0999897	8	stimuli/non_foods\stim021_animate_human_baby_1.png	1	1	1	baby_1	0	10		NaN	0	0		0	0	449.6182323	449.718222	0.0999897
27804.25	0.0999913	9	stimuli/foods\fruit_pie.jpg	1	1	1	fruit_pie	1	128	TF_147	0	0	0		0	0	449.7682345	449.8682258	0.0999913
27841.75	0.0999862	10	stimuli/foods\bagel.jpg	1	1	1	bagel	1	14	TF_005	0	0	0		0	0	449.9182327	450.0182189	0.0999862
27879.25	0.0999955	11	stimuli/non_foods\stim108_inanimate_furniture_chair_4.png	1	1	1	chair_4	0	63		NaN	0	0		0	0	450.0682249	450.1682204	0.0999955
27916.75	0.0999915	12	stimuli/foods\spinach.jpg	1	1	1	spinach	1	277	NF_094	1	0	0		0	0	450.2182263	450.3182178	0.0999915
27954.25	0.0999925	13	stimuli/non_foods\stim142_inanimate_tools_broom_2.png	1	1	1	broom_2	0	31		NaN	0	0		0	0	450.3682222	450.4682147	0.0999925
27991.75	0.1000144	14	stimuli/foods\spaghetti_with_olives_and_capers.jpg	1	1	1	spaghetti_with_olives_and_capers	1	276	TF_135	0	0	0		0	0	450.5182273	450.6182417	0.1000144
28029.25	0.0999669	15	stimuli/non_foods\stim098_inanimate_clothing_socks_2.png	1	1	1	socks_2	0	268		NaN	0	0		0	0	450.6682476	450.7682145	0.0999669
28066.75	0.0999996	16	stimuli/non_foods\stim145_inanimate_tools_hammer_1.png	1	1	1	hammer_1	0	151		NaN	0	0		0	0	450.8182134	450.918213	0.0999996
28104.25	0.1000019	17	stimuli/non_foods\stim148_inanimate_tools_hammer_4.png	1	1	1	hammer_4	0	154		NaN	0	0		0	0	450.9682109	451.0682128	0.1000019
28141.75	0.0999853	18	stimuli/foods\fruit_flan.jpg	1	1	1	fruit_flan	1	127	TF_093	0	0	0		0	0	451.118224	451.2182093	0.0999853
28179.25	0.0999925	19	stimuli/non_foods\stim151_inanimate_tools_pan_3.png	1	1	1	pan_3	0	207		NaN	0	0		0	0	451.268217	451.3682095	0.0999925
28216.75	0.0999937	20	stimuli/non_foods\stim077_animate_mammal_rhino_1.png	1	1	1	rhino_1	0	246		NaN	0	0		0	0	451.418214	451.5182077	0.0999937
28254.25	0.099988	21	stimuli/foods\hotdog.jpg	1	1	1	hotdog	1	161	TF_070	0	1	0		0	0	451.5682155	451.6682035	0.099988
28291.75	0.1000082	22	stimuli/non_foods\stim116_inanimate_furniture_sofa_4.png	1	1	1	sofa_4	0	274		NaN	0	0		0	0	451.7182076	451.8182158	0.1000082
28329.25	0.0999882	23	stimuli/foods\blue_cheese.jpg	1	1	1	blue_cheese	1	25	TF_066	0	0	1	f	0.3920894	1	451.8682129	451.9682011	0.0999882
28366.75	0.0999919	24	stimuli/foods\asparagus.jpg	1	1	1	asparagus	1	8	NF_010	1	0	0		0	0	452.0182128	452.1182047	0.0999919
28404.25	0.1000022	25	stimuli/non_foods\stim040_animate_human_sports_4.png	1	1	1	sports_4	0	281		NaN	0	0		0	0	452.1682011	452.2682033	0.1000022
28441.75	0.0999996	26	stimuli/non_foods\stim107_inanimate_furniture_chair_3.png	1	1	1	chair_3	0	62		NaN	0	0		0	0	452.3182071	452.4182067	0.0999996
28479.25	0.099961	27	stimuli/foods\artichoke.jpg	1	1	1	artichoke	1	7	NF_018	1	0	0		0	0	452.4682225	452.5681835	0.099961
28516.75	0.0999805	28	stimuli/foods\cream_donuts.jpg	1	1	1	cream_donuts	1	99	TF_014	0	0	0		0	0	452.6182079	452.7181884	0.0999805
28554.25	0.1000076	29	stimuli/non_foods\stim010_animate_bird_parrot_2.png	1	1	1	parrot_2	0	213		NaN	0	0		0	0	452.7681875	452.8681951	0.1000076
28591.75	0.099998	30	stimuli/non_foods\stim005_animate_bird_duck_1.png	1	1	1	duck_1	0	111		NaN	0	0		0	0	452.918197	453.018195	0.099998
28629.25	0.0999952	31	stimuli/non_foods\stim101_inanimate_furniture_bed_1.png	1	1	1	bed_1	0	19		NaN	0	0		0	0	453.0681966	453.1681918	0.0999952
28666.75	0.0999947	32	stimuli/non_foods\stim006_animate_bird_duck_2.png	1	1	1	duck_2	0	112		NaN	0	0		0	0	453.2181942	453.3181889	0.0999947
28704.25	0.0999947	33	stimuli/non_foods\stim023_animate_human_baby_3.png	1	1	1	baby_3	0	12		NaN	0	0		0	0	453.3681954	453.4681901	0.0999947
28741.75	0.0999662	34	stimuli/foods\potatoes.jpg	1	1	1	potatoes	1	237	NF_071	1	0	0		0	0	453.5182212	453.6181874	0.0999662
28779.25	0.0999976	35	stimuli/non_foods\stim086_inanimate_clothing_hat_2.png	1	1	1	hat_2	0	156		NaN	0	0		0	0	453.6681892	453.7681868	0.0999976
28816.75	0.0999907	36	stimuli/non_foods\stim110_inanimate_furniture_closet_2.png	1	1	1	closet_2	0	82		NaN	0	0		0	0	453.8181919	453.9181826	0.0999907
28854.25	0.0999945	37	stimuli/non_foods\stim011_animate_bird_parrot_3.png	1	1	1	parrot_3	0	214		NaN	0	0		0	0	453.968188	454.0681825	0.0999945
28891.75	0.1000233	38	stimuli/non_foods\stim044_animate_insect_ant_4.png	1	1	1	ant_4	0	4		NaN	0	0		0	0	454.1181897	454.218213	0.1000233
28929.25	0.0999874	39	stimuli/foods\honey.jpg	1	1	1	honey	1	160	NF_062	1	0	0		0	0	454.2681941	454.3681815	0.0999874
28966.75	0.0999921	40	stimuli/foods\raw_ham.jpg	1	1	1	raw_ham	1	242	TF_117	0	0	0		0	0	454.4181894	454.5181815	0.0999921
29004.25	0.099988	41	stimuli/foods\waffle.jpg	1	1	1	waffle	1	308	TF_030	0	0	0		0	0	454.5681886	454.6681766	0.099988
29041.75	0.0999976	42	stimuli/non_foods\stim028_animate_human_child_4.png	1	1	1	child_4	0	73		NaN	0	0		0	0	454.7181775	454.8181751	0.0999976
29079.25	0.0999926	43	stimuli/foods\mussels.jpg	1	1	1	mussels	1	195	TF_042	0	0	0		0	0	454.8681824	454.968175	0.0999926
29116.75	0.0999939	44	stimuli/non_foods\stim068_animate_mammal_giraffe_4.png	1	1	1	giraffe_4	0	135		NaN	0	0		0	0	455.0181787	455.1181726	0.0999939
29154.25	0.0999921	45	stimuli/foods\capsicum.jpg	1	1	1	capsicum	1	55	NF_076	1	0	0		0	0	455.1681798	455.2681719	0.0999921
29191.75	0.0999859	46	stimuli/foods\potato_chips.jpg	1	1	1	potato_chips	1	236	TF_097	0	0	0		0	0	455.3181819	455.4181678	0.0999859
29229.25	0.099986	47	stimuli/foods\hamburger.jpg	1	1	1	hamburger	1	150	TF_069	0	0	0		0	0	455.4681793	455.5681653	0.099986
29266.75	0.0999866	48	stimuli/foods\strawberry.jpg	1	1	1	strawberry	1	285	NF_037	1	0	0		0	0	455.6181795	455.7181661	0.0999866
29304.25	0.0999953	49	stimuli/non_foods\stim070_animate_mammal_kangaroo_2.png	1	1	1	kangaroo_2	0	169		NaN	0	0		0	0	455.7681693	455.8681646	0.0999953
29341.75	0.1000198	50	stimuli/non_foods\stim029_animate_human_clown_1.png	1	1	1	clown_1	0	85		NaN	0	0		0	0	455.9181721	456.0181919	0.1000198
29379.25	0.1000979	51	stimuli/foods\pea_pod.jpg	1	1	1	pea_pod	1	217	NF_082	1	0	0		0	0	456.0681684	456.1682663	0.1000979
29416.75	0.0999899	52	stimuli/non_foods\stim017_animate_bird_penguin_1.png	1	1	1	penguin_1	0	225		NaN	0	0		0	0	456.2181713	456.3181612	0.0999899
29454.25	0.0999928	53	stimuli/non_foods\stim041_animate_insect_ant_1.png	1	1	1	ant_1	0	1		NaN	1	0		0	0	456.3681676	456.4681604	0.0999928
29491.75	0.0999856	54	stimuli/foods\banana.jpg	1	1	1	banana	1	18	NF_013	1	0	0		0	0	456.5181708	456.6181564	0.0999856
29529.25	0.099994	55	stimuli/non_foods\stim138_inanimate_plants_tulip_2.png	1	1	1	tulip_2	0	304		NaN	0	1	a	0.3920805	1	456.6681594	456.7681534	0.099994
29566.75	0.0999923	56	stimuli/non_foods\stim132_inanimate_plants_sunflower_4.png	1	1	1	sunflower_4	0	289		NaN	0	0		0	0	456.8181639	456.9181562	0.0999923
29604.25	0.1000195	57	stimuli/non_foods\stim071_animate_mammal_kangaroo_3.png	1	1	1	kangaroo_3	0	170		NaN	0	0		0	0	456.9681555	457.068175	0.1000195
29641.75	0.0999991	58	stimuli/non_foods\stim080_animate_mammal_rhino_4.png	1	1	1	rhino_4	0	249		NaN	0	0		0	0	457.1181546	457.2181537	0.0999991
29679.25	0.0999861	59	stimuli/foods\pear.jpg	1	1	1	pear	1	223	NF_077	1	0	0		0	0	457.2681639	457.36815	0.0999861
29716.75	0.0999968	60	stimuli/non_foods\stim038_animate_human_sports_2.png	1	1	1	sports_2	0	279		NaN	0	0		0	0	457.4181515	457.5181483	0.0999968
29754.25	0.100002	61	stimuli/non_foods\stim099_inanimate_clothing_socks_3.png	1	1	1	socks_3	0	269		NaN	0	0		0	0	457.5681538	457.6681558	0.100002
29791.75	0.0999679	62	stimuli/foods\brussel_sprouts.jpg	1	1	1	brussel_sprouts	1	35	NF_021	1	0	0		0	0	457.718178	457.8181459	0.0999679
29829.25	0.0999764	63	stimuli/non_foods\stim056_animate_insect_dragonfly_4.png	1	1	1	dragonfly_4	0	109		NaN	0	0		0	0	457.8681696	457.968146	0.0999764
29866.75	0.0999881	64	stimuli/foods\cooked_ham.jpg	1	1	1	cooked_ham	1	91	TF_116	0	0	0		0	0	458.0181547	458.1181428	0.0999881
29904.25	0.0999985	65	stimuli/non_foods\stim085_inanimate_clothing_hat_1.png	1	1	1	hat_1	0	155		NaN	0	0		0	0	458.1681445	458.268143	0.0999985
29941.75	0.0999892	66	stimuli/foods\rice_cake.jpg	1	1	1	rice_cake	1	251	TF_059	0	0	0		0	0	458.3181507	458.4181399	0.0999892
29979.25	0.0999877	67	stimuli/foods\nectarine.jpg	1	1	1	nectarine	1	196	NF_078	1	0	0		0	0	458.4681518	458.5681395	0.0999877
30016.75	0.0999917	68	stimuli/foods\green_beans.jpg	1	1	1	green_beans	1	147	NF_034	1	0	0		0	0	458.6181471	458.7181388	0.0999917
30054.25	0.1000056	69	stimuli/foods\peas.jpg	1	1	1	peas	1	224	NF_081	1	0	0		0	0	458.7681462	458.8681518	0.1000056
30091.75	0.0999882	70	stimuli/foods\potato_and_green_bean_salad.jpg	1	1	1	potato_and_green_bean_salad	1	235	TF_072	0	0	0		0	0	458.9181459	459.0181341	0.0999882
30129.25	0.0999971	71	stimuli/non_foods\stim052_animate_insect_butterfly_4.png	1	1	1	butterfly_4	0	47		NaN	0	0		0	0	459.0681374	459.1681345	0.0999971
30166.75	0.099994	72	stimuli/non_foods\stim045_animate_insect_bug_1.png	1	1	1	bug_1	0	36		NaN	0	0		0	0	459.2181379	459.3181319	0.099994
30204.25	0.0999938	73	stimuli/non_foods\stim083_inanimate_clothing_gloves_3.png	1	1	1	gloves_3	0	138		NaN	0	0		0	0	459.3681396	459.4681334	0.0999938
30241.75	0.0999689	74	stimuli/foods\bread_roll.jpg	1	1	1	bread_roll	1	27	TF_090	0	0	0		0	0	459.518159	459.6181279	0.0999689
30279.25	0.0999905	75	stimuli/non_foods\stim135_inanimate_plants_tree_3.png	1	1	1	tree_3	0	301		NaN	0	0		0	0	459.6681349	459.7681254	0.0999905
30316.75	0.0999911	76	stimuli/foods\lemon.jpg	1	1	1	lemon	1	175	NF_049	1	0	0		0	0	459.8181354	459.9181265	0.0999911
30354.25	0.0999932	77	stimuli/non_foods\stim024_animate_human_baby_4.png	1	1	1	baby_4	0	13		NaN	0	0		0	0	459.9681311	460.0681243	0.0999932
30391.75	0.0999889	78	stimuli/foods\orange.jpg	1	1	1	orange	1	201	NF_008	1	0	0		0	0	460.1181352	460.2181241	0.0999889
30429.25	0.0999916	79	stimuli/foods\almonds.jpg	1	1	1	almonds	1	0	NF_053	1	0	0		0	0	460.2681323	460.3681239	0.0999916
30466.75	0.0999848	80	stimuli/foods\fries.jpg	1	1	1	fries	1	126	TF_094	0	0	0		0	0	460.4181338	460.5181186	0.0999848
30504.25	0.1000067	81	stimuli/foods\cucumber.jpg	1	1	1	cucumber	1	101	NF_026	1	0	0		0	0	460.5681263	460.668133	0.1000067
30541.75	0.0999915	82	stimuli/foods\avocado.jpg	1	1	1	avocado	1	9	NF_012	1	0	0		0	0	460.7181298	460.8181213	0.0999915
30579.25	0.0999981	83	stimuli/non_foods\stim092_inanimate_clothing_jeans_4.png	1	1	1	jeans_4	0	167		NaN	0	0		0	0	460.8681203	460.9681184	0.0999981
30616.75	0.0999878	84	stimuli/foods\linguine_with_clams.jpg	1	1	1	linguine_with_clams	1	181	TF_077	0	0	0		0	0	461.018126	461.1181138	0.0999878
30654.25	0.099989	85	stimuli/non_foods\stim054_animate_insect_dragonfly_2.png	1	1	1	dragonfly_2	0	107		NaN	0	0		0	0	461.1681188	461.2681078	0.099989
30691.75	0.099968	86	stimuli/foods\minestrone_soup.jpg	1	1	1	minestrone_soup	1	187	TF_160	0	0	0		0	0	461.3181423	461.4181103	0.099968
30729.25	0.0999923	87	stimuli/foods\tomato.jpg	1	1	1	tomato	1	298	NF_084	1	0	0		0	0	461.4681185	461.5681108	0.0999923
30766.75	0.0999954	88	stimuli/non_foods\stim051_animate_insect_butterfly_3.png	1	1	1	butterfly_3	0	46		NaN	0	0		0	0	461.6181147	461.7181101	0.0999954
30804.25	0.099995	89	stimuli/non_foods\stim097_inanimate_clothing_socks_1.png	1	1	1	socks_1	0	267		NaN	0	0		0	0	461.7681114	461.8681064	0.099995
30841.75	0.0999875	90	stimuli/foods\pork_and_rice.jpg	1	1	1	pork_and_rice	1	233	TF_080	0	0	0		0	0	461.9181193	462.0181068	0.0999875
30879.25	0.0999944	91	stimuli/non_foods\stim069_animate_mammal_kangaroo_1.png	1	1	1	kangaroo_1	0	168		NaN	0	0		0	0	462.0681091	462.1681035	0.0999944
30916.75	0.0999903	92	stimuli/foods\dates.jpg	1	1	1	dates	1	104	NF_032	1	0	0		0	0	462.2181144	462.3181047	0.0999903
30954.25	0.1000162	93	stimuli/non_foods\stim141_inanimate_tools_broom_1.png	1	1	1	broom_1	0	30		NaN	0	0		0	0	462.3681063	462.4681225	0.1000162
30991.75	0.0999899	94	stimuli/foods\apple.jpg	1	1	1	apple	1	5	NF_055	1	0	0		0	0	462.5181093	462.6180992	0.0999899
31029.25	0.1000054	95	stimuli/non_foods\stim016_animate_bird_peacock_4.png	1	1	1	peacock_4	0	222		NaN	0	0		0	0	462.6681039	462.7681093	0.1000054
31066.75	0.0999834	96	stimuli/foods\risotto_with_peas_and_asparagus_tips.jpg	1	1	1	risotto_with_peas_and_asparagus_tips	1	252	TF_123	0	0	0		0	0	462.8181099	462.9180933	0.0999834
31104.25	0.1000158	97	stimuli/non_foods\stim043_animate_insect_ant_3.png	1	1	1	ant_3	0	3		NaN	0	0		0	0	462.9680993	463.0681151	0.1000158
31141.75	0.0999829	98	stimuli/foods\baked_lamb_with_potatoes.jpg	1	1	1	baked_lamb_with_potatoes	1	17	TF_001	0	0	0		0	0	463.1181152	463.2180981	0.0999829
31179.25	0.1000143	99	stimuli/foods\watermelon.jpg	1	1	1	watermelon	1	309	NF_005	1	0	0		0	0	463.2680785	463.3680928	0.1000143
31216.75	0.0999901	100	stimuli/foods\fruit_salad.jpg	1	1	1	fruit_salad	1	129	NF_043	1	0	0		0	0	463.4181041	463.5180942	0.0999901
31254.25	0.0999965	101	stimuli/non_foods\stim152_inanimate_tools_pan_4.png	1	1	1	pan_4	0	208		NaN	0	0		0	0	463.5680935	463.66809	0.0999965
31291.75	0.0999953	102	stimuli/non_foods\stim061_animate_mammal_cow_1.png	1	1	1	cow_1	0	94		NaN	0	0		0	0	463.718092	463.8180873	0.0999953
31329.25	0.0999979	103	stimuli/non_foods\stim104_inanimate_furniture_bed_4.png	1	1	1	bed_4	0	22		NaN	0	0		0	0	463.8680919	463.9680898	0.0999979
31366.75	0.0999935	104	stimuli/non_foods\stim001_animate_bird_chicken_1.png	1	1	1	chicken_1	0	66		NaN	0	0		0	0	464.0180928	464.1180863	0.0999935
31404.25	0.0999821	105	stimuli/foods\fried_zucchini.jpg	1	1	1	fried_zucchini	1	125	TF_159	0	0	0		0	0	464.1681116	464.2680937	0.0999821
31441.75	0.0999891	106	stimuli/foods\figs.jpg	1	1	1	figs	1	122	NF_035	1	0	0		0	0	464.3180949	464.418084	0.0999891
31479.25	0.0999933	107	stimuli/non_foods\stim125_inanimate_plants_cactus_1.png	1	1	1	cactus_1	0	49		NaN	1	0		0	0	464.468087	464.5680803	0.0999933
31516.75	0.0999914	108	stimuli/foods\ginger_root.jpg	1	1	1	ginger_root	1	131	NF_088	1	0	0		0	0	464.6180914	464.7180828	0.0999914
31554.25	0.1000095	109	stimuli/non_foods\stim095_inanimate_clothing_shirt_3.png	1	1	1	shirt_3	0	264		NaN	0	1	a	0.3920949	1	464.768091	464.8681005	0.1000095
31591.75	0.0999779	110	stimuli/foods\salami.jpg	1	1	1	salami	1	255	TF_127	0	0	0		0	0	464.9181013	465.0180792	0.0999779
31629.25	0.1000031	111	stimuli/foods\spaghetti_with_meat_sauce.jpg	1	1	1	spaghetti_with_meat_sauce	1	275	TF_137	0	0	0		0	0	465.0680876	465.1680907	0.1000031
31666.75	0.0999882	112	stimuli/foods\cinnamon_sroll.jpg	1	1	1	cinnamon_sroll	1	80	TF_021	0	0	0		0	0	465.2180846	465.3180728	0.0999882
31704.25	0.0999997	113	stimuli/foods\wafer.jpg	1	1	1	wafer	1	307	TF_155	0	0	0		0	0	465.3680834	465.4680831	0.0999997
31741.75	0.0999936	114	stimuli/non_foods\stim032_animate_human_clown_4.png	1	1	1	clown_4	0	88		NaN	0	0		0	0	465.5180766	465.6180702	0.0999936
31779.25	0.0999957	115	stimuli/non_foods\stim003_animate_bird_chicken_3.png	1	1	1	chicken_3	0	68		NaN	0	0		0	0	465.668073	465.7680687	0.0999957
31816.75	0.0999934	116	stimuli/non_foods\stim081_inanimate_clothing_gloves_1.png	1	1	1	gloves_1	0	136		NaN	0	0		0	0	465.8180772	465.9180706	0.0999934
31854.25	0.0999815	117	stimuli/non_foods\stim018_animate_bird_penguin_2.png	1	1	1	penguin_2	0	226		NaN	0	0		0	0	465.968085	466.0680665	0.0999815
31891.75	0.0999964	118	stimuli/non_foods\stim105_inanimate_furniture_chair_1.png	1	1	1	chair_1	0	60		NaN	0	0		0	0	466.118071	466.2180674	0.0999964
31929.25	0.0999877	119	stimuli/foods\ice_cream_sandwich.jpg	1	1	1	ice_cream_sandwich	1	163	TF_061	0	0	0		0	0	466.2680747	466.3680624	0.0999877
31966.75	0.0999986	120	stimuli/non_foods\stim139_inanimate_plants_tulip_3.png	1	1	1	tulip_3	0	305		NaN	0	0		0	0	466.4180648	466.5180634	0.0999986
32004.25	0.100009	121	stimuli/foods\raw_sausage.jpg	1	1	1	raw_sausage	1	243	TF_131	0	0	0		0	0	466.5680818	466.6680908	0.100009
32041.75	0.0999852	122	stimuli/foods\peach.jpg	1	1	1	peach	1	218	NF_079	1	0	0		0	0	466.7180723	466.8180575	0.0999852
32079.25	0.0999988	123	stimuli/non_foods\stim119_inanimate_furniture_table_3.png	1	1	1	table_3	0	293		NaN	0	0		0	0	466.8680601	466.9680589	0.0999988
32116.75	0.0999958	124	stimuli/non_foods\stim136_inanimate_plants_tree_4.png	1	1	1	tree_4	0	302		NaN	0	0		0	0	467.0180627	467.1180585	0.0999958
32154.25	0.0999884	125	stimuli/foods\parmesan_cheese.jpg	1	1	1	parmesan_cheese	1	211	TF_091	0	0	0		0	0	467.1680651	467.2680535	0.0999884
32191.75	0.0999935	126	stimuli/foods\lettuce.jpg	1	1	1	lettuce	1	178	NF_046	1	0	0		0	0	467.3180652	467.4180587	0.0999935
32229.25	0.0999872	127	stimuli/foods\frankfurters.jpg	1	1	1	frankfurters	1	123	TF_156	0	0	0		0	0	467.4680639	467.5680511	0.0999872
32266.75	0.0999888	128	stimuli/foods\brownie.jpg	1	1	1	brownie	1	34	TF_011	0	0	0		0	0	467.6180625	467.7180513	0.0999888
32304.25	0.0999927	129	stimuli/non_foods\stim012_animate_bird_parrot_4.png	1	1	1	parrot_4	0	215		NaN	0	0		0	0	467.7680596	467.8680523	0.0999927
32341.75	0.0999956	130	stimuli/non_foods\stim019_animate_bird_penguin_3.png	1	1	1	penguin_3	0	227		NaN	0	0		0	0	467.9180523	468.0180479	0.0999956
32379.25	0.1	131	stimuli/non_foods\stim090_inanimate_clothing_jeans_2.png	1	1	1	jeans_2	0	165		NaN	0	0		0	0	468.0680524	468.1680524	0.1
32416.75	0.0999984	132	stimuli/non_foods\stim153_inanimate_tools_scissors_1.png	1	1	1	scissors_1	0	258		NaN	0	0		0	0	468.2180484	468.3180468	0.0999984
32454.25	0.0999744	133	stimuli/non_foods\stim134_inanimate_plants_tree_2.png	1	1	1	tree_2	0	300		NaN	0	0		0	0	468.3680833	468.4680577	0.0999744
32491.75	0.0999903	134	stimuli/foods\green_olives.jpg	1	1	1	green_olives	1	148	TF_085	0	0	0		0	0	468.5180534	468.6180437	0.0999903
32529.25	0.099987	135	stimuli/foods\cauliflower.jpg	1	1	1	cauliflower	1	57	NF_022	1	0	0		0	0	468.6680523	468.7680393	0.099987
32566.75	0.0999984	136	stimuli/non_foods\stim008_animate_bird_duck_4.png	1	1	1	duck_4	0	114		NaN	0	0		0	0	468.8180443	468.9180427	0.0999984
32604.25	0.0999836	137	stimuli/foods\pancakes.jpg	1	1	1	pancakes	1	209	TF_058	0	0	0		0	0	468.9680498	469.0680334	0.0999836
32641.75	0.0999877	138	stimuli/foods\cuttlefish.jpg	1	1	1	cuttlefish	1	103	NF_093	1	0	0		0	0	469.1180494	469.2180371	0.0999877
32679.25	0.0999911	139	stimuli/foods\cherry.jpg	1	1	1	cherry	1	64	NF_027	1	0	0		0	0	469.2680474	469.3680385	0.0999911
32716.75	0.1000118	140	stimuli/non_foods\stim009_animate_bird_parrot_1.png	1	1	1	parrot_1	0	212		NaN	0	0		0	0	469.4180409	469.5180527	0.1000118
32754.25	0.0999774	141	stimuli/foods\fried_calamari.jpg	1	1	1	fried_calamari	1	124	TF_020	0	0	0		0	0	469.5680621	469.6680395	0.0999774
32791.75	0.0999961	142	stimuli/non_foods\stim004_animate_bird_chicken_4.png	1	1	1	chicken_4	0	69		NaN	0	0		0	0	469.7180388	469.8180349	0.0999961
32829.25	0.0999984	143	stimuli/non_foods\stim130_inanimate_plants_sunflower_2.png	1	1	1	sunflower_2	0	287		NaN	0	0		0	0	469.8680305	469.9680289	0.0999984
32866.75	0.099999	144	stimuli/non_foods\stim065_animate_mammal_giraffe_1.png	1	1	1	giraffe_1	0	132		NaN	0	0		0	0	470.0180335	470.1180325	0.099999
32904.25	0.0999654	145	stimuli/foods\cracker.jpg	1	1	1	cracker	1	98	TF_043	0	0	0		0	0	470.1680627	470.2680281	0.0999654
32941.75	0.0999902	146	stimuli/foods\red_cabbage.jpg	1	1	1	red_cabbage	1	245	NF_023	1	0	0		0	0	470.3180361	470.4180263	0.0999902
32979.25	0.0999966	147	stimuli/non_foods\stim118_inanimate_furniture_table_2.png	1	1	1	table_2	0	292		NaN	0	0		0	0	470.4680308	470.5680274	0.0999966
33016.75	0.0999887	148	stimuli/foods\lollies.jpg	1	1	1	lollies	1	183	TF_026	0	0	0		0	0	470.6180314	470.7180201	0.0999887
33054.25	0.0999925	149	stimuli/foods\pork_loin_with_peas.jpg	1	1	1	pork_loin_with_peas	1	234	TF_003	0	0	0		0	0	470.7680311	470.8680236	0.0999925
33091.75	0.0999896	150	stimuli/foods\lasagna.jpg	1	1	1	lasagna	1	174	TF_076	0	0	0		0	0	470.918032	471.0180216	0.0999896
33129.25	0.0999814	151	stimuli/foods\oven-roasted_tomatoes.jpg	1	1	1	oven-roasted_tomatoes	1	203	TF_114	0	0	0		0	0	471.0680384	471.1680198	0.0999814
33166.75	0.1000108	152	stimuli/non_foods\stim089_inanimate_clothing_jeans_1.png	1	1	1	jeans_1	0	164		NaN	0	0		0	0	471.2180225	471.3180333	0.1000108
33204.25	0.0999901	153	stimuli/foods\mortadella.jpg	1	1	1	mortadella	1	192	TF_083	0	0	0		0	0	471.3680254	471.4680155	0.0999901
33241.75	0.0999955	154	stimuli/non_foods\stim074_animate_mammal_monkey_2.png	1	1	1	monkey_2	0	189		NaN	0	0		0	0	471.5180205	471.618016	0.0999955
33279.25	0.099992	155	stimuli/non_foods\stim084_inanimate_clothing_gloves_4.png	1	1	1	gloves_4	0	139		NaN	0	0		0	0	471.6680207	471.7680127	0.099992
33316.75	0.1000171	156	stimuli/non_foods\stim079_animate_mammal_rhino_3.png	1	1	1	rhino_3	0	248		NaN	0	0		0	0	471.8180165	471.9180336	0.1000171
33766.75	0.0999948	157	stimuli/non_foods\stim112_inanimate_furniture_closet_4.png	1	2	1	closet_4	0	84		NaN	0	0		0	0	473.6180102	473.718005	0.0999948
33804.25	0.0999769	158	stimuli/non_foods\stim042_animate_insect_ant_2.png	1	2	1	ant_2	0	2		NaN	0	0		0	0	473.7680159	473.8679928	0.0999769
33841.75	0.0999985	159	stimuli/non_foods\stim147_inanimate_tools_hammer_3.png	1	2	1	hammer_3	0	153		NaN	0	0		0	0	473.917994	474.0179925	0.0999985
33879.25	0.1000046	160	stimuli/non_foods\stim137_inanimate_plants_tulip_1.png	1	2	1	tulip_1	0	303		NaN	0	0		0	0	474.0679946	474.1679992	0.1000046
33916.75	0.0999937	161	stimuli/non_foods\stim106_inanimate_furniture_chair_2.png	1	2	1	chair_2	0	61		NaN	0	0		0	0	474.2179954	474.3179891	0.0999937
33954.25	0.099991	162	stimuli/foods\chocolate_pudding.jpg	1	2	1	chocolate_pudding	1	78	TF_018	0	0	0		0	0	474.3679981	474.4679891	0.099991
33991.75	0.0999885	163	stimuli/non_foods\stim096_inanimate_clothing_shirt_4.png	1	2	1	shirt_4	0	265		NaN	0	0		0	0	474.5179972	474.6179857	0.0999885
34029.25	0.0999975	164	stimuli/non_foods\stim059_animate_insect_grasshopper_3.png	1	2	1	grasshopper_3	0	145		NaN	0	0		0	0	474.667987	474.7679845	0.0999975
34066.75	0.0999971	165	stimuli/non_foods\stim113_inanimate_furniture_sofa_1.png	1	2	1	sofa_1	0	271		NaN	0	0		0	0	474.8180112	474.9180083	0.0999971
34104.25	0.0999967	166	stimuli/non_foods\stim088_inanimate_clothing_hat_4.png	1	2	1	hat_4	0	158		NaN	0	0		0	0	474.9679866	475.0679833	0.0999967
34141.75	0.0999773	167	stimuli/foods\museli_bars.jpg	1	2	1	museli_bars	1	193	TF_008	0	0	0		0	0	475.117983	475.2179603	0.0999773
34179.25	0.0999882	168	stimuli/foods\pomegranate.jpg	1	2	1	pomegranate	1	232	NF_058	1	0	0		0	0	475.2679911	475.3679793	0.0999882
34216.75	0.0999977	169	stimuli/foods\prawn.jpg	1	2	1	prawn	1	238	NF_041	1	0	0		0	0	475.4180006	475.5179983	0.0999977
34254.25	0.0999897	170	stimuli/foods\hazelnuts.jpg	1	2	1	hazelnuts	1	159	NF_065	1	0	0		0	0	475.567989	475.6679787	0.0999897
34291.75	0.0999879	171	stimuli/foods\pineapple.jpg	1	2	1	pineapple	1	231	NF_004	1	0	0		0	0	475.7179851	475.817973	0.0999879
34329.25	0.0999896	172	stimuli/foods\broccoli.jpg	1	2	1	broccoli	1	29	NF_016	1	0	0		0	0	475.867985	475.9679746	0.0999896
34366.75	0.099986	173	stimuli/foods\swordfish.jpg	1	2	1	swordfish	1	290	TF_101	0	0	0		0	0	476.0179836	476.1179696	0.099986
34404.25	0.1000087	174	stimuli/non_foods\stim022_animate_human_baby_2.png	1	2	1	baby_2	0	11		NaN	0	0		0	0	476.1679628	476.2679715	0.1000087
34441.75	0.0999965	175	stimuli/non_foods\stim030_animate_human_clown_2.png	1	2	1	clown_2	0	86		NaN	0	0		0	0	476.3179745	476.417971	0.0999965
34479.25	0.0999948	176	stimuli/non_foods\stim033_animate_human_faces_1.png	1	2	1	faces_1	0	117		NaN	0	0		0	0	476.4679731	476.5679679	0.0999948
34516.75	0.1000062	177	stimuli/foods\coffee_beans.jpg	1	2	1	coffee_beans	1	90	TF_029	0	0	0		0	0	476.6179777	476.7179839	0.1000062
34554.25	0.0999914	178	stimuli/non_foods\stim140_inanimate_plants_tulip_4.png	1	2	1	tulip_4	0	306		NaN	1	0		0	0	476.7679693	476.8679607	0.0999914
34591.75	0.0999948	179	stimuli/non_foods\stim063_animate_mammal_cow_3.png	1	2	1	cow_3	0	96		NaN	0	0		0	0	476.9179675	477.0179623	0.0999948
34629.25	0.0999976	180	stimuli/foods\apricot.jpg	1	2	1	apricot	1	6	NF_002	1	0	1	a	0.3920946	1	477.0679683	477.1679659	0.0999976
34666.75	0.1000097	181	stimuli/non_foods\stim078_animate_mammal_rhino_2.png	1	2	1	rhino_2	0	247		NaN	0	0		0	0	477.2179744	477.3179841	0.1000097
34704.25	0.0999925	182	stimuli/non_foods\stim048_animate_insect_bug_4.png	1	2	1	bug_4	0	39		NaN	0	0		0	0	477.3679648	477.4679573	0.0999925
34741.75	0.0999786	183	stimuli/non_foods\stim072_animate_mammal_kangaroo_4.png	1	2	1	kangaroo_4	0	171		NaN	0	0		0	0	477.5179744	477.617953	0.0999786
34779.25	0.0999878	184	stimuli/foods\grilled_chicken_breast.jpg	1	2	1	grilled_chicken_breast	1	149	TF_104	0	0	0		0	0	477.6679573	477.7679451	0.0999878
34816.75	0.0999987	185	stimuli/non_foods\stim128_inanimate_plants_cactus_4.png	1	2	1	cactus_4	0	52		NaN	0	0		0	0	477.8179615	477.9179602	0.0999987
34854.25	0.0999877	186	stimuli/foods\lentils.jpg	1	2	1	lentils	1	177	NF_047	1	0	0		0	0	477.967967	478.0679547	0.0999877
34891.75	0.1000004	187	stimuli/non_foods\stim039_animate_human_sports_3.png	1	2	1	sports_3	0	280		NaN	0	0		0	0	478.1179543	478.2179547	0.1000004
34929.25	0.0999886	188	stimuli/foods\papaya.jpg	1	2	1	papaya	1	210	NF_069	1	0	0		0	0	478.2679623	478.3679509	0.0999886
34966.75	0.0999888	189	stimuli/non_foods\stim093_inanimate_clothing_shirt_1.png	1	2	1	shirt_1	0	262		NaN	0	0		0	0	478.4179586	478.5179474	0.0999888
35004.25	0.0999955	190	stimuli/non_foods\stim131_inanimate_plants_sunflower_3.png	1	2	1	sunflower_3	0	288		NaN	0	0		0	0	478.5679526	478.6679481	0.0999955
35041.75	0.0999967	191	stimuli/non_foods\stim157_inanimate_tools_wrench_1.png	1	2	1	wrench_1	0	310		NaN	0	0		0	0	478.7179509	478.8179476	0.0999967
35079.25	0.0999973	192	stimuli/foods\kiwi.jpg	1	2	1	kiwi	1	172	NF_044	1	0	0		0	0	478.8679533	478.9679506	0.0999973
35116.75	0.0999733	193	stimuli/foods\beetroots.jpg	1	2	1	beetroots	1	23	NF_015	1	0	0		0	0	479.0179774	479.1179507	0.0999733
35154.25	0.0999943	194	stimuli/non_foods\stim111_inanimate_furniture_closet_3.png	1	2	1	closet_3	0	83		NaN	0	0		0	0	479.1679472	479.2679415	0.0999943
35191.75	0.099988	195	stimuli/foods\taco.jpg	1	2	1	taco	1	295	TF_141	0	0	0		0	0	479.3179532	479.4179412	0.099988
35229.25	0.0999927	196	stimuli/foods\chocolate_chip_cookies.jpg	1	2	1	chocolate_chip_cookies	1	76	TF_010	0	0	0		0	0	479.4679491	479.5679418	0.0999927
35266.75	0.0999853	197	stimuli/foods\mandarin.jpg	1	2	1	mandarin	1	184	NF_052	1	0	0		0	0	479.617951	479.7179363	0.0999853
35304.25	0.099996	198	stimuli/non_foods\stim124_inanimate_plants_bush_4.png	1	2	1	bush_4	0	43		NaN	0	0		0	0	479.7679373	479.8679333	0.099996
35341.75	0.0999915	199	stimuli/non_foods\stim082_inanimate_clothing_gloves_2.png	1	2	1	gloves_2	0	137		NaN	0	0		0	0	479.9179431	480.0179346	0.0999915
35379.25	0.0999786	200	stimuli/foods\licorice.jpg	1	2	1	licorice	1	179	TF_078	0	0	0		0	0	480.0679432	480.1679218	0.0999786
35416.75	0.0999982	201	stimuli/non_foods\stim057_animate_insect_grasshopper_1.png	1	2	1	grasshopper_1	0	143		NaN	0	0		0	0	480.2179335	480.3179317	0.0999982
35454.25	0.0999864	202	stimuli/foods\omelette.jpg	1	2	1	omelette	1	199	TF_057	0	0	0		0	0	480.3679452	480.4679316	0.0999864
35491.75	0.0999868	203	stimuli/foods\mushroom.jpg	1	2	1	mushroom	1	194	NF_039	1	0	0		0	0	480.5179395	480.6179263	0.0999868
35529.25	0.0999962	204	stimuli/foods\egg.jpg	1	2	1	egg	1	115	NF_095	1	0	0		0	0	480.6679389	480.7679351	0.0999962
35566.75	0.0999639	205	stimuli/foods\cooked_prawn.jpg	1	2	1	cooked_prawn	1	92	TF_060	0	0	0		0	0	480.8179607	480.9179246	0.0999639
35604.25	0.0999983	206	stimuli/non_foods\stim037_animate_human_sports_1.png	1	2	1	sports_1	0	278		NaN	0	0		0	0	480.9679269	481.0679252	0.0999983
35641.75	0.0999923	207	stimuli/foods\ice_cream.jpg	1	2	1	ice_cream	1	162	TF_062	0	0	0		0	0	481.1179332	481.2179255	0.0999923
35679.25	0.0999877	208	stimuli/foods\baguette.jpg	1	2	1	baguette	1	15	TF_006	0	0	0		0	0	481.267932	481.3679197	0.0999877
35716.75	0.0999952	209	stimuli/non_foods\stim150_inanimate_tools_pan_2.png	1	2	1	pan_2	0	206		NaN	0	0		0	0	481.4179275	481.5179227	0.0999952
35754.25	0.0999801	210	stimuli/non_foods\stim149_inanimate_tools_pan_1.png	1	2	1	pan_1	0	205		NaN	0	0		0	0	481.5679395	481.6679196	0.0999801
35791.75	0.1000236	211	stimuli/non_foods\stim144_inanimate_tools_broom_4.png	1	2	1	broom_4	0	33		NaN	0	0		0	0	481.717895	481.8179186	0.1000236
35829.25	0.1000029	212	stimuli/foods\toast.jpg	1	2	1	toast	1	296	TF_053	0	0	0		0	0	481.8679316	481.9679345	0.1000029
35866.75	0.0999959	213	stimuli/non_foods\stim060_animate_insect_grasshopper_4.png	1	2	1	grasshopper_4	0	146		NaN	0	0		0	0	482.0179184	482.1179143	0.0999959
35904.25	0.0999989	214	stimuli/non_foods\stim031_animate_human_clown_3.png	1	2	1	clown_3	0	87		NaN	0	0		0	0	482.1679182	482.2679171	0.0999989
35941.75	0.0999684	215	stimuli/foods\steak.jpg	1	2	1	steak	1	283	TF_013	0	0	0		0	0	482.3179464	482.4179148	0.0999684
35979.25	0.1000123	216	stimuli/foods\rockmelon.jpg	1	2	1	rockmelon	1	254	NF_060	1	0	0		0	0	482.4679183	482.5679306	0.1000123
36016.75	0.0999877	217	stimuli/foods\pickles.jpg	1	2	1	pickles	1	230	TF_134	0	0	0		0	0	482.6179237	482.7179114	0.0999877
36054.25	0.0999929	218	stimuli/non_foods\stim055_animate_insect_dragonfly_3.png	1	2	1	dragonfly_3	0	108		NaN	0	0		0	0	482.7679126	482.8679055	0.0999929
36091.75	0.0999943	219	stimuli/non_foods\stim014_animate_bird_peacock_2.png	1	2	1	peacock_2	0	220		NaN	0	0		0	0	482.9179156	483.0179099	0.0999943
36129.25	0.0999801	220	stimuli/non_foods\stim091_inanimate_clothing_jeans_3.png	1	2	1	jeans_3	0	166		NaN	0	0		0	0	483.067913	483.1678931	0.0999801
36166.75	0.0999888	221	stimuli/foods\celery.jpg	1	2	1	celery	1	58	NF_092	1	0	0		0	0	483.2179144	483.3179032	0.0999888
36204.25	0.0999886	222	stimuli/foods\pumpkin.jpg	1	2	1	pumpkin	1	239	NF_101	1	0	0		0	0	483.367915	483.4679036	0.0999886
36241.75	0.0999893	223	stimuli/foods\toasted_bread_with_tomatoes.jpg	1	2	1	toasted_bread_with_tomatoes	1	297	TF_017	0	0	0		0	0	483.5179127	483.617902	0.0999893
36279.25	0.1000206	224	stimuli/foods\onion.jpg	1	2	1	onion	1	200	NF_029	1	0	0		0	0	483.6679114	483.767932	0.1000206
36316.75	0.0999976	225	stimuli/non_foods\stim047_animate_insect_bug_3.png	1	2	1	bug_3	0	38		NaN	0	0		0	0	483.8179033	483.9179009	0.0999976
36354.25	0.0999916	226	stimuli/foods\rice.jpg	1	2	1	rice	1	250	TF_121	0	0	0		0	0	483.9679053	484.0678969	0.0999916
36391.75	0.0999884	227	stimuli/foods\lobster.jpg	1	2	1	lobster	1	182	NF_007	1	0	0		0	0	484.1179077	484.2178961	0.0999884
36429.25	0.100018	228	stimuli/foods\lime.jpg	1	2	1	lime	1	180	NF_048	1	0	0		0	0	484.2679074	484.3679254	0.100018
36466.75	0.0999594	229	stimuli/foods\eggplant.jpg	1	2	1	eggplant	1	116	NF_059	1	1	0		0	0	484.4179313	484.5178907	0.0999594
36504.25	0.099991	230	stimuli/non_foods\stim155_inanimate_tools_scissors_3.png	1	2	1	scissors_3	0	260		NaN	0	0		0	0	484.5679007	484.6678917	0.099991
36541.75	0.0999938	231	stimuli/non_foods\stim117_inanimate_furniture_table_1.png	1	2	1	table_1	0	291		NaN	0	1	a	0.3920547	1	484.7178957	484.8178895	0.0999938
36579.25	0.0999851	232	stimuli/foods\garlic.jpg	1	2	1	garlic	1	130	NF_001	1	0	0		0	0	484.8679016	484.9678867	0.0999851
36616.75	0.0999929	233	stimuli/non_foods\stim062_animate_mammal_cow_2.png	1	2	1	cow_2	0	95		NaN	0	0		0	0	485.017893	485.1178859	0.0999929
36654.25	0.1000012	234	stimuli/foods\pasta_carbonara.jpg	1	2	1	pasta_carbonara	1	216	TF_027	0	0	0		0	0	485.1678841	485.2678853	0.1000012
36691.75	0.0999915	235	stimuli/foods\carrot.jpg	1	2	1	carrot	1	56	NF_019	1	0	0		0	0	485.3178954	485.4178869	0.0999915
36729.25	0.0999951	236	stimuli/non_foods\stim100_inanimate_clothing_socks_4.png	1	2	1	socks_4	0	270		NaN	0	0		0	0	485.4678987	485.5678938	0.0999951
36766.75	0.0999959	237	stimuli/non_foods\stim020_animate_bird_penguin_4.png	1	2	1	penguin_4	0	228		NaN	0	0		0	0	485.6178843	485.7178802	0.0999959
36804.25	0.0999969	238	stimuli/non_foods\stim123_inanimate_plants_bush_3.png	1	2	1	bush_3	0	42		NaN	0	0		0	0	485.7678837	485.8678806	0.0999969
36841.75	0.0999861	239	stimuli/foods\chestnut.jpg	1	2	1	chestnut	1	65	NF_020	1	0	0		0	0	485.9178892	486.0178753	0.0999861
36879.25	0.1000134	240	stimuli/non_foods\stim053_animate_insect_dragonfly_1.png	1	2	1	dragonfly_1	0	106		NaN	0	0		0	0	486.0678793	486.1678927	0.1000134
36916.75	0.0999813	241	stimuli/non_foods\stim159_inanimate_tools_wrench_3.png	1	2	1	wrench_3	0	312		NaN	0	0		0	0	486.2178932	486.3178745	0.0999813
36954.25	0.0999927	242	stimuli/non_foods\stim050_animate_insect_butterfly_2.png	1	2	1	butterfly_2	0	45		NaN	0	0		0	0	486.3678784	486.4678711	0.0999927
36991.75	0.0999877	243	stimuli/non_foods\stim094_inanimate_clothing_shirt_2.png	1	2	1	shirt_2	0	263		NaN	0	0		0	0	486.517883	486.6178707	0.0999877
37029.25	0.0999806	244	stimuli/foods\chocolate_pralines.jpg	1	2	1	chocolate_pralines	1	77	TF_035	0	0	0		0	0	486.6678899	486.7678705	0.0999806
37066.75	0.0999952	245	stimuli/non_foods\stim035_animate_human_faces_3.png	1	2	1	faces_3	0	119		NaN	0	0		0	0	486.8178783	486.9178735	0.0999952
37104.25	0.0999857	246	stimuli/foods\lemon_meringue_pie.jpg	1	2	1	lemon_meringue_pie	1	176	TF_151	0	0	0		0	0	486.9678799	487.0678656	0.0999857
37141.75	0.0999971	247	stimuli/non_foods\stim156_inanimate_tools_scissors_4.png	1	2	1	scissors_4	0	261		NaN	0	0		0	0	487.1178699	487.217867	0.0999971
37179.25	0.099982	248	stimuli/non_foods\stim034_animate_human_faces_2.png	1	2	1	faces_2	0	118		NaN	0	0		0	0	487.2678853	487.3678673	0.099982
37216.75	0.0999947	249	stimuli/non_foods\stim158_inanimate_tools_wrench_2.png	1	2	1	wrench_2	0	311		NaN	0	0		0	0	487.4178688	487.5178635	0.0999947
37254.25	0.1000015	250	stimuli/non_foods\stim154_inanimate_tools_scissors_2.png	1	2	1	scissors_2	0	259		NaN	0	0		0	0	487.5678642	487.6678657	0.1000015
37291.75	0.0999956	251	stimuli/non_foods\stim067_animate_mammal_giraffe_3.png	1	2	1	giraffe_3	0	134		NaN	0	0		0	0	487.7178649	487.8178605	0.0999956
37329.25	0.1000359	252	stimuli/foods\baked_cod_with_carrots_and_green_beans.jpg	1	2	1	baked_cod_with_carrots_and_green_beans	1	16	TF_082	0	0	0		0	0	487.8678743	487.9679102	0.1000359
37366.75	0.0999986	253	stimuli/non_foods\stim126_inanimate_plants_cactus_2.png	1	2	1	cactus_2	0	50		NaN	0	0		0	0	488.0178627	488.1178613	0.0999986
37404.25	0.1000024	254	stimuli/foods\calamari.jpg	1	2	1	calamari	1	53	TF_019	0	0	0		0	0	488.1678547	488.2678571	0.1000024
37441.75	0.0999983	255	stimuli/non_foods\stim013_animate_bird_peacock_1.png	1	2	1	peacock_1	0	219		NaN	0	0		0	0	488.3178611	488.4178594	0.0999983
37479.25	0.0999917	256	stimuli/non_foods\stim129_inanimate_plants_sunflower_1.png	1	2	1	sunflower_1	0	286		NaN	0	0		0	0	488.4678616	488.5678533	0.0999917
37516.75	0.0999959	257	stimuli/non_foods\stim120_inanimate_furniture_table_4.png	1	2	1	table_4	0	294		NaN	0	0		0	0	488.6178544	488.7178503	0.0999959
37554.25	0.0999928	258	stimuli/foods\smoked_ham.jpg	1	2	1	smoked_ham	1	266	TF_118	0	0	0		0	0	488.7678619	488.8678547	0.0999928
37591.75	0.0999877	259	stimuli/foods\blackberry.jpg	1	2	1	blackberry	1	24	NF_063	1	0	0		0	0	488.9178616	489.0178493	0.0999877
37629.25	0.1000029	260	stimuli/non_foods\stim075_animate_mammal_monkey_3.png	1	2	1	monkey_3	0	190		NaN	0	0		0	0	489.0678574	489.1678603	0.1000029
37666.75	0.1000107	261	stimuli/non_foods\stim049_animate_insect_butterfly_1.png	1	2	1	butterfly_1	0	44		NaN	0	0		0	0	489.2178358	489.3178465	0.1000107
37704.25	0.0999904	262	stimuli/foods\grapefruits.jpg	1	2	1	grapefruits	1	141	NF_085	1	0	0		0	0	489.3678542	489.4678446	0.0999904
37741.75	0.099999	263	stimuli/non_foods\stim073_animate_mammal_monkey_1.png	1	2	1	monkey_1	0	188		NaN	0	0		0	0	489.5178485	489.6178475	0.099999
37779.25	0.0999852	264	stimuli/foods\brie.jpg	1	2	1	brie	1	28	TF_016	0	0	0		0	0	489.667874	489.7678592	0.0999852
37816.75	0.0999883	265	stimuli/foods\gnocchi.jpg	1	2	1	gnocchi	1	140	TF_064	0	0	0		0	0	489.8178521	489.9178404	0.0999883
37854.25	0.0999878	266	stimuli/foods\cabbage.jpg	1	2	1	cabbage	1	48	NF_025	1	0	0		0	0	489.9678541	490.0678419	0.0999878
37891.75	0.0999959	267	stimuli/non_foods\stim007_animate_bird_duck_3.png	1	2	1	duck_3	0	113		NaN	0	0		0	0	490.1178446	490.2178405	0.0999959
37929.25	0.0999917	268	stimuli/foods\dried_figs.jpg	1	2	1	dried_figs	1	110	TF_054	0	0	0		0	0	490.2678464	490.3678381	0.0999917
37966.75	0.0999944	269	stimuli/non_foods\stim036_animate_human_faces_4.png	1	2	1	faces_4	0	120		NaN	0	0		0	0	490.4178419	490.5178363	0.0999944
38004.25	0.0999933	270	stimuli/non_foods\stim103_inanimate_furniture_bed_3.png	1	2	1	bed_3	0	21		NaN	0	0		0	0	490.5678403	490.6678336	0.0999933
38041.75	0.1000193	271	stimuli/non_foods\stim087_inanimate_clothing_hat_3.png	1	2	1	hat_3	0	157		NaN	0	0		0	0	490.7178384	490.8178577	0.1000193
38079.25	0.0999917	272	stimuli/non_foods\stim109_inanimate_furniture_closet_1.png	1	2	1	closet_1	0	81		NaN	0	0		0	0	490.867838	490.9678297	0.0999917
38116.75	0.1000015	273	stimuli/non_foods\stim160_inanimate_tools_wrench_4.png	1	2	1	wrench_4	0	313		NaN	0	0		0	0	491.0178315	491.117833	0.1000015
38154.25	0.0999842	274	stimuli/foods\cereal.jpg	1	2	1	cereal	1	59	TF_028	0	0	0		0	0	491.1678485	491.2678327	0.0999842
38191.75	0.0999978	275	stimuli/foods\cannoli.jpg	1	2	1	cannoli	1	54	TF_022	0	0	0		0	0	491.3178394	491.4178372	0.0999978
38229.25	0.0999757	276	stimuli/non_foods\stim143_inanimate_tools_broom_3.png	1	2	1	broom_3	0	32		NaN	0	0		0	0	491.4678523	491.567828	0.0999757
38266.75	0.0999874	277	stimuli/foods\oyster.jpg	1	2	1	oyster	1	204	NF_067	1	0	0		0	0	491.6178374	491.7178248	0.0999874
38304.25	0.0999943	278	stimuli/non_foods\stim146_inanimate_tools_hammer_2.png	1	2	1	hammer_2	0	152		NaN	0	0		0	0	491.7678279	491.8678222	0.0999943
38341.75	0.0999896	279	stimuli/foods\lamb_chops.jpg	1	2	1	lamb_chops	1	173	TF_040	0	0	0		0	0	491.9178331	492.0178227	0.0999896
38379.25	0.0999741	280	stimuli/foods\donut.jpg	1	2	1	donut	1	105	TF_032	0	1	0		0	0	492.0678299	492.167804	0.0999741
38416.75	0.0999892	281	stimuli/foods\meatballs.jpg	1	2	1	meatballs	1	186	TF_112	0	0	0		0	0	492.2178308	492.31782	0.0999892
38454.25	0.0999878	282	stimuli/foods\red_beans.jpg	1	2	1	red_beans	1	244	NF_033	1	0	1	a	0.3920965	1	492.3678317	492.4678195	0.0999878
38491.75	0.100001	283	stimuli/foods\coconut.jpg	1	2	1	coconut	1	89	NF_030	1	0	0		0	0	492.5178284	492.6178294	0.100001
38529.25	0.0999877	284	stimuli/foods\salmon.jpg	1	2	1	salmon	1	256	TF_130	0	0	0		0	0	492.6678266	492.7678143	0.0999877
38566.75	0.0999887	285	stimuli/foods\cinnamon.jpg	1	2	1	cinnamon	1	79	NF_017	1	0	0		0	0	492.8178237	492.9178124	0.0999887
38604.25	0.0999924	286	stimuli/non_foods\stim064_animate_mammal_cow_4.png	1	2	1	cow_4	0	97		NaN	0	0		0	0	492.9678181	493.0678105	0.0999924
38641.75	0.1000012	287	stimuli/non_foods\stim121_inanimate_plants_bush_1.png	1	2	1	bush_1	0	40		NaN	0	0		0	0	493.1178186	493.2178198	0.1000012
38679.25	0.0999669	288	stimuli/foods\oregano.jpg	1	2	1	oregano	1	202	NF_066	1	0	0		0	0	493.2678424	493.3678093	0.0999669
38716.75	0.0999963	289	stimuli/non_foods\stim122_inanimate_plants_bush_2.png	1	2	1	bush_2	0	41		NaN	0	0		0	0	493.417813	493.5178093	0.0999963
38754.25	0.0999981	290	stimuli/non_foods\stim058_animate_insect_grasshopper_2.png	1	2	1	grasshopper_2	0	144		NaN	0	0		0	0	493.567807	493.6678051	0.0999981
38791.75	0.0999962	291	stimuli/non_foods\stim127_inanimate_plants_cactus_3.png	1	2	1	cactus_3	0	51		NaN	0	0		0	0	493.7178093	493.8178055	0.0999962
38829.25	0.0999936	292	stimuli/non_foods\stim027_animate_human_child_3.png	1	2	1	child_3	0	72		NaN	0	0		0	0	493.8678082	493.9678018	0.0999936
38866.75	0.0999895	293	stimuli/foods\chocolate_bar.jpg	1	2	1	chocolate_bar	1	75	TF_033	0	0	0		0	0	494.0178151	494.1178046	0.0999895
38904.25	0.1000099	294	stimuli/non_foods\stim114_inanimate_furniture_sofa_2.png	1	2	1	sofa_2	0	272		NaN	0	0		0	0	494.1677904	494.2678003	0.1000099
38941.75	0.1000101	295	stimuli/non_foods\stim133_inanimate_plants_tree_1.png	1	2	1	tree_1	0	299		NaN	0	0		0	0	494.3178046	494.4178147	0.1000101
38979.25	0.0999986	296	stimuli/non_foods\stim066_animate_mammal_giraffe_2.png	1	2	1	giraffe_2	0	133		NaN	0	0		0	0	494.4677993	494.5677979	0.0999986
39016.75	0.0999999	297	stimuli/non_foods\stim026_animate_human_child_2.png	1	2	1	child_2	0	71		NaN	0	0		0	0	494.6177983	494.7177982	0.0999999
39054.25	0.0999867	298	stimuli/foods\mango.jpg	1	2	1	mango	1	185	NF_054	1	0	0		0	0	494.7678087	494.8677954	0.0999867
39091.75	0.1000043	299	stimuli/foods\chilli.jpg	1	2	1	chilli	1	74	NF_073	1	0	0		0	0	494.9178037	495.017808	0.1000043
39129.25	0.0999596	300	stimuli/foods\raisins.jpg	1	2	1	raisins	1	241	NF_096	1	0	0		0	0	495.0678268	495.1677864	0.0999596
39166.75	0.0999904	301	stimuli/foods\radish.jpg	1	2	1	radish	1	240	NF_090	1	0	0		0	0	495.2178015	495.3177919	0.0999904
39204.25	0.0999918	302	stimuli/foods\roasted_chicken.jpg	1	2	1	roasted_chicken	1	253	TF_109	0	0	0		0	0	495.367798	495.4677898	0.0999918
39241.75	0.0999884	303	stimuli/foods\savory_pie.jpg	1	2	1	savory_pie	1	257	TF_146	0	0	0		0	0	495.5178019	495.6177903	0.0999884
39279.25	0.0999902	304	stimuli/non_foods\stim015_animate_bird_peacock_3.png	1	2	1	peacock_3	0	221		NaN	0	0		0	0	495.6677949	495.7677851	0.0999902
39316.75	0.0999929	305	stimuli/non_foods\stim046_animate_insect_bug_2.png	1	2	1	bug_2	0	37		NaN	0	0		0	0	495.8177928	495.9177857	0.0999929
39354.25	0.0999925	306	stimuli/non_foods\stim076_animate_mammal_monkey_4.png	1	2	1	monkey_4	0	191		NaN	0	0		0	0	495.9677903	496.0677828	0.0999925
39391.75	0.0999924	307	stimuli/foods\octopus.jpg	1	2	1	octopus	1	198	TF_113	0	0	0		0	0	496.1177923	496.2177847	0.0999924
39429.25	0.0999897	308	stimuli/foods\spring_onions.jpg	1	2	1	spring_onions	1	282	NF_086	1	0	0		0	0	496.2677949	496.3677846	0.0999897
39466.75	0.0999883	309	stimuli/foods\grapes.jpg	1	2	1	grapes	1	142	NF_098	1	0	0		0	0	496.4177893	496.5177776	0.0999883
39504.25	0.0999953	310	stimuli/non_foods\stim102_inanimate_furniture_bed_2.png	1	2	1	bed_2	0	20		NaN	0	0		0	0	496.5677832	496.6677785	0.0999953
39541.75	0.1000095	311	stimuli/foods\bread.jpg	1	2	1	bread	1	26	TF_089	0	0	0		0	0	496.7177878	496.8177973	0.1000095
39579.25	0.0999675	312	stimuli/foods\nougat.jpg	1	2	1	nougat	1	197	TF_144	0	0	0		0	0	496.8678088	496.9677763	0.0999675
39616.75	0.0999878	313	stimuli/foods\cupcake.jpg	1	2	1	cupcake	1	102	TF_050	0	0	0		0	0	497.0177891	497.1177769	0.0999878
40041.75	0.0999873	314	stimuli/non_foods\stim003_animate_bird_chicken_3.png	1	3	1	chicken_3	0	68		NaN	0	0		0	0	498.7177714	498.8177587	0.0999873
40079.25	0.0999965	315	stimuli/foods\ice_cream.jpg	1	3	1	ice_cream	1	162	TF_062	0	0	0		0	0	498.8677692	498.9677657	0.0999965
40116.75	0.0999642	316	stimuli/foods\bread_roll.jpg	1	3	1	bread_roll	1	27	TF_090	0	0	0		0	0	499.0177928	499.117757	0.0999642
40154.25	0.0999937	317	stimuli/non_foods\stim109_inanimate_furniture_closet_1.png	1	3	1	closet_1	0	81		NaN	0	0		0	0	499.1677607	499.2677544	0.0999937
40191.75	0.0999909	318	stimuli/foods\ice_cream_sandwich.jpg	1	3	1	ice_cream_sandwich	1	163	TF_061	0	0	0		0	0	499.3177629	499.4177538	0.0999909
40229.25	0.0999901	319	stimuli/non_foods\stim021_animate_human_baby_1.png	1	3	1	baby_1	0	10		NaN	0	0		0	0	499.4677593	499.5677494	0.0999901
40266.75	0.0999891	320	stimuli/foods\onion.jpg	1	3	1	onion	1	200	NF_029	1	0	0		0	0	499.6177599	499.717749	0.0999891
40304.25	0.0999911	321	stimuli/non_foods\stim125_inanimate_plants_cactus_1.png	1	3	1	cactus_1	0	49		NaN	0	0		0	0	499.7677601	499.8677512	0.0999911
40341.75	0.0999914	322	stimuli/foods\waffle.jpg	1	3	1	waffle	1	308	TF_030	0	0	0		0	0	499.9177571	500.0177485	0.0999914
40379.25	0.1000007	323	stimuli/foods\garlic.jpg	1	3	1	garlic	1	130	NF_001	1	0	0		0	0	500.0677562	500.1677569	0.1000007
40416.75	0.0999838	324	stimuli/foods\spinach.jpg	1	3	1	spinach	1	277	NF_094	1	0	0		0	0	500.2177587	500.3177425	0.0999838
40454.25	0.0999983	325	stimuli/non_foods\stim005_animate_bird_duck_1.png	1	3	1	duck_1	0	111		NaN	0	0		0	0	500.3677456	500.4677439	0.0999983
40491.75	0.0999902	326	stimuli/foods\swordfish.jpg	1	3	1	swordfish	1	290	TF_101	0	0	0		0	0	500.5177527	500.6177429	0.0999902
40529.25	0.1000123	327	stimuli/non_foods\stim131_inanimate_plants_sunflower_3.png	1	3	1	sunflower_3	0	288		NaN	0	0		0	0	500.6677433	500.7677556	0.1000123
40566.75	0.0999774	328	stimuli/non_foods\stim118_inanimate_furniture_table_2.png	1	3	1	table_2	0	292		NaN	0	0		0	0	500.8177649	500.9177423	0.0999774
40604.25	0.0999826	329	stimuli/foods\potatoes.jpg	1	3	1	potatoes	1	237	NF_071	1	0	0		0	0	500.9677526	501.0677352	0.0999826
40641.75	0.0999867	330	stimuli/foods\artichoke.jpg	1	3	1	artichoke	1	7	NF_018	1	0	0		0	0	501.1177461	501.2177328	0.0999867
40679.25	0.0999966	331	stimuli/non_foods\stim001_animate_bird_chicken_1.png	1	3	1	chicken_1	0	66		NaN	0	0		0	0	501.2677403	501.3677369	0.0999966
40716.75	0.0999943	332	stimuli/non_foods\stim031_animate_human_clown_3.png	1	3	1	clown_3	0	87		NaN	0	0		0	0	501.4177401	501.5177344	0.0999943
40754.25	0.0999958	333	stimuli/non_foods\stim075_animate_mammal_monkey_3.png	1	3	1	monkey_3	0	190		NaN	0	0		0	0	501.567736	501.6677318	0.0999958
40791.75	0.0999984	334	stimuli/non_foods\stim054_animate_insect_dragonfly_2.png	1	3	1	dragonfly_2	0	107		NaN	0	0		0	0	501.717733	501.8177314	0.0999984
40829.25	0.0999934	335	stimuli/non_foods\stim112_inanimate_furniture_closet_4.png	1	3	1	closet_4	0	84		NaN	1	0		0	0	501.867738	501.9677314	0.0999934
40866.75	0.0999911	336	stimuli/foods\almonds.jpg	1	3	1	almonds	1	0	NF_053	1	0	0		0	0	502.0177397	502.1177308	0.0999911
40904.25	0.0999891	337	stimuli/foods\cooked_prawn.jpg	1	3	1	cooked_prawn	1	92	TF_060	0	0	1	a	0.3920929	1	502.1677361	502.2677252	0.0999891
40941.75	0.0999946	338	stimuli/non_foods\stim035_animate_human_faces_3.png	1	3	1	faces_3	0	119		NaN	0	0		0	0	502.3177309	502.4177255	0.0999946
40979.25	0.1000315	339	stimuli/non_foods\stim043_animate_insect_ant_3.png	1	3	1	ant_3	0	3		NaN	0	0		0	0	502.467727	502.5677585	0.1000315
41016.75	0.099961	340	stimuli/non_foods\stim135_inanimate_plants_tree_3.png	1	3	1	tree_3	0	301		NaN	0	0		0	0	502.6177594	502.7177204	0.099961
41054.25	0.0999936	341	stimuli/non_foods\stim087_inanimate_clothing_hat_3.png	1	3	1	hat_3	0	157		NaN	0	0		0	0	502.7677261	502.8677197	0.0999936
41091.75	0.1000047	342	stimuli/non_foods\stim123_inanimate_plants_bush_3.png	1	3	1	bush_3	0	42		NaN	0	0		0	0	502.917714	503.0177187	0.1000047
41129.25	0.0999936	343	stimuli/non_foods\stim017_animate_bird_penguin_1.png	1	3	1	penguin_1	0	225		NaN	0	0		0	0	503.0677244	503.167718	0.0999936
41166.75	0.0999977	344	stimuli/non_foods\stim077_animate_mammal_rhino_1.png	1	3	1	rhino_1	0	246		NaN	0	0		0	0	503.2177213	503.317719	0.0999977
41204.25	0.0999929	345	stimuli/non_foods\stim040_animate_human_sports_4.png	1	3	1	sports_4	0	281		NaN	0	0		0	0	503.3677184	503.4677113	0.0999929
41241.75	0.099996	346	stimuli/non_foods\stim088_inanimate_clothing_hat_4.png	1	3	1	hat_4	0	158		NaN	0	0		0	0	503.5177189	503.6177149	0.099996
41279.25	0.0999661	347	stimuli/foods\dates.jpg	1	3	1	dates	1	104	NF_032	1	0	0		0	0	503.6677444	503.7677105	0.0999661
41316.75	0.0999991	348	stimuli/non_foods\stim142_inanimate_tools_broom_2.png	1	3	1	broom_2	0	31		NaN	0	0		0	0	503.8177125	503.9177116	0.0999991
41354.25	0.0999845	349	stimuli/foods\pomegranate.jpg	1	3	1	pomegranate	1	232	NF_058	1	0	0		0	0	503.9677256	504.0677101	0.0999845
41391.75	0.0999888	350	stimuli/foods\spaghetti_with_olives_and_capers.jpg	1	3	1	spaghetti_with_olives_and_capers	1	276	TF_135	0	0	0		0	0	504.1177212	504.21771	0.0999888
41429.25	0.1000033	351	stimuli/foods\brownie.jpg	1	3	1	brownie	1	34	TF_011	0	0	0		0	0	504.2677168	504.3677201	0.1000033
41466.75	0.0999785	352	stimuli/non_foods\stim056_animate_insect_dragonfly_4.png	1	3	1	dragonfly_4	0	109		NaN	0	0		0	0	504.4177272	504.5177057	0.0999785
41504.25	0.0999942	353	stimuli/non_foods\stim050_animate_insect_butterfly_2.png	1	3	1	butterfly_2	0	45		NaN	0	0		0	0	504.5677092	504.6677034	0.0999942
41541.75	0.1000051	354	stimuli/foods\octopus.jpg	1	3	1	octopus	1	198	TF_113	0	0	0		0	0	504.7177169	504.817722	0.1000051
41579.25	0.0999928	355	stimuli/foods\parmesan_cheese.jpg	1	3	1	parmesan_cheese	1	211	TF_091	0	0	0		0	0	504.8677121	504.9677049	0.0999928
41616.75	0.0999892	356	stimuli/foods\peach.jpg	1	3	1	peach	1	218	NF_079	1	0	0		0	0	505.0177118	505.117701	0.0999892
41654.25	0.0999922	357	stimuli/non_foods\stim104_inanimate_furniture_bed_4.png	1	3	1	bed_4	0	22		NaN	0	0		0	0	505.1677045	505.2676967	0.0999922
41691.75	0.099999	358	stimuli/non_foods\stim103_inanimate_furniture_bed_3.png	1	3	1	bed_3	0	21		NaN	0	0		0	0	505.3176979	505.4176969	0.099999
41729.25	0.0999805	359	stimuli/foods\baked_lamb_with_potatoes.jpg	1	3	1	baked_lamb_with_potatoes	1	17	TF_001	0	0	0		0	0	505.4677177	505.5676982	0.0999805
41766.75	0.0999857	360	stimuli/foods\roasted_chicken.jpg	1	3	1	roasted_chicken	1	253	TF_109	0	0	0		0	0	505.6177071	505.7176928	0.0999857
41804.25	0.0999868	361	stimuli/foods\museli_bars.jpg	1	3	1	museli_bars	1	193	TF_008	0	0	0		0	0	505.7677038	505.8676906	0.0999868
41841.75	0.0999882	362	stimuli/foods\mango.jpg	1	3	1	mango	1	185	NF_054	1	0	0		0	0	505.9177032	506.0176914	0.0999882
41879.25	0.1000321	363	stimuli/non_foods\stim105_inanimate_furniture_chair_1.png	1	3	1	chair_1	0	60		NaN	0	0		0	0	506.0676996	506.1677317	0.1000321
41916.75	0.0999914	364	stimuli/foods\cooked_ham.jpg	1	3	1	cooked_ham	1	91	TF_116	0	0	0		0	0	506.2176982	506.3176896	0.0999914
41954.25	0.099986	365	stimuli/foods\pickles.jpg	1	3	1	pickles	1	230	TF_134	0	0	0		0	0	506.3677008	506.4676868	0.099986
41991.75	0.0999968	366	stimuli/non_foods\stim080_animate_mammal_rhino_4.png	1	3	1	rhino_4	0	249		NaN	0	0		0	0	506.5176891	506.6176859	0.0999968
42029.25	0.0999919	367	stimuli/foods\cream_donuts.jpg	1	3	1	cream_donuts	1	99	TF_014	0	0	0		0	0	506.667695	506.7676869	0.0999919
42066.75	0.0999845	368	stimuli/foods\omelette.jpg	1	3	1	omelette	1	199	TF_057	0	0	0		0	0	506.8176958	506.9176803	0.0999845
42104.25	0.0999938	369	stimuli/non_foods\stim119_inanimate_furniture_table_3.png	1	3	1	table_3	0	293		NaN	0	0		0	0	506.967685	507.0676788	0.0999938
42141.75	0.1000208	370	stimuli/non_foods\stim158_inanimate_tools_wrench_2.png	1	3	1	wrench_2	0	311		NaN	0	0		0	0	507.1176846	507.2177054	0.1000208
42179.25	0.0999935	371	stimuli/non_foods\stim034_animate_human_faces_2.png	1	3	1	faces_2	0	118		NaN	0	0		0	0	507.2676843	507.3676778	0.0999935
42216.75	0.0999962	372	stimuli/non_foods\stim074_animate_mammal_monkey_2.png	1	3	1	monkey_2	0	189		NaN	0	0		0	0	507.4176815	507.5176777	0.0999962
42254.25	0.0999949	373	stimuli/non_foods\stim053_animate_insect_dragonfly_1.png	1	3	1	dragonfly_1	0	106		NaN	0	0		0	0	507.5676807	507.6676756	0.0999949
42291.75	0.0999963	374	stimuli/non_foods\stim020_animate_bird_penguin_4.png	1	3	1	penguin_4	0	228		NaN	0	0		0	0	507.7176817	507.817678	0.0999963
42329.25	0.0999893	375	stimuli/non_foods\stim055_animate_insect_dragonfly_3.png	1	3	1	dragonfly_3	0	108		NaN	0	0		0	0	507.8677041	507.9676934	0.0999893
42366.75	0.0999954	376	stimuli/non_foods\stim093_inanimate_clothing_shirt_1.png	1	3	1	shirt_1	0	262		NaN	0	0		0	0	508.017676	508.1176714	0.0999954
42404.25	0.1000469	377	stimuli/foods\baked_cod_with_carrots_and_green_beans.jpg	1	3	1	baked_cod_with_carrots_and_green_beans	1	16	TF_082	0	0	0		0	0	508.167681	508.2677279	0.1000469
42441.75	0.1000032	378	stimuli/foods\radish.jpg	1	3	1	radish	1	240	NF_090	1	0	0		0	0	508.3177264	508.4177296	0.1000032
42479.25	0.099936	379	stimuli/non_foods\stim154_inanimate_tools_scissors_2.png	1	3	1	scissors_2	0	259		NaN	0	0		0	0	508.4677232	508.5676592	0.099936
42516.75	0.1000301	380	stimuli/non_foods\stim121_inanimate_plants_bush_1.png	1	3	1	bush_1	0	40		NaN	0	0		0	0	508.6176798	508.7177099	0.1000301
42554.25	0.1000056	381	stimuli/non_foods\stim066_animate_mammal_giraffe_2.png	1	3	1	giraffe_2	0	133		NaN	0	0		0	0	508.7676882	508.8676938	0.1000056
42591.75	0.1001031	382	stimuli/non_foods\stim147_inanimate_tools_hammer_3.png	1	3	1	hammer_3	0	153		NaN	0	0		0	0	508.917675	509.0177781	0.1001031
42629.25	0.100014	383	stimuli/non_foods\stim079_animate_mammal_rhino_3.png	1	3	1	rhino_3	0	248		NaN	1	0		0	0	509.0676751	509.1676891	0.100014
42666.75	0.0999879	384	stimuli/foods\nectarine.jpg	1	3	1	nectarine	1	196	NF_078	1	0	0		0	0	509.2176966	509.3176845	0.0999879
42704.25	0.1000029	385	stimuli/non_foods\stim113_inanimate_furniture_sofa_1.png	1	3	1	sofa_1	0	271		NaN	0	1	a	0.3923591	1	509.3676865	509.4676894	0.1000029
42741.75	0.0999566	386	stimuli/foods\toasted_bread_with_tomatoes.jpg	1	3	1	toasted_bread_with_tomatoes	1	297	TF_017	0	0	0		0	0	509.5177244	509.617681	0.0999566
42779.25	0.0999745	387	stimuli/non_foods\stim083_inanimate_clothing_gloves_3.png	1	3	1	gloves_3	0	138		NaN	0	0		0	0	509.6677144	509.7676889	0.0999745
42816.75	0.0999488	388	stimuli/foods\apricot.jpg	1	3	1	apricot	1	6	NF_002	1	0	0		0	0	509.8176917	509.9176405	0.0999488
42854.25	0.0999966	389	stimuli/non_foods\stim144_inanimate_tools_broom_4.png	1	3	1	broom_4	0	33		NaN	0	0		0	0	509.9676774	510.067674	0.0999966
42891.75	0.1000044	390	stimuli/non_foods\stim114_inanimate_furniture_sofa_2.png	1	3	1	sofa_2	0	272		NaN	0	0		0	0	510.1176787	510.2176831	0.1000044
42929.25	0.0999756	391	stimuli/foods\frankfurters.jpg	1	3	1	frankfurters	1	123	TF_156	0	0	0		0	0	510.2677087	510.3676843	0.0999756
42966.75	0.0999715	392	stimuli/foods\cereal.jpg	1	3	1	cereal	1	59	TF_028	0	0	0		0	0	510.4176947	510.5176662	0.0999715
43004.25	0.1000248	393	stimuli/foods\pumpkin.jpg	1	3	1	pumpkin	1	239	NF_101	1	0	0		0	0	510.5676645	510.6676893	0.1000248
43041.75	0.1000034	394	stimuli/non_foods\stim022_animate_human_baby_2.png	1	3	1	baby_2	0	11		NaN	0	0		0	0	510.7176814	510.8176848	0.1000034
43079.25	0.1000028	395	stimuli/non_foods\stim141_inanimate_tools_broom_1.png	1	3	1	broom_1	0	30		NaN	0	0		0	0	510.8676634	510.9676662	0.1000028
43116.75	0.0999913	396	stimuli/foods\pepperoni_pizza.jpg	1	3	1	pepperoni_pizza	1	229	TF_106	0	0	0		0	0	511.0176561	511.1176474	0.0999913
43154.25	0.0999772	397	stimuli/non_foods\stim038_animate_human_sports_2.png	1	3	1	sports_2	0	279		NaN	0	0		0	0	511.1676414	511.2676186	0.0999772
43191.75	0.099992	398	stimuli/foods\bagel.jpg	1	3	1	bagel	1	14	TF_005	0	0	0		0	0	511.3176544	511.4176464	0.099992
43229.25	0.099967	399	stimuli/foods\broccoli.jpg	1	3	1	broccoli	1	29	NF_016	1	0	0		0	0	511.4676724	511.5676394	0.099967
43266.75	0.0999982	400	stimuli/non_foods\stim085_inanimate_clothing_hat_1.png	1	3	1	hat_1	0	155		NaN	0	0		0	0	511.617643	511.7176412	0.0999982
43304.25	0.0999926	401	stimuli/foods\meatballs.jpg	1	3	1	meatballs	1	186	TF_112	0	0	0		0	0	511.7676446	511.8676372	0.0999926
43341.75	0.1000075	402	stimuli/non_foods\stim033_animate_human_faces_1.png	1	3	1	faces_1	0	117		NaN	0	0		0	0	511.9176237	512.0176312	0.1000075
43379.25	0.099986	403	stimuli/foods\cherry.jpg	1	3	1	cherry	1	64	NF_027	1	0	0		0	0	512.0676469	512.1676329	0.099986
43416.75	0.0999969	404	stimuli/non_foods\stim042_animate_insect_ant_2.png	1	3	1	ant_2	0	2		NaN	1	0		0	0	512.2176346	512.3176315	0.0999969
43454.25	0.1000004	405	stimuli/non_foods\stim149_inanimate_tools_pan_1.png	1	3	1	pan_1	0	205		NaN	0	0		0	0	512.3676337	512.4676341	0.1000004
43491.75	0.100007	406	stimuli/non_foods\stim122_inanimate_plants_bush_2.png	1	3	1	bush_2	0	41		NaN	0	0		0	0	512.5176377	512.6176447	0.100007
43529.25	0.0999877	407	stimuli/foods\fennel.jpg	1	3	1	fennel	1	121	NF_036	1	0	1	a	0.442312	1	512.6676378	512.7676255	0.0999877
43566.75	0.0999867	408	stimuli/foods\honey.jpg	1	3	1	honey	1	160	NF_062	1	0	0		0	0	512.8176411	512.9176278	0.0999867
43604.25	0.0999929	409	stimuli/non_foods\stim133_inanimate_plants_tree_1.png	1	3	1	tree_1	0	299		NaN	0	0		0	0	512.9676309	513.0676238	0.0999929
43641.75	0.0999971	410	stimuli/foods\green_beans.jpg	1	3	1	green_beans	1	147	NF_034	1	0	0		0	0	513.1176326	513.2176297	0.0999971
43679.25	0.0999655	411	stimuli/foods\papaya.jpg	1	3	1	papaya	1	210	NF_069	1	0	0		0	0	513.2676558	513.3676213	0.0999655
43716.75	0.0999948	412	stimuli/non_foods\stim151_inanimate_tools_pan_3.png	1	3	1	pan_3	0	207		NaN	0	0		0	0	513.4176278	513.5176226	0.0999948
43754.25	0.0999887	413	stimuli/foods\hotdog.jpg	1	3	1	hotdog	1	161	TF_070	0	0	0		0	0	513.5676318	513.6676205	0.0999887
43791.75	0.0999694	414	stimuli/non_foods\stim155_inanimate_tools_scissors_3.png	1	3	1	scissors_3	0	260		NaN	0	0		0	0	513.7176211	513.8175905	0.0999694
43829.25	0.0999905	415	stimuli/foods\beetroots.jpg	1	3	1	beetroots	1	23	NF_015	1	0	0		0	0	513.8676275	513.967618	0.0999905
43866.75	0.0999959	416	stimuli/non_foods\stim059_animate_insect_grasshopper_3.png	1	3	1	grasshopper_3	0	145		NaN	0	0		0	0	514.0176221	514.117618	0.0999959
43904.25	0.0999935	417	stimuli/non_foods\stim047_animate_insect_bug_3.png	1	3	1	bug_3	0	38		NaN	0	0		0	0	514.1676191	514.2676126	0.0999935
43941.75	0.1000083	418	stimuli/foods\lamb_chops.jpg	1	3	1	lamb_chops	1	173	TF_040	0	0	0		0	0	514.3176282	514.4176365	0.1000083
43979.25	0.0999877	419	stimuli/foods\brie.jpg	1	3	1	brie	1	28	TF_016	0	0	0		0	0	514.4676247	514.5676124	0.0999877
44016.75	0.0999951	420	stimuli/non_foods\stim030_animate_human_clown_2.png	1	3	1	clown_2	0	86		NaN	0	0		0	0	514.617615	514.7176101	0.0999951
44054.25	0.0999857	421	stimuli/foods\lettuce.jpg	1	3	1	lettuce	1	178	NF_046	1	0	0		0	0	514.767622	514.8676077	0.0999857
44091.75	0.1000054	422	stimuli/foods\orange.jpg	1	3	1	orange	1	201	NF_008	1	0	0		0	0	514.9176182	515.0176236	0.1000054
44129.25	0.0999663	423	stimuli/foods\oregano.jpg	1	3	1	oregano	1	202	NF_066	1	0	0		0	0	515.0676416	515.1676079	0.0999663
44166.75	0.0999957	424	stimuli/non_foods\stim148_inanimate_tools_hammer_4.png	1	3	1	hammer_4	0	154		NaN	0	0		0	0	515.2176078	515.3176035	0.0999957
44204.25	0.0999957	425	stimuli/non_foods\stim049_animate_insect_butterfly_1.png	1	3	1	butterfly_1	0	44		NaN	0	0		0	0	515.3676099	515.4676056	0.0999957
44241.75	0.0999882	426	stimuli/foods\corncob.jpg	1	3	1	corncob	1	93	NF_051	1	0	0		0	0	515.517616	515.6176042	0.0999882
44279.25	0.0999971	427	stimuli/non_foods\stim045_animate_insect_bug_1.png	1	3	1	bug_1	0	36		NaN	0	0		0	0	515.6676044	515.7676015	0.0999971
44316.75	0.0999907	428	stimuli/non_foods\stim108_inanimate_furniture_chair_4.png	1	3	1	chair_4	0	63		NaN	0	0		0	0	515.8176082	515.9175989	0.0999907
44354.25	0.0999936	429	stimuli/non_foods\stim057_animate_insect_grasshopper_1.png	1	3	1	grasshopper_1	0	143		NaN	0	0		0	0	515.9676012	516.0675948	0.0999936
44391.75	0.0999831	430	stimuli/foods\cracker.jpg	1	3	1	cracker	1	98	TF_043	0	0	0		0	0	516.1176252	516.2176083	0.0999831
44429.25	0.0999949	431	stimuli/non_foods\stim052_animate_insect_butterfly_4.png	1	3	1	butterfly_4	0	47		NaN	0	0		0	0	516.2676032	516.3675981	0.0999949
44466.75	0.0999942	432	stimuli/non_foods\stim111_inanimate_furniture_closet_3.png	1	3	1	closet_3	0	83		NaN	0	0		0	0	516.4175988	516.517593	0.0999942
44504.25	0.0999918	433	stimuli/non_foods\stim098_inanimate_clothing_socks_2.png	1	3	1	socks_2	0	268		NaN	0	0		0	0	516.5675986	516.6675904	0.0999918
44541.75	0.0999997	434	stimuli/foods\spaghetti_with_meat_sauce.jpg	1	3	1	spaghetti_with_meat_sauce	1	275	TF_137	0	0	0		0	0	516.7176117	516.8176114	0.0999997
44579.25	0.0999751	435	stimuli/foods\rockmelon.jpg	1	3	1	rockmelon	1	254	NF_060	1	0	0		0	0	516.8676159	516.967591	0.0999751
44616.75	0.0999929	436	stimuli/non_foods\stim068_animate_mammal_giraffe_4.png	1	3	1	giraffe_4	0	135		NaN	0	0		0	0	517.0175951	517.117588	0.0999929
44654.25	0.0999904	437	stimuli/foods\potato_and_green_bean_salad.jpg	1	3	1	potato_and_green_bean_salad	1	235	TF_072	0	0	0		0	0	517.1675961	517.2675865	0.0999904
44691.75	0.0999892	438	stimuli/foods\cuttlefish.jpg	1	3	1	cuttlefish	1	103	NF_093	1	0	0		0	0	517.3175959	517.4175851	0.0999892
44729.25	0.0999941	439	stimuli/non_foods\stim013_animate_bird_peacock_1.png	1	3	1	peacock_1	0	219		NaN	0	0		0	0	517.4675903	517.5675844	0.0999941
44766.75	0.0999901	440	stimuli/foods\pork_loin_with_peas.jpg	1	3	1	pork_loin_with_peas	1	234	TF_003	0	0	0		0	0	517.6175928	517.7175829	0.0999901
44804.25	0.0999945	441	stimuli/non_foods\stim014_animate_bird_peacock_2.png	1	3	1	peacock_2	0	220		NaN	0	0		0	0	517.7675878	517.8675823	0.0999945
44841.75	0.099986	442	stimuli/foods\cabbage.jpg	1	3	1	cabbage	1	48	NF_025	1	0	0		0	0	517.9176132	518.0175992	0.099986
44879.25	0.1000044	443	stimuli/foods\baguette.jpg	1	3	1	baguette	1	15	TF_006	0	0	0		0	0	518.0675914	518.1675958	0.1000044
44916.75	0.0999901	444	stimuli/foods\mortadella.jpg	1	3	1	mortadella	1	192	TF_083	0	0	0		0	0	518.2175865	518.3175766	0.0999901
44954.25	0.0999942	445	stimuli/non_foods\stim106_inanimate_furniture_chair_2.png	1	3	1	chair_2	0	61		NaN	0	0		0	0	518.3675831	518.4675773	0.0999942
44991.75	0.1000056	446	stimuli/foods\wafer.jpg	1	3	1	wafer	1	307	TF_155	0	0	0		0	0	518.5175966	518.6176022	0.1000056
45029.25	0.0999926	447	stimuli/non_foods\stim082_inanimate_clothing_gloves_2.png	1	3	1	gloves_2	0	137		NaN	0	0		0	0	518.6675783	518.7675709	0.0999926
45066.75	0.0999791	448	stimuli/foods\lentils.jpg	1	3	1	lentils	1	177	NF_047	1	0	0		0	0	518.8175818	518.9175609	0.0999791
45104.25	0.0999934	449	stimuli/non_foods\stim117_inanimate_furniture_table_1.png	1	3	1	table_1	0	291		NaN	0	0		0	0	518.9675779	519.0675713	0.0999934
45141.75	0.0999974	450	stimuli/non_foods\stim143_inanimate_tools_broom_3.png	1	3	1	broom_3	0	32		NaN	0	0		0	0	519.1175715	519.2175689	0.0999974
45179.25	0.0999903	451	stimuli/foods\capsicum.jpg	1	3	1	capsicum	1	55	NF_076	1	0	0		0	0	519.2675783	519.3675686	0.0999903
45216.75	0.0999848	452	stimuli/foods\brussel_sprouts.jpg	1	3	1	brussel_sprouts	1	35	NF_021	1	0	0		0	0	519.4175789	519.5175637	0.0999848
45254.25	0.0999934	453	stimuli/non_foods\stim011_animate_bird_parrot_3.png	1	3	1	parrot_3	0	214		NaN	0	0		0	0	519.5675733	519.6675667	0.0999934
45291.75	0.0999887	454	stimuli/foods\banana.jpg	1	3	1	banana	1	18	NF_013	1	0	0		0	0	519.7175728	519.8175615	0.0999887
45329.25	0.0999888	455	stimuli/foods\cinnamon_sroll.jpg	1	3	1	cinnamon_sroll	1	80	TF_021	0	0	0		0	0	519.8675726	519.9675614	0.0999888
45366.75	0.0999882	456	stimuli/foods\gnocchi.jpg	1	3	1	gnocchi	1	140	TF_064	0	0	0		0	0	520.0175748	520.117563	0.0999882
45404.25	0.0999981	457	stimuli/non_foods\stim016_animate_bird_peacock_4.png	1	3	1	peacock_4	0	222		NaN	0	0		0	0	520.1675643	520.2675624	0.0999981
45441.75	0.0999854	458	stimuli/non_foods\stim026_animate_human_child_2.png	1	3	1	child_2	0	71		NaN	0	0		0	0	520.3175875	520.4175729	0.0999854
45479.25	0.0999864	459	stimuli/foods\mandarin.jpg	1	3	1	mandarin	1	184	NF_052	1	1	0		0	0	520.467568	520.5675544	0.0999864
45516.75	0.0999921	460	stimuli/non_foods\stim029_animate_human_clown_1.png	1	3	1	clown_1	0	85		NaN	0	0		0	0	520.617561	520.7175531	0.0999921
45554.25	0.099987	461	stimuli/foods\chocolate_bar.jpg	1	3	1	chocolate_bar	1	75	TF_033	0	0	0		0	0	520.7675677	520.8675547	0.099987
45591.75	0.0999986	462	stimuli/non_foods\stim032_animate_human_clown_4.png	1	3	1	clown_4	0	88		NaN	0	1	a	0.5421102	1	520.9175552	521.0175538	0.0999986
45629.25	0.0999883	463	stimuli/foods\nougat.jpg	1	3	1	nougat	1	197	TF_144	0	0	0		0	0	521.0675621	521.1675504	0.0999883
45666.75	0.0999893	464	stimuli/foods\risotto_with_peas_and_asparagus_tips.jpg	1	3	1	risotto_with_peas_and_asparagus_tips	1	252	TF_123	0	0	0		0	0	521.2175621	521.3175514	0.0999893
45704.25	0.1000145	465	stimuli/non_foods\stim070_animate_mammal_kangaroo_2.png	1	3	1	kangaroo_2	0	169		NaN	0	0		0	0	521.3675519	521.4675664	0.1000145
45741.75	0.0999946	466	stimuli/foods\lollies.jpg	1	3	1	lollies	1	183	TF_026	0	0	0		0	0	521.5175572	521.6175518	0.0999946
45779.25	0.0999908	467	stimuli/non_foods\stim064_animate_mammal_cow_4.png	1	3	1	cow_4	0	97		NaN	0	0		0	0	521.667552	521.7675428	0.0999908
45816.75	0.1000022	468	stimuli/non_foods\stim015_animate_bird_peacock_3.png	1	3	1	peacock_3	0	221		NaN	0	0		0	0	521.8175515	521.9175537	0.1000022
45854.25	0.1000061	469	stimuli/foods\calamari.jpg	1	3	1	calamari	1	53	TF_019	0	0	0		0	0	521.9675435	522.0675496	0.1000061
45891.75	0.0999754	470	stimuli/foods\fried_calamari.jpg	1	3	1	fried_calamari	1	124	TF_020	0	0	0		0	0	522.1175808	522.2175562	0.0999754
46304.25	0.099971	471	stimuli/non_foods\stim004_animate_bird_chicken_4.png	1	4	1	chicken_4	0	69		NaN	0	0		0	0	523.7675588	523.8675298	0.099971
46341.75	0.1000391	472	stimuli/non_foods\stim010_animate_bird_parrot_2.png	1	4	1	parrot_2	0	213		NaN	0	0		0	0	523.917492	524.0175311	0.1000391
46379.25	0.0999945	473	stimuli/foods\avocado.jpg	1	4	1	avocado	1	9	NF_012	1	0	0		0	0	524.0675289	524.1675234	0.0999945
46416.75	0.1000244	474	stimuli/non_foods\stim146_inanimate_tools_hammer_2.png	1	4	1	hammer_2	0	152		NaN	0	0		0	0	524.2174975	524.3175219	0.1000244
46454.25	0.0999985	475	stimuli/non_foods\stim039_animate_human_sports_3.png	1	4	1	sports_3	0	280		NaN	0	0		0	0	524.3675235	524.467522	0.0999985
46491.75	0.0999893	476	stimuli/foods\pasta_carbonara.jpg	1	4	1	pasta_carbonara	1	216	TF_027	0	0	0		0	0	524.5175296	524.6175189	0.0999893
46529.25	0.0999918	477	stimuli/non_foods\stim134_inanimate_plants_tree_2.png	1	4	1	tree_2	0	300		NaN	0	0		0	0	524.6675246	524.7675164	0.0999918
46566.75	0.0999753	478	stimuli/foods\strawberry.jpg	1	4	1	strawberry	1	285	NF_037	1	0	0		0	0	524.8175431	524.9175184	0.0999753
46604.25	0.0999911	479	stimuli/foods\red_beans.jpg	1	4	1	red_beans	1	244	NF_033	1	0	0		0	0	524.9675227	525.0675138	0.0999911
46641.75	0.099991	480	stimuli/foods\egg.jpg	1	4	1	egg	1	115	NF_095	1	0	0		0	0	525.1175236	525.2175146	0.099991
46679.25	0.0999889	481	stimuli/non_foods\stim018_animate_bird_penguin_2.png	1	4	1	penguin_2	0	226		NaN	0	0		0	0	525.2675196	525.3675085	0.0999889
46716.75	0.0999989	482	stimuli/non_foods\stim037_animate_human_sports_1.png	1	4	1	sports_1	0	278		NaN	0	0		0	0	525.4175151	525.517514	0.0999989
46754.25	0.0999929	483	stimuli/foods\chestnut.jpg	1	4	1	chestnut	1	65	NF_020	1	0	0		0	0	525.5675196	525.6675125	0.0999929
46791.75	0.0999917	484	stimuli/non_foods\stim126_inanimate_plants_cactus_2.png	1	4	1	cactus_2	0	50		NaN	0	0		0	0	525.7175159	525.8175076	0.0999917
46829.25	0.0999682	485	stimuli/foods\stew_with_potatoes_and_carrots.jpg	1	4	1	stew_with_potatoes_and_carrots	1	284	TF_139	0	0	0		0	0	525.8675184	525.9674866	0.0999682
46866.75	0.0999862	486	stimuli/foods\blackberry.jpg	1	4	1	blackberry	1	24	NF_063	1	0	0		0	0	526.0175198	526.117506	0.0999862
46904.25	0.0999618	487	stimuli/foods\savory_pie.jpg	1	4	1	savory_pie	1	257	TF_146	0	0	0		0	0	526.1675416	526.2675034	0.0999618
46941.75	0.0999968	488	stimuli/non_foods\stim009_animate_bird_parrot_1.png	1	4	1	parrot_1	0	212		NaN	0	0		0	0	526.317509	526.4175058	0.0999968
46979.25	0.0999837	489	stimuli/foods\cannoli.jpg	1	4	1	cannoli	1	54	TF_022	0	0	0		0	0	526.4675151	526.5674988	0.0999837
47016.75	0.0999918	490	stimuli/foods\fried_zucchini.jpg	1	4	1	fried_zucchini	1	125	TF_159	0	0	0		0	0	526.6175112	526.717503	0.0999918
47054.25	0.1000022	491	stimuli/non_foods\stim090_inanimate_clothing_jeans_2.png	1	4	1	jeans_2	0	165		NaN	0	0		0	0	526.7674969	526.8674991	0.1000022
47091.75	0.0999957	492	stimuli/non_foods\stim089_inanimate_clothing_jeans_1.png	1	4	1	jeans_1	0	164		NaN	0	0		0	0	526.9175006	527.0174963	0.0999957
47129.25	0.0999882	493	stimuli/foods\cinnamon.jpg	1	4	1	cinnamon	1	79	NF_017	1	0	0		0	0	527.0675097	527.1674979	0.0999882
47166.75	0.1000168	494	stimuli/non_foods\stim159_inanimate_tools_wrench_3.png	1	4	1	wrench_3	0	312		NaN	0	0		0	0	527.2175013	527.3175181	0.1000168
47204.25	0.0999891	495	stimuli/foods\chilli.jpg	1	4	1	chilli	1	74	NF_073	1	0	0		0	0	527.3675024	527.4674915	0.0999891
47241.75	0.09999	496	stimuli/foods\lime.jpg	1	4	1	lime	1	180	NF_048	1	0	0		0	0	527.517504	527.617494	0.09999
47279.25	0.0999846	497	stimuli/non_foods\stim139_inanimate_plants_tulip_3.png	1	4	1	tulip_3	0	305		NaN	0	0		0	0	527.6674957	527.7674803	0.0999846
47316.75	0.0999886	498	stimuli/foods\raw_ham.jpg	1	4	1	raw_ham	1	242	TF_117	0	0	0		0	0	527.8174996	527.9174882	0.0999886
47354.25	0.1000134	499	stimuli/non_foods\stim006_animate_bird_duck_2.png	1	4	1	duck_2	0	112		NaN	0	0		0	0	527.9674938	528.0675072	0.1000134
47391.75	0.099986	500	stimuli/foods\lemon_meringue_pie.jpg	1	4	1	lemon_meringue_pie	1	176	TF_151	0	0	0		0	0	528.1174988	528.2174848	0.099986
47429.25	0.1000209	501	stimuli/non_foods\stim058_animate_insect_grasshopper_2.png	1	4	1	grasshopper_2	0	144		NaN	0	0		0	0	528.267487	528.3675079	0.1000209
47466.75	0.0999925	502	stimuli/non_foods\stim012_animate_bird_parrot_4.png	1	4	1	parrot_4	0	215		NaN	0	0		0	0	528.4174882	528.5174807	0.0999925
47504.25	0.0999804	503	stimuli/foods\chocolate_pudding.jpg	1	4	1	chocolate_pudding	1	78	TF_018	0	0	0		0	0	528.5675017	528.6674821	0.0999804
47541.75	0.099993	504	stimuli/non_foods\stim023_animate_human_baby_3.png	1	4	1	baby_3	0	12		NaN	0	0		0	0	528.7174862	528.8174792	0.099993
47579.25	0.0999932	505	stimuli/non_foods\stim132_inanimate_plants_sunflower_4.png	1	4	1	sunflower_4	0	289		NaN	0	0		0	0	528.8674889	528.9674821	0.0999932
47616.75	0.0999847	506	stimuli/foods\licorice.jpg	1	4	1	licorice	1	179	TF_078	0	0	0		0	0	529.0175014	529.1174861	0.0999847
47654.25	0.0999903	507	stimuli/non_foods\stim152_inanimate_tools_pan_4.png	1	4	1	pan_4	0	208		NaN	0	0		0	0	529.167485	529.2674753	0.0999903
47691.75	0.0999961	508	stimuli/non_foods\stim072_animate_mammal_kangaroo_4.png	1	4	1	kangaroo_4	0	171		NaN	0	0		0	0	529.3174797	529.4174758	0.0999961
47729.25	0.0999954	509	stimuli/non_foods\stim067_animate_mammal_giraffe_3.png	1	4	1	giraffe_3	0	134		NaN	0	0		0	0	529.4674793	529.5674747	0.0999954
47766.75	0.0999955	510	stimuli/non_foods\stim071_animate_mammal_kangaroo_3.png	1	4	1	kangaroo_3	0	170		NaN	0	0		0	0	529.6174757	529.7174712	0.0999955
47804.25	0.099992	511	stimuli/foods\pineapple.jpg	1	4	1	pineapple	1	231	NF_004	1	0	0		0	0	529.7674831	529.8674751	0.099992
47841.75	0.0999921	512	stimuli/non_foods\stim102_inanimate_furniture_bed_2.png	1	4	1	bed_2	0	20		NaN	0	0		0	0	529.9174786	530.0174707	0.0999921
47879.25	0.1000026	513	stimuli/foods\toast.jpg	1	4	1	toast	1	296	TF_053	0	0	0		0	0	530.0674765	530.1674791	0.1000026
47916.75	0.0999905	514	stimuli/non_foods\stim036_animate_human_faces_4.png	1	4	1	faces_4	0	120		NaN	0	0		0	0	530.2174729	530.3174634	0.0999905
47954.25	0.1000089	515	stimuli/non_foods\stim160_inanimate_tools_wrench_4.png	1	4	1	wrench_4	0	313		NaN	0	0		0	0	530.3674669	530.4674758	0.1000089
47991.75	0.0999958	516	stimuli/non_foods\stim091_inanimate_clothing_jeans_3.png	1	4	1	jeans_3	0	166		NaN	0	0		0	0	530.5174722	530.617468	0.0999958
48029.25	0.0999983	517	stimuli/non_foods\stim069_animate_mammal_kangaroo_1.png	1	4	1	kangaroo_1	0	168		NaN	0	0		0	0	530.6674675	530.7674658	0.0999983
48066.75	0.0999713	518	stimuli/non_foods\stim145_inanimate_tools_hammer_1.png	1	4	1	hammer_1	0	151		NaN	0	0		0	0	530.8174884	530.9174597	0.0999713
48104.25	0.0999957	519	stimuli/foods\lobster.jpg	1	4	1	lobster	1	182	NF_007	1	0	0		0	0	530.9674727	531.0674684	0.0999957
48141.75	0.0999878	520	stimuli/foods\fruit_salad.jpg	1	4	1	fruit_salad	1	129	NF_043	1	1	0		0	0	531.1174722	531.21746	0.0999878
48179.25	0.0999905	521	stimuli/foods\potato_chips.jpg	1	4	1	potato_chips	1	236	TF_097	0	0	0		0	0	531.2674702	531.3674607	0.0999905
48216.75	0.0999913	522	stimuli/non_foods\stim100_inanimate_clothing_socks_4.png	1	4	1	socks_4	0	270		NaN	0	1	a	0.392117	1	531.4174634	531.5174547	0.0999913
48254.25	0.0999878	523	stimuli/foods\mushroom.jpg	1	4	1	mushroom	1	194	NF_039	1	0	0		0	0	531.5674647	531.6674525	0.0999878
48291.75	0.0999926	524	stimuli/foods\raw_sausage.jpg	1	4	1	raw_sausage	1	243	TF_131	0	0	0		0	0	531.7174625	531.8174551	0.0999926
48329.25	0.1000324	525	stimuli/non_foods\stim116_inanimate_furniture_sofa_4.png	1	4	1	sofa_4	0	274		NaN	0	0		0	0	531.8674568	531.9674892	0.1000324
48366.75	0.0999811	526	stimuli/foods\raisins.jpg	1	4	1	raisins	1	241	NF_096	1	0	0		0	0	532.0174715	532.1174526	0.0999811
48404.25	0.0999928	527	stimuli/non_foods\stim097_inanimate_clothing_socks_1.png	1	4	1	socks_1	0	267		NaN	0	0		0	0	532.1674562	532.267449	0.0999928
48441.75	0.0999871	528	stimuli/foods\lasagna.jpg	1	4	1	lasagna	1	174	TF_076	0	0	0		0	0	532.3174585	532.4174456	0.0999871
48479.25	0.0999861	529	stimuli/non_foods\stim025_animate_human_child_1.png	1	4	1	child_1	0	70		NaN	0	0		0	0	532.4674495	532.5674356	0.0999861
48516.75	0.09997	530	stimuli/foods\prawn.jpg	1	4	1	prawn	1	238	NF_041	1	0	0		0	0	532.6174765	532.7174465	0.09997
48554.25	0.0999923	531	stimuli/foods\hazelnuts.jpg	1	4	1	hazelnuts	1	159	NF_065	1	0	0		0	0	532.7674544	532.8674467	0.0999923
48591.75	0.0999968	532	stimuli/non_foods\stim140_inanimate_plants_tulip_4.png	1	4	1	tulip_4	0	306		NaN	0	0		0	0	532.9174456	533.0174424	0.0999968
48629.25	0.099993	533	stimuli/non_foods\stim081_inanimate_clothing_gloves_1.png	1	4	1	gloves_1	0	136		NaN	0	0		0	0	533.0674467	533.1674397	0.099993
48666.75	0.0999922	534	stimuli/foods\coffee_beans.jpg	1	4	1	coffee_beans	1	90	TF_029	0	0	0		0	0	533.2174507	533.3174429	0.0999922
48704.25	0.1000015	535	stimuli/non_foods\stim086_inanimate_clothing_hat_2.png	1	4	1	hat_2	0	156		NaN	0	0		0	0	533.3674375	533.467439	0.1000015
48741.75	0.099991	536	stimuli/non_foods\stim002_animate_bird_chicken_2.png	1	4	1	chicken_2	0	67		NaN	0	0		0	0	533.5174435	533.6174345	0.099991
48779.25	0.0999892	537	stimuli/non_foods\stim110_inanimate_furniture_closet_2.png	1	4	1	closet_2	0	82		NaN	0	0		0	0	533.667444	533.7674332	0.0999892
48816.75	0.1	538	stimuli/foods\salmon.jpg	1	4	1	salmon	1	256	TF_130	0	0	0		0	0	533.8174357	533.9174357	0.1
48854.25	0.0999933	539	stimuli/non_foods\stim096_inanimate_clothing_shirt_4.png	1	4	1	shirt_4	0	265		NaN	0	0		0	0	533.9674417	534.067435	0.0999933
48891.75	0.0999883	540	stimuli/foods\watermelon.jpg	1	4	1	watermelon	1	309	NF_005	1	0	0		0	0	534.1174408	534.2174291	0.0999883
48929.25	0.1000208	541	stimuli/non_foods\stim008_animate_bird_duck_4.png	1	4	1	duck_4	0	114		NaN	0	0		0	0	534.2674359	534.3674567	0.1000208
48966.75	0.0999393	542	stimuli/foods\steak.jpg	1	4	1	steak	1	283	TF_013	0	0	0		0	0	534.417488	534.5174273	0.0999393
49004.25	0.0999898	543	stimuli/foods\oyster.jpg	1	4	1	oyster	1	204	NF_067	1	0	0		0	0	534.567436	534.6674258	0.0999898
49041.75	0.0999933	544	stimuli/foods\donut.jpg	1	4	1	donut	1	105	TF_032	0	0	0		0	0	534.7174383	534.8174316	0.0999933
49079.25	0.0999882	545	stimuli/foods\grapefruits.jpg	1	4	1	grapefruits	1	141	NF_085	1	0	0		0	0	534.867437	534.9674252	0.0999882
49116.75	0.0999874	546	stimuli/foods\chocolate_pralines.jpg	1	4	1	chocolate_pralines	1	77	TF_035	0	0	0		0	0	535.0174338	535.1174212	0.0999874
49154.25	0.0999918	547	stimuli/foods\coconut.jpg	1	4	1	coconut	1	89	NF_030	1	0	0		0	0	535.167433	535.2674248	0.0999918
49191.75	0.0999963	548	stimuli/non_foods\stim157_inanimate_tools_wrench_1.png	1	4	1	wrench_1	0	310		NaN	0	0		0	0	535.3174234	535.4174197	0.0999963
49229.25	0.0999989	549	stimuli/non_foods\stim124_inanimate_plants_bush_4.png	1	4	1	bush_4	0	43		NaN	0	0		0	0	535.4674233	535.5674222	0.0999989
49266.75	0.099996	550	stimuli/non_foods\stim027_animate_human_child_3.png	1	4	1	child_3	0	72		NaN	0	0		0	0	535.6174234	535.7174194	0.099996
49304.25	0.0999924	551	stimuli/foods\grilled_chicken_breast.jpg	1	4	1	grilled_chicken_breast	1	149	TF_104	0	0	0		0	0	535.7674258	535.8674182	0.0999924
49341.75	0.099991	552	stimuli/foods\hamburger.jpg	1	4	1	hamburger	1	150	TF_069	0	0	0		0	0	535.9174255	536.0174165	0.099991
49379.25	0.1000059	553	stimuli/foods\rice.jpg	1	4	1	rice	1	250	TF_121	0	0	0		0	0	536.0674286	536.1674345	0.1000059
49416.75	0.0999737	554	stimuli/foods\fries.jpg	1	4	1	fries	1	126	TF_094	0	0	0		0	0	536.217439	536.3174127	0.0999737
49454.25	0.0999866	555	stimuli/foods\cauliflower.jpg	1	4	1	cauliflower	1	57	NF_022	1	0	0		0	0	536.3674237	536.4674103	0.0999866
49491.75	0.099996	556	stimuli/non_foods\stim062_animate_mammal_cow_2.png	1	4	1	cow_2	0	95		NaN	0	0		0	0	536.5174145	536.6174105	0.099996
49529.25	0.0999931	557	stimuli/non_foods\stim078_animate_mammal_rhino_2.png	1	4	1	rhino_2	0	247		NaN	0	0		0	0	536.6674142	536.7674073	0.0999931
49566.75	0.0999974	558	stimuli/non_foods\stim041_animate_insect_ant_1.png	1	4	1	ant_1	0	1		NaN	0	0		0	0	536.8174101	536.9174075	0.0999974
49604.25	0.0999947	559	stimuli/non_foods\stim115_inanimate_furniture_sofa_3.png	1	4	1	sofa_3	0	273		NaN	0	0		0	0	536.9674145	537.0674092	0.0999947
49641.75	0.0999773	560	stimuli/foods\peas.jpg	1	4	1	peas	1	224	NF_081	1	0	0		0	0	537.1174177	537.217395	0.0999773
49679.25	0.0999911	561	stimuli/non_foods\stim007_animate_bird_duck_3.png	1	4	1	duck_3	0	113		NaN	0	0		0	0	537.2674193	537.3674104	0.0999911
49716.75	0.09999	562	stimuli/foods\smoked_ham.jpg	1	4	1	smoked_ham	1	266	TF_118	0	0	0		0	0	537.4174139	537.5174039	0.09999
49754.25	0.0999914	563	stimuli/foods\bread.jpg	1	4	1	bread	1	26	TF_089	0	0	0		0	0	537.5674094	537.6674008	0.0999914
49791.75	0.0999895	564	stimuli/foods\green_olives.jpg	1	4	1	green_olives	1	148	TF_085	0	0	0		0	0	537.7174114	537.8174009	0.0999895
49829.25	0.1000189	565	stimuli/non_foods\stim028_animate_human_child_4.png	1	4	1	child_4	0	73		NaN	0	0		0	0	537.8674065	537.9674254	0.1000189
49866.75	0.0999953	566	stimuli/non_foods\stim094_inanimate_clothing_shirt_2.png	1	4	1	shirt_2	0	263		NaN	0	0		0	0	538.0174019	538.1173972	0.0999953
49904.25	0.100003	567	stimuli/non_foods\stim073_animate_mammal_monkey_1.png	1	4	1	monkey_1	0	188		NaN	0	0		0	0	538.1673972	538.2674002	0.100003
49941.75	0.0999932	568	stimuli/non_foods\stim084_inanimate_clothing_gloves_4.png	1	4	1	gloves_4	0	139		NaN	0	0		0	0	538.317402	538.4173952	0.0999932
49979.25	0.1000276	569	stimuli/non_foods\stim138_inanimate_plants_tulip_2.png	1	4	1	tulip_2	0	304		NaN	0	0		0	0	538.4673666	538.5673942	0.1000276
50016.75	0.0999908	570	stimuli/foods\asparagus.jpg	1	4	1	asparagus	1	8	NF_010	1	0	0		0	0	538.6174027	538.7173935	0.0999908
50054.25	0.0999958	571	stimuli/non_foods\stim136_inanimate_plants_tree_4.png	1	4	1	tree_4	0	302		NaN	0	0		0	0	538.7673943	538.8673901	0.0999958
50091.75	0.0999952	572	stimuli/non_foods\stim095_inanimate_clothing_shirt_3.png	1	4	1	shirt_3	0	264		NaN	0	0		0	0	538.9173956	539.0173908	0.0999952
50129.25	0.0999917	573	stimuli/non_foods\stim019_animate_bird_penguin_3.png	1	4	1	penguin_3	0	227		NaN	0	0		0	0	539.0673924	539.1673841	0.0999917
50166.75	0.0999954	574	stimuli/non_foods\stim127_inanimate_plants_cactus_3.png	1	4	1	cactus_3	0	51		NaN	0	0		0	0	539.2173919	539.3173873	0.0999954
50204.25	0.0999962	575	stimuli/non_foods\stim099_inanimate_clothing_socks_3.png	1	4	1	socks_3	0	269		NaN	0	0		0	0	539.3673904	539.4673866	0.0999962
50241.75	0.0999838	576	stimuli/foods\taco.jpg	1	4	1	taco	1	295	TF_141	0	0	0		0	0	539.5173974	539.6173812	0.0999838
50279.25	0.1000097	577	stimuli/non_foods\stim060_animate_insect_grasshopper_4.png	1	4	1	grasshopper_4	0	146		NaN	0	0		0	0	539.6673833	539.767393	0.1000097
50316.75	0.0999891	578	stimuli/foods\rice_cake.jpg	1	4	1	rice_cake	1	251	TF_059	0	0	0		0	0	539.8173908	539.9173799	0.0999891
50354.25	0.099988	579	stimuli/foods\linguine_with_clams.jpg	1	4	1	linguine_with_clams	1	181	TF_077	0	0	0		0	0	539.9673891	540.0673771	0.099988
50391.75	0.0999847	580	stimuli/foods\oven-roasted_tomatoes.jpg	1	4	1	oven-roasted_tomatoes	1	203	TF_114	0	0	0		0	0	540.1173929	540.2173776	0.0999847
50429.25	0.0999948	581	stimuli/non_foods\stim044_animate_insect_ant_4.png	1	4	1	ant_4	0	4		NaN	0	0		0	0	540.2673785	540.3673733	0.0999948
50466.75	0.0999977	582	stimuli/non_foods\stim156_inanimate_tools_scissors_4.png	1	4	1	scissors_4	0	261		NaN	0	0		0	0	540.4173779	540.5173756	0.0999977
50504.25	0.0999844	583	stimuli/foods\figs.jpg	1	4	1	figs	1	122	NF_035	1	0	0		0	0	540.567385	540.6673694	0.0999844
50541.75	0.1000097	584	stimuli/non_foods\stim129_inanimate_plants_sunflower_1.png	1	4	1	sunflower_1	0	286		NaN	0	0		0	0	540.7173792	540.8173889	0.1000097
50579.25	0.0999897	585	stimuli/foods\fruit_flan.jpg	1	4	1	fruit_flan	1	127	TF_093	0	0	0		0	0	540.8673799	540.9673696	0.0999897
50616.75	0.0999948	586	stimuli/non_foods\stim048_animate_insect_bug_4.png	1	4	1	bug_4	0	39		NaN	0	0		0	0	541.0173747	541.1173695	0.0999948
50654.25	0.0999953	587	stimuli/non_foods\stim101_inanimate_furniture_bed_1.png	1	4	1	bed_1	0	19		NaN	0	0		0	0	541.1673715	541.2673668	0.0999953
50691.75	0.0999987	588	stimuli/non_foods\stim107_inanimate_furniture_chair_3.png	1	4	1	chair_3	0	62		NaN	0	0		0	0	541.317373	541.4173717	0.0999987
50729.25	0.099965	589	stimuli/foods\tomato.jpg	1	4	1	tomato	1	298	NF_084	1	1	0		0	0	541.4674012	541.5673662	0.099965
50766.75	0.0999977	590	stimuli/non_foods\stim076_animate_mammal_monkey_4.png	1	4	1	monkey_4	0	191		NaN	0	0		0	0	541.6173678	541.7173655	0.0999977
50804.25	0.0999896	591	stimuli/foods\ginger_root.jpg	1	4	1	ginger_root	1	131	NF_088	1	0	0		0	0	541.7673732	541.8673628	0.0999896
50841.75	0.0999955	592	stimuli/non_foods\stim046_animate_insect_bug_2.png	1	4	1	bug_2	0	37		NaN	0	1	a	0.4507779	1	541.9173627	542.0173582	0.0999955
50879.25	0.0999922	593	stimuli/foods\croissant.jpg	1	4	1	croissant	1	100	TF_037	0	0	0		0	0	542.0673701	542.1673623	0.0999922
50916.75	0.0999903	594	stimuli/foods\pea_pod.jpg	1	4	1	pea_pod	1	217	NF_082	1	0	0		0	0	542.2173702	542.3173605	0.0999903
50954.25	0.0999941	595	stimuli/non_foods\stim137_inanimate_plants_tulip_1.png	1	4	1	tulip_1	0	303		NaN	0	0		0	0	542.3673603	542.4673544	0.0999941
50991.75	0.0999915	596	stimuli/non_foods\stim150_inanimate_tools_pan_2.png	1	4	1	pan_2	0	206		NaN	0	0		0	0	542.5173578	542.6173493	0.0999915
51029.25	0.0999862	597	stimuli/foods\minestrone_soup.jpg	1	4	1	minestrone_soup	1	187	TF_160	0	0	0		0	0	542.6673639	542.7673501	0.0999862
51066.75	0.0999903	598	stimuli/foods\spring_onions.jpg	1	4	1	spring_onions	1	282	NF_086	1	0	0		0	0	542.8173639	542.9173542	0.0999903
51104.25	0.099975	599	stimuli/foods\salami.jpg	1	4	1	salami	1	255	TF_127	0	0	0		0	0	542.9673692	543.0673442	0.099975
51141.75	0.0999814	600	stimuli/foods\fruit_pie.jpg	1	4	1	fruit_pie	1	128	TF_147	0	0	0		0	0	543.1173605	543.2173419	0.0999814
51179.25	0.0999573	601	stimuli/non_foods\stim061_animate_mammal_cow_1.png	1	4	1	cow_1	0	94		NaN	0	0		0	0	543.2673939	543.3673512	0.0999573
51216.75	0.0999947	602	stimuli/non_foods\stim130_inanimate_plants_sunflower_2.png	1	4	1	sunflower_2	0	287		NaN	0	0		0	0	543.4173529	543.5173476	0.0999947
51254.25	0.0999974	603	stimuli/non_foods\stim153_inanimate_tools_scissors_1.png	1	4	1	scissors_1	0	258		NaN	0	0		0	0	543.5673476	543.667345	0.0999974
51291.75	0.0999907	604	stimuli/foods\carrot.jpg	1	4	1	carrot	1	56	NF_019	1	0	0		0	0	543.7173576	543.8173483	0.0999907
51329.25	0.0999945	605	stimuli/non_foods\stim024_animate_human_baby_4.png	1	4	1	baby_4	0	13		NaN	0	0		0	0	543.8673479	543.9673424	0.0999945
51366.75	0.0999914	606	stimuli/non_foods\stim063_animate_mammal_cow_3.png	1	4	1	cow_3	0	96		NaN	0	0		0	0	544.0173471	544.1173385	0.0999914
51404.25	0.0999925	607	stimuli/non_foods\stim120_inanimate_furniture_table_4.png	1	4	1	table_4	0	294		NaN	0	0		0	0	544.1673477	544.2673402	0.0999925
51441.75	0.0999892	608	stimuli/foods\pear.jpg	1	4	1	pear	1	223	NF_077	1	0	0		0	0	544.3173507	544.4173399	0.0999892
51479.25	0.0999975	609	stimuli/non_foods\stim128_inanimate_plants_cactus_4.png	1	4	1	cactus_4	0	52		NaN	0	0		0	0	544.4673428	544.5673403	0.0999975
51516.75	0.0999881	610	stimuli/foods\celery.jpg	1	4	1	celery	1	58	NF_092	1	0	0		0	0	544.6173474	544.7173355	0.0999881
51554.25	0.0999955	611	stimuli/non_foods\stim065_animate_mammal_giraffe_1.png	1	4	1	giraffe_1	0	132		NaN	0	0		0	0	544.7673378	544.8673333	0.0999955
51591.75	0.0999788	612	stimuli/foods\cucumber.jpg	1	4	1	cucumber	1	101	NF_026	1	0	0		0	0	544.9173446	545.0173234	0.0999788
51629.25	0.0999584	613	stimuli/foods\apple.jpg	1	4	1	apple	1	5	NF_055	1	0	0		0	0	545.0673746	545.167333	0.0999584
51666.75	0.0999913	614	stimuli/foods\mussels.jpg	1	4	1	mussels	1	195	TF_042	0	0	0		0	0	545.2173433	545.3173346	0.0999913
51704.25	0.0999952	615	stimuli/non_foods\stim051_animate_insect_butterfly_3.png	1	4	1	butterfly_3	0	46		NaN	0	0		0	0	545.3673327	545.4673279	0.0999952
51741.75	0.0999925	616	stimuli/foods\dried_figs.jpg	1	4	1	dried_figs	1	110	TF_054	0	0	0		0	0	545.5173375	545.61733	0.0999925
51779.25	0.0999927	617	stimuli/non_foods\stim092_inanimate_clothing_jeans_4.png	1	4	1	jeans_4	0	167		NaN	0	0		0	0	545.6673342	545.7673269	0.0999927
51816.75	0.0999893	618	stimuli/foods\lemon.jpg	1	4	1	lemon	1	175	NF_049	1	0	0		0	0	545.8173368	545.9173261	0.0999893
51854.25	0.099993	619	stimuli/foods\red_cabbage.jpg	1	4	1	red_cabbage	1	245	NF_023	1	0	0		0	0	545.9673347	546.0673277	0.099993
51891.75	0.0999656	620	stimuli/foods\eggplant.jpg	1	4	1	eggplant	1	116	NF_059	1	0	0		0	0	546.1173548	546.2173204	0.0999656
51929.25	0.0999887	621	stimuli/foods\blue_cheese.jpg	1	4	1	blue_cheese	1	25	TF_066	0	0	0		0	0	546.2673324	546.3673211	0.0999887
51966.75	0.0999843	622	stimuli/foods\pork_and_rice.jpg	1	4	1	pork_and_rice	1	233	TF_080	0	0	0		0	0	546.4173368	546.5173211	0.0999843
52004.25	0.0999896	623	stimuli/foods\kiwi.jpg	1	4	1	kiwi	1	172	NF_044	1	0	0		0	0	546.5673278	546.6673174	0.0999896
52041.75	0.1000048	624	stimuli/foods\pancakes.jpg	1	4	1	pancakes	1	209	TF_058	0	0	0		0	0	546.7173297	546.8173345	0.1000048
52079.25	0.0999876	625	stimuli/foods\grapes.jpg	1	4	1	grapes	1	142	NF_098	1	0	0		0	0	546.8673214	546.967309	0.0999876
52116.75	0.0999875	626	stimuli/foods\chocolate_chip_cookies.jpg	1	4	1	chocolate_chip_cookies	1	76	TF_010	0	0	0		0	0	547.01732	547.1173075	0.0999875
52154.25	0.099987	627	stimuli/foods\cupcake.jpg	1	4	1	cupcake	1	102	TF_050	0	0	0		0	0	547.1673176	547.2673046	0.099987
53187.5	0.0999897	628	stimuli/non_foods\stim041_animate_insect_ant_1.png	1	5	1	ant_1	0	1		NaN	0	0		0	0	551.3006212	551.4006109	0.0999897
53225	0.0999931	629	stimuli/non_foods\stim004_animate_bird_chicken_4.png	1	5	1	chicken_4	0	69		NaN	0	0		0	0	551.4506128	551.5506059	0.0999931
53262.5	0.0999963	630	stimuli/non_foods\stim026_animate_human_child_2.png	1	5	1	child_2	0	71		NaN	0	0		0	0	551.6006132	551.7006095	0.0999963
53300	0.0999951	631	stimuli/foods\gnocchi.jpg	1	5	1	gnocchi	1	140	TF_064	0	0	0		0	0	551.75061	551.8506051	0.0999951
53337.5	0.0999905	632	stimuli/foods\taco.jpg	1	5	1	taco	1	295	TF_141	0	0	0		0	0	551.900615	552.0006055	0.0999905
53375	0.0999913	633	stimuli/non_foods\stim052_animate_insect_butterfly_4.png	1	5	1	butterfly_4	0	47		NaN	0	0		0	0	552.0506098	552.1506011	0.0999913
53412.5	0.0999964	634	stimuli/non_foods\stim042_animate_insect_ant_2.png	1	5	1	ant_2	0	2		NaN	0	0		0	0	552.2006037	552.3006001	0.0999964
53450	0.0999895	635	stimuli/foods\cuttlefish.jpg	1	5	1	cuttlefish	1	103	NF_093	1	0	0		0	0	552.3506145	552.450604	0.0999895
53487.5	0.0999859	636	stimuli/foods\bread.jpg	1	5	1	bread	1	26	TF_089	0	0	0		0	0	552.5006142	552.6006001	0.0999859
53525	0.0999877	637	stimuli/foods\apricot.jpg	1	5	1	apricot	1	6	NF_002	1	0	0		0	0	552.650609	552.7505967	0.0999877
53562.5	0.0999965	638	stimuli/non_foods\stim070_animate_mammal_kangaroo_2.png	1	5	1	kangaroo_2	0	169		NaN	0	0		0	0	552.8006009	552.9005974	0.0999965
53600	0.0999985	639	stimuli/non_foods\stim046_animate_insect_bug_2.png	1	5	1	bug_2	0	37		NaN	0	0		0	0	552.9505973	553.0505958	0.0999985
53637.5	0.1000011	640	stimuli/non_foods\stim006_animate_bird_duck_2.png	1	5	1	duck_2	0	112		NaN	0	0		0	0	553.1005998	553.2006009	0.1000011
53675	0.0999758	641	stimuli/foods\lamb_chops.jpg	1	5	1	lamb_chops	1	173	TF_040	0	0	0		0	0	553.2506085	553.3505843	0.0999758
53712.5	0.0999954	642	stimuli/non_foods\stim094_inanimate_clothing_shirt_2.png	1	5	1	shirt_2	0	263		NaN	0	0		0	0	553.4005887	553.5005841	0.0999954
53750	0.1000151	643	stimuli/foods\wafer.jpg	1	5	1	wafer	1	307	TF_155	0	0	0		0	0	553.5505767	553.6505918	0.1000151
53787.5	0.0999884	644	stimuli/foods\chocolate_bar.jpg	1	5	1	chocolate_bar	1	75	TF_033	0	0	0		0	0	553.7006003	553.8005887	0.0999884
53825	0.09999	645	stimuli/foods\celery.jpg	1	5	1	celery	1	58	NF_092	1	0	0		0	0	553.8505979	553.9505879	0.09999
53862.5	0.0999941	646	stimuli/non_foods\stim011_animate_bird_parrot_3.png	1	5	1	parrot_3	0	214		NaN	0	0		0	0	554.0005916	554.1005857	0.0999941
53900	0.0999951	647	stimuli/non_foods\stim158_inanimate_tools_wrench_2.png	1	5	1	wrench_2	0	311		NaN	0	0		0	0	554.1505891	554.2505842	0.0999951
53937.5	0.0999976	648	stimuli/non_foods\stim057_animate_insect_grasshopper_1.png	1	5	1	grasshopper_1	0	143		NaN	0	0		0	0	554.300585	554.4005826	0.0999976
53975	0.1000019	649	stimuli/foods\oven-roasted_tomatoes.jpg	1	5	1	oven-roasted_tomatoes	1	203	TF_114	0	0	0		0	0	554.4505818	554.5505837	0.1000019
54012.5	0.0999991	650	stimuli/non_foods\stim056_animate_insect_dragonfly_4.png	1	5	1	dragonfly_4	0	109		NaN	0	0		0	0	554.6005839	554.700583	0.0999991
54050	0.0999919	651	stimuli/foods\fried_zucchini.jpg	1	5	1	fried_zucchini	1	125	TF_159	0	0	0		0	0	554.7505897	554.8505816	0.0999919
54087.5	0.0999957	652	stimuli/non_foods\stim020_animate_bird_penguin_4.png	1	5	1	penguin_4	0	228		NaN	0	0		0	0	554.9005812	555.0005769	0.0999957
54125	0.0999997	653	stimuli/non_foods\stim010_animate_bird_parrot_2.png	1	5	1	parrot_2	0	213		NaN	0	0		0	0	555.0505771	555.1505768	0.0999997
54162.5	0.0999871	654	stimuli/foods\green_beans.jpg	1	5	1	green_beans	1	147	NF_034	1	0	0		0	0	555.2005886	555.3005757	0.0999871
54200	0.0999903	655	stimuli/foods\lasagna.jpg	1	5	1	lasagna	1	174	TF_076	0	0	0		0	0	555.3505845	555.4505748	0.0999903
54237.5	0.0999961	656	stimuli/non_foods\stim071_animate_mammal_kangaroo_3.png	1	5	1	kangaroo_3	0	170		NaN	1	0		0	0	555.5005759	555.600572	0.0999961
54275	0.0999961	657	stimuli/non_foods\stim156_inanimate_tools_scissors_4.png	1	5	1	scissors_4	0	261		NaN	0	0		0	0	555.6505742	555.7505703	0.0999961
54312.5	0.099987	658	stimuli/foods\spaghetti_with_olives_and_capers.jpg	1	5	1	spaghetti_with_olives_and_capers	1	276	TF_135	0	0	1	a	0.3920998	1	555.800578	555.900565	0.099987
54350	0.0999869	659	stimuli/foods\stew_with_potatoes_and_carrots.jpg	1	5	1	stew_with_potatoes_and_carrots	1	284	TF_139	0	0	0		0	0	555.9505805	556.0505674	0.0999869
54387.5	0.099983	660	stimuli/non_foods\stim085_inanimate_clothing_hat_1.png	1	5	1	hat_1	0	155		NaN	0	0		0	0	556.1005749	556.2005579	0.099983
54425	0.0999767	661	stimuli/non_foods\stim002_animate_bird_chicken_2.png	1	5	1	chicken_2	0	67		NaN	0	0		0	0	556.2505871	556.3505638	0.0999767
54462.5	0.0999891	662	stimuli/foods\nougat.jpg	1	5	1	nougat	1	197	TF_144	0	0	0		0	0	556.400574	556.5005631	0.0999891
54500	0.0999918	663	stimuli/foods\bread_roll.jpg	1	5	1	bread_roll	1	27	TF_090	0	0	0		0	0	556.5505711	556.6505629	0.0999918
54537.5	0.0999959	664	stimuli/non_foods\stim131_inanimate_plants_sunflower_3.png	1	5	1	sunflower_3	0	288		NaN	0	0		0	0	556.7005649	556.8005608	0.0999959
54575	0.0999938	665	stimuli/non_foods\stim153_inanimate_tools_scissors_1.png	1	5	1	scissors_1	0	258		NaN	0	0		0	0	556.8505644	556.9505582	0.0999938
54612.5	0.0999895	666	stimuli/non_foods\stim100_inanimate_clothing_socks_4.png	1	5	1	socks_4	0	270		NaN	0	0		0	0	557.0005626	557.1005521	0.0999895
54650	0.0999969	667	stimuli/foods\baked_cod_with_carrots_and_green_beans.jpg	1	5	1	baked_cod_with_carrots_and_green_beans	1	16	TF_082	0	0	0		0	0	557.1505607	557.2505576	0.0999969
54687.5	0.0999892	668	stimuli/foods\museli_bars.jpg	1	5	1	museli_bars	1	193	TF_008	0	0	0		0	0	557.300567	557.4005562	0.0999892
54725	0.0999982	669	stimuli/non_foods\stim138_inanimate_plants_tulip_2.png	1	5	1	tulip_2	0	304		NaN	0	0		0	0	557.4505561	557.5505543	0.0999982
54762.5	0.0999914	670	stimuli/foods\cream_donuts.jpg	1	5	1	cream_donuts	1	99	TF_014	0	0	0		0	0	557.6005661	557.7005575	0.0999914
54800	0.0999966	671	stimuli/non_foods\stim038_animate_human_sports_2.png	1	5	1	sports_2	0	279		NaN	0	0		0	0	557.7505544	557.850551	0.0999966
54837.5	0.0999922	672	stimuli/foods\lettuce.jpg	1	5	1	lettuce	1	178	NF_046	1	0	0		0	0	557.9005598	558.000552	0.0999922
54875	0.0999957	673	stimuli/non_foods\stim033_animate_human_faces_1.png	1	5	1	faces_1	0	117		NaN	0	0		0	0	558.0505523	558.150548	0.0999957
54912.5	0.099965	674	stimuli/foods\spinach.jpg	1	5	1	spinach	1	277	NF_094	1	0	0		0	0	558.200558	558.300523	0.099965
54950	0.0999863	675	stimuli/foods\capsicum.jpg	1	5	1	capsicum	1	55	NF_076	1	0	0		0	0	558.3505635	558.4505498	0.0999863
54987.5	0.0999896	676	stimuli/non_foods\stim135_inanimate_plants_tree_3.png	1	5	1	tree_3	0	301		NaN	0	0		0	0	558.5005538	558.6005434	0.0999896
55025	0.1000006	677	stimuli/non_foods\stim074_animate_mammal_monkey_2.png	1	5	1	monkey_2	0	189		NaN	0	0		0	0	558.6505459	558.7505465	0.1000006
55062.5	0.0999969	678	stimuli/non_foods\stim104_inanimate_furniture_bed_4.png	1	5	1	bed_4	0	22		NaN	0	0		0	0	558.8005471	558.900544	0.0999969
55100	0.0999952	679	stimuli/non_foods\stim082_inanimate_clothing_gloves_2.png	1	5	1	gloves_2	0	137		NaN	0	0		0	0	558.9505447	559.0505399	0.0999952
55137.5	0.0999931	680	stimuli/foods\lime.jpg	1	5	1	lime	1	180	NF_048	1	0	0		0	0	559.1005468	559.2005399	0.0999931
55175	0.0999866	681	stimuli/non_foods\stim106_inanimate_furniture_chair_2.png	1	5	1	chair_2	0	61		NaN	0	0		0	0	559.2505459	559.3505325	0.0999866
55212.5	0.1000051	682	stimuli/non_foods\stim019_animate_bird_penguin_3.png	1	5	1	penguin_3	0	227		NaN	0	0		0	0	559.4005404	559.5005455	0.1000051
55250	0.100003	683	stimuli/non_foods\stim108_inanimate_furniture_chair_4.png	1	5	1	chair_4	0	63		NaN	0	0		0	0	559.5505448	559.6505478	0.100003
55287.5	0.1000067	684	stimuli/foods\chestnut.jpg	1	5	1	chestnut	1	65	NF_020	1	0	0		0	0	559.7005173	559.800524	0.1000067
55325	0.1000064	685	stimuli/foods\octopus.jpg	1	5	1	octopus	1	198	TF_113	0	0	0		0	0	559.8505347	559.9505411	0.1000064
55362.5	0.0999962	686	stimuli/foods\blue_cheese.jpg	1	5	1	blue_cheese	1	25	TF_066	0	0	0		0	0	560.0005419	560.1005381	0.0999962
55400	0.0999827	687	stimuli/foods\meatballs.jpg	1	5	1	meatballs	1	186	TF_112	0	0	0		0	0	560.1505424	560.2505251	0.0999827
55437.5	0.1000006	688	stimuli/foods\eggplant.jpg	1	5	1	eggplant	1	116	NF_059	1	0	0		0	0	560.3005228	560.4005234	0.1000006
55475	0.0999926	689	stimuli/foods\pepperoni_pizza.jpg	1	5	1	pepperoni_pizza	1	229	TF_106	0	0	0		0	0	560.4505356	560.5505282	0.0999926
55512.5	0.0999896	690	stimuli/foods\watermelon.jpg	1	5	1	watermelon	1	309	NF_005	1	0	0		0	0	560.6005378	560.7005274	0.0999896
55550	0.0999896	691	stimuli/foods\coconut.jpg	1	5	1	coconut	1	89	NF_030	1	0	0		0	0	560.7505361	560.8505257	0.0999896
55587.5	0.0999936	692	stimuli/non_foods\stim115_inanimate_furniture_sofa_3.png	1	5	1	sofa_3	0	273		NaN	0	0		0	0	560.9005286	561.0005222	0.0999936
55625	0.0999965	693	stimuli/non_foods\stim125_inanimate_plants_cactus_1.png	1	5	1	cactus_1	0	49		NaN	0	0		0	0	561.0505286	561.1505251	0.0999965
55662.5	0.0999925	694	stimuli/non_foods\stim103_inanimate_furniture_bed_3.png	1	5	1	bed_3	0	21		NaN	0	0		0	0	561.2005282	561.3005207	0.0999925
55700	0.0999929	695	stimuli/foods\roasted_chicken.jpg	1	5	1	roasted_chicken	1	253	TF_109	0	0	0		0	0	561.3505274	561.4505203	0.0999929
55737.5	0.0999969	696	stimuli/non_foods\stim090_inanimate_clothing_jeans_2.png	1	5	1	jeans_2	0	165		NaN	0	0		0	0	561.5005238	561.6005207	0.0999969
55775	0.0999961	697	stimuli/non_foods\stim008_animate_bird_duck_4.png	1	5	1	duck_4	0	114		NaN	0	0		0	0	561.6505206	561.7505167	0.0999961
55812.5	0.0999873	698	stimuli/non_foods\stim130_inanimate_plants_sunflower_2.png	1	5	1	sunflower_2	0	287		NaN	0	0		0	0	561.8005203	561.9005076	0.0999873
55850	0.1000001	699	stimuli/non_foods\stim150_inanimate_tools_pan_2.png	1	5	1	pan_2	0	206		NaN	0	0		0	0	561.9505147	562.0505148	0.1000001
55887.5	0.0999956	700	stimuli/non_foods\stim099_inanimate_clothing_socks_3.png	1	5	1	socks_3	0	269		NaN	0	0		0	0	562.1005195	562.2005151	0.0999956
55925	0.0999871	701	stimuli/foods\cinnamon_sroll.jpg	1	5	1	cinnamon_sroll	1	80	TF_021	0	0	0		0	0	562.250525	562.3505121	0.0999871
55962.5	0.1000003	702	stimuli/foods\licorice.jpg	1	5	1	licorice	1	179	TF_078	0	0	0		0	0	562.4005125	562.5005128	0.1000003
56000	0.0999932	703	stimuli/non_foods\stim110_inanimate_furniture_closet_2.png	1	5	1	closet_2	0	82		NaN	0	0		0	0	562.5505174	562.6505106	0.0999932
56037.5	0.099998	704	stimuli/non_foods\stim117_inanimate_furniture_table_1.png	1	5	1	table_1	0	291		NaN	0	0		0	0	562.7005115	562.8005095	0.099998
56075	0.099993	705	stimuli/foods\mussels.jpg	1	5	1	mussels	1	195	TF_042	0	0	0		0	0	562.8505182	562.9505112	0.099993
56112.5	0.0999845	706	stimuli/foods\oyster.jpg	1	5	1	oyster	1	204	NF_067	1	0	0		0	0	563.0005184	563.1005029	0.0999845
56150	0.1000007	707	stimuli/non_foods\stim124_inanimate_plants_bush_4.png	1	5	1	bush_4	0	43		NaN	0	0		0	0	563.1505046	563.2505053	0.1000007
56187.5	0.1	708	stimuli/non_foods\stim093_inanimate_clothing_shirt_1.png	1	5	1	shirt_1	0	262		NaN	0	0		0	0	563.300505	563.400505	0.1
56225	0.0999965	709	stimuli/foods\kiwi.jpg	1	5	1	kiwi	1	172	NF_044	1	0	0		0	0	563.450505	563.5505015	0.0999965
56262.5	0.099997	710	stimuli/foods\ice_cream_sandwich.jpg	1	5	1	ice_cream_sandwich	1	163	TF_061	0	0	0		0	0	563.600511	563.700508	0.099997
56300	0.0999962	711	stimuli/non_foods\stim160_inanimate_tools_wrench_4.png	1	5	1	wrench_4	0	313		NaN	0	0		0	0	563.7505018	563.850498	0.0999962
56337.5	0.0999923	712	stimuli/foods\fennel.jpg	1	5	1	fennel	1	121	NF_036	1	0	0		0	0	563.9005047	564.000497	0.0999923
56375	0.0999977	713	stimuli/non_foods\stim116_inanimate_furniture_sofa_4.png	1	5	1	sofa_4	0	274		NaN	0	0		0	0	564.0504983	564.150496	0.0999977
56412.5	0.0999923	714	stimuli/non_foods\stim067_animate_mammal_giraffe_3.png	1	5	1	giraffe_3	0	134		NaN	0	0		0	0	564.2004995	564.3004918	0.0999923
56450	0.0999948	715	stimuli/non_foods\stim001_animate_bird_chicken_1.png	1	5	1	chicken_1	0	66		NaN	0	0		0	0	564.3504985	564.4504933	0.0999948
56487.5	0.0999934	716	stimuli/foods\baguette.jpg	1	5	1	baguette	1	15	TF_006	0	0	0		0	0	564.5005002	564.6004936	0.0999934
56525	0.0999864	717	stimuli/foods\linguine_with_clams.jpg	1	5	1	linguine_with_clams	1	181	TF_077	0	0	0		0	0	564.6505015	564.7504879	0.0999864
56562.5	0.0999941	718	stimuli/foods\pineapple.jpg	1	5	1	pineapple	1	231	NF_004	1	0	0		0	0	564.8004978	564.9004919	0.0999941
56600	0.0999959	719	stimuli/non_foods\stim091_inanimate_clothing_jeans_3.png	1	5	1	jeans_3	0	166		NaN	0	0		0	0	564.950493	565.0504889	0.0999959
56637.5	0.0999922	720	stimuli/foods\lemon_meringue_pie.jpg	1	5	1	lemon_meringue_pie	1	176	TF_151	0	0	0		0	0	565.1004975	565.2004897	0.0999922
56675	0.09999	721	stimuli/non_foods\stim023_animate_human_baby_3.png	1	5	1	baby_3	0	12		NaN	0	0		0	0	565.2504949	565.3504849	0.09999
56712.5	0.0999864	722	stimuli/foods\pancakes.jpg	1	5	1	pancakes	1	209	TF_058	0	0	0		0	0	565.4004947	565.5004811	0.0999864
56750	0.099996	723	stimuli/non_foods\stim047_animate_insect_bug_3.png	1	5	1	bug_3	0	38		NaN	0	0		0	0	565.5504854	565.6504814	0.099996
56787.5	0.0999906	724	stimuli/foods\dried_figs.jpg	1	5	1	dried_figs	1	110	TF_054	0	0	0		0	0	565.700491	565.8004816	0.0999906
56825	0.0999964	725	stimuli/non_foods\stim119_inanimate_furniture_table_3.png	1	5	1	table_3	0	293		NaN	0	0		0	0	565.850481	565.9504774	0.0999964
56862.5	0.0999903	726	stimuli/foods\hamburger.jpg	1	5	1	hamburger	1	150	TF_069	0	0	0		0	0	566.0004885	566.1004788	0.0999903
56900	0.0999859	727	stimuli/foods\broccoli.jpg	1	5	1	broccoli	1	29	NF_016	1	0	0		0	0	566.150487	566.2504729	0.0999859
56937.5	0.1	728	stimuli/non_foods\stim136_inanimate_plants_tree_4.png	1	5	1	tree_4	0	302		NaN	0	0		0	0	566.3004787	566.4004787	0.1
56975	0.099996	729	stimuli/non_foods\stim012_animate_bird_parrot_4.png	1	5	1	parrot_4	0	215		NaN	0	0		0	0	566.4504781	566.5504741	0.099996
57012.5	0.0999907	730	stimuli/foods\minestrone_soup.jpg	1	5	1	minestrone_soup	1	187	TF_160	0	0	0		0	0	566.6004832	566.7004739	0.0999907
57050	0.0999971	731	stimuli/non_foods\stim143_inanimate_tools_broom_3.png	1	5	1	broom_3	0	32		NaN	0	0		0	0	566.7504721	566.8504692	0.0999971
57087.5	0.0999904	732	stimuli/foods\grilled_chicken_breast.jpg	1	5	1	grilled_chicken_breast	1	149	TF_104	0	0	0		0	0	566.9004824	567.0004728	0.0999904
57125	0.0999894	733	stimuli/foods\pear.jpg	1	5	1	pear	1	223	NF_077	1	0	0		0	0	567.0504783	567.1504677	0.0999894
57162.5	0.0999896	734	stimuli/foods\waffle.jpg	1	5	1	waffle	1	308	TF_030	0	0	0		0	0	567.2004784	567.300468	0.0999896
57200	0.0999977	735	stimuli/non_foods\stim102_inanimate_furniture_bed_2.png	1	5	1	bed_2	0	20		NaN	0	0		0	0	567.3504695	567.4504672	0.0999977
57237.5	0.0999853	736	stimuli/foods\ice_cream.jpg	1	5	1	ice_cream	1	162	TF_062	0	0	0		0	0	567.5004779	567.6004632	0.0999853
57275	0.0999921	737	stimuli/non_foods\stim146_inanimate_tools_hammer_2.png	1	5	1	hammer_2	0	152		NaN	0	0		0	0	567.6504691	567.7504612	0.0999921
57312.5	0.1000126	738	stimuli/foods\baked_lamb_with_potatoes.jpg	1	5	1	baked_lamb_with_potatoes	1	17	TF_001	0	0	0		0	0	567.8004736	567.9004862	0.1000126
57350	0.0999981	739	stimuli/foods\cauliflower.jpg	1	5	1	cauliflower	1	57	NF_022	1	0	0		0	0	567.9504747	568.0504728	0.0999981
57387.5	0.0999944	740	stimuli/non_foods\stim122_inanimate_plants_bush_2.png	1	5	1	bush_2	0	41		NaN	0	0		0	0	568.1004637	568.2004581	0.0999944
57425	0.0999959	741	stimuli/non_foods\stim005_animate_bird_duck_1.png	1	5	1	duck_1	0	111		NaN	0	0		0	0	568.2504618	568.3504577	0.0999959
57462.5	0.099995	742	stimuli/foods\brie.jpg	1	5	1	brie	1	28	TF_016	0	0	0		0	0	568.4004668	568.5004618	0.099995
57500	0.1000164	743	stimuli/non_foods\stim101_inanimate_furniture_bed_1.png	1	5	1	bed_1	0	19		NaN	0	0		0	0	568.5504358	568.6504522	0.1000164
57537.5	0.0999819	744	stimuli/non_foods\stim045_animate_insect_bug_1.png	1	5	1	bug_1	0	36		NaN	1	0		0	0	568.7004721	568.800454	0.0999819
57575	0.099998	745	stimuli/non_foods\stim139_inanimate_plants_tulip_3.png	1	5	1	tulip_3	0	305		NaN	0	0		0	0	568.8504559	568.9504539	0.099998
57612.5	0.0999984	746	stimuli/foods\honey.jpg	1	5	1	honey	1	160	NF_062	1	0	1	a	0.3922762	1	569.0004588	569.1004572	0.0999984
57650	0.099986	747	stimuli/foods\cinnamon.jpg	1	5	1	cinnamon	1	79	NF_017	1	0	0		0	0	569.1504638	569.2504498	0.099986
57687.5	0.0999966	748	stimuli/non_foods\stim113_inanimate_furniture_sofa_1.png	1	5	1	sofa_1	0	271		NaN	0	0		0	0	569.300453	569.4004496	0.0999966
57725	0.0999894	749	stimuli/foods\rice.jpg	1	5	1	rice	1	250	TF_121	0	0	0		0	0	569.4504589	569.5504483	0.0999894
57762.5	0.0999873	750	stimuli/foods\pumpkin.jpg	1	5	1	pumpkin	1	239	NF_101	1	0	0		0	0	569.6004578	569.7004451	0.0999873
57800	0.1000041	751	stimuli/non_foods\stim081_inanimate_clothing_gloves_1.png	1	5	1	gloves_1	0	136		NaN	0	0		0	0	569.7504506	569.8504547	0.1000041
57837.5	0.0999871	752	stimuli/foods\chocolate_pralines.jpg	1	5	1	chocolate_pralines	1	77	TF_035	0	0	0		0	0	569.9004563	570.0004434	0.0999871
57875	0.0999886	753	stimuli/foods\brownie.jpg	1	5	1	brownie	1	34	TF_011	0	0	0		0	0	570.0504533	570.1504419	0.0999886
57912.5	0.0999952	754	stimuli/non_foods\stim064_animate_mammal_cow_4.png	1	5	1	cow_4	0	97		NaN	0	0		0	0	570.2004459	570.3004411	0.0999952
57950	0.099975	755	stimuli/foods\lobster.jpg	1	5	1	lobster	1	182	NF_007	1	0	0		0	0	570.3504551	570.4504301	0.099975
57987.5	0.0999893	756	stimuli/non_foods\stim060_animate_insect_grasshopper_4.png	1	5	1	grasshopper_4	0	146		NaN	0	0		0	0	570.5004476	570.6004369	0.0999893
58025	0.0999949	757	stimuli/non_foods\stim157_inanimate_tools_wrench_1.png	1	5	1	wrench_1	0	310		NaN	0	0		0	0	570.6504432	570.7504381	0.0999949
58062.5	0.0999913	758	stimuli/non_foods\stim031_animate_human_clown_3.png	1	5	1	clown_3	0	87		NaN	0	0		0	0	570.8004416	570.9004329	0.0999913
58100	0.0999932	759	stimuli/foods\salami.jpg	1	5	1	salami	1	255	TF_127	0	0	0		0	0	570.9504445	571.0504377	0.0999932
58137.5	0.0999956	760	stimuli/foods\grapes.jpg	1	5	1	grapes	1	142	NF_098	1	0	0		0	0	571.1004451	571.2004407	0.0999956
58175	0.0999939	761	stimuli/non_foods\stim080_animate_mammal_rhino_4.png	1	5	1	rhino_4	0	249		NaN	0	0		0	0	571.2504365	571.3504304	0.0999939
58212.5	0.0999406	762	stimuli/foods\mortadella.jpg	1	5	1	mortadella	1	192	TF_083	0	0	0		0	0	571.4004891	571.5004297	0.0999406
58250	0.0999933	763	stimuli/non_foods\stim128_inanimate_plants_cactus_4.png	1	5	1	cactus_4	0	52		NaN	0	0		0	0	571.5504337	571.650427	0.0999933
58287.5	0.099997	764	stimuli/non_foods\stim098_inanimate_clothing_socks_2.png	1	5	1	socks_2	0	268		NaN	0	0		0	0	571.700433	571.80043	0.099997
58325	0.1000042	765	stimuli/non_foods\stim152_inanimate_tools_pan_4.png	1	5	1	pan_4	0	208		NaN	0	0		0	0	571.8504258	571.95043	0.1000042
58362.5	0.0999966	766	stimuli/non_foods\stim053_animate_insect_dragonfly_1.png	1	5	1	dragonfly_1	0	106		NaN	0	0		0	0	572.0004299	572.1004265	0.0999966
58400	0.0999984	767	stimuli/non_foods\stim105_inanimate_furniture_chair_1.png	1	5	1	chair_1	0	60		NaN	0	0		0	0	572.1504279	572.2504263	0.0999984
58437.5	0.099989	768	stimuli/foods\toast.jpg	1	5	1	toast	1	296	TF_053	0	0	0		0	0	572.3004318	572.4004208	0.099989
58475	0.099995	769	stimuli/non_foods\stim155_inanimate_tools_scissors_3.png	1	5	1	scissors_3	0	260		NaN	0	0		0	0	572.4504252	572.5504202	0.099995
58512.5	0.0999987	770	stimuli/non_foods\stim066_animate_mammal_giraffe_2.png	1	5	1	giraffe_2	0	133		NaN	0	0		0	0	572.6004227	572.7004214	0.0999987
58550	0.0999925	771	stimuli/foods\pickles.jpg	1	5	1	pickles	1	230	TF_134	0	0	0		0	0	572.7504268	572.8504193	0.0999925
58587.5	0.0999979	772	stimuli/foods\salmon.jpg	1	5	1	salmon	1	256	TF_130	0	0	0		0	0	572.9004194	573.0004173	0.0999979
58625	0.0999851	773	stimuli/non_foods\stim140_inanimate_plants_tulip_4.png	1	5	1	tulip_4	0	306		NaN	0	0		0	0	573.0504281	573.1504132	0.0999851
58662.5	0.1000007	774	stimuli/non_foods\stim148_inanimate_tools_hammer_4.png	1	5	1	hammer_4	0	154		NaN	0	0		0	0	573.200416	573.3004167	0.1000007
58700	0.0999894	775	stimuli/foods\chocolate_pudding.jpg	1	5	1	chocolate_pudding	1	78	TF_018	0	0	0		0	0	573.3504245	573.4504139	0.0999894
58737.5	0.0999912	776	stimuli/foods\cracker.jpg	1	5	1	cracker	1	98	TF_043	0	0	0		0	0	573.5004211	573.6004123	0.0999912
58775	0.0999935	777	stimuli/non_foods\stim077_animate_mammal_rhino_1.png	1	5	1	rhino_1	0	246		NaN	0	0		0	0	573.6504175	573.750411	0.0999935
58812.5	0.100013	778	stimuli/non_foods\stim154_inanimate_tools_scissors_2.png	1	5	1	scissors_2	0	259		NaN	0	0		0	0	573.800414	573.900427	0.100013
58850	0.0999956	779	stimuli/non_foods\stim097_inanimate_clothing_socks_1.png	1	5	1	socks_1	0	267		NaN	0	0		0	0	573.9504108	574.0504064	0.0999956
58887.5	0.0999927	780	stimuli/foods\lemon.jpg	1	5	1	lemon	1	175	NF_049	1	0	0		0	0	574.1004156	574.2004083	0.0999927
58925	0.100035	781	stimuli/non_foods\stim028_animate_human_child_4.png	1	5	1	child_4	0	73		NaN	0	0		0	0	574.2504078	574.3504428	0.100035
58962.5	0.0999979	782	stimuli/non_foods\stim079_animate_mammal_rhino_3.png	1	5	1	rhino_3	0	248		NaN	0	0		0	0	574.4004108	574.5004087	0.0999979
59000	0.0999961	783	stimuli/non_foods\stim036_animate_human_faces_4.png	1	5	1	faces_4	0	120		NaN	0	0		0	0	574.5504081	574.6504042	0.0999961
59037.5	0.099977	784	stimuli/non_foods\stim022_animate_human_baby_2.png	1	5	1	baby_2	0	11		NaN	0	0		0	0	574.7004228	574.8003998	0.099977
60500	0.099978	785	stimuli/non_foods\stim114_inanimate_furniture_sofa_2.png	1	6	1	sofa_2	0	272		NaN	0	0		0	0	580.550363	580.650341	0.099978
60537.5	0.0999993	786	stimuli/non_foods\stim144_inanimate_tools_broom_4.png	1	6	1	broom_4	0	33		NaN	0	0		0	0	580.7003466	580.8003459	0.0999993
60575	0.0999663	787	stimuli/foods\carrot.jpg	1	6	1	carrot	1	56	NF_019	1	0	0		0	0	580.8503841	580.9503504	0.0999663
60612.5	0.0999908	788	stimuli/foods\steak.jpg	1	6	1	steak	1	283	TF_013	0	0	0		0	0	581.0003568	581.1003476	0.0999908
60650	0.1000095	789	stimuli/foods\cannoli.jpg	1	6	1	cannoli	1	54	TF_022	0	0	0		0	0	581.1503536	581.2503631	0.1000095
60687.5	0.0999939	790	stimuli/foods\omelette.jpg	1	6	1	omelette	1	199	TF_057	0	0	0		0	0	581.3003529	581.4003468	0.0999939
60725	0.0999814	791	stimuli/foods\blackberry.jpg	1	6	1	blackberry	1	24	NF_063	1	0	0		0	0	581.4503522	581.5503336	0.0999814
60762.5	0.0999902	792	stimuli/foods\strawberry.jpg	1	6	1	strawberry	1	285	NF_037	1	0	0		0	0	581.6003506	581.7003408	0.0999902
60800	0.0999911	793	stimuli/non_foods\stim087_inanimate_clothing_hat_3.png	1	6	1	hat_3	0	157		NaN	0	0		0	0	581.7503455	581.8503366	0.0999911
60837.5	0.1000053	794	stimuli/foods\potato_and_green_bean_salad.jpg	1	6	1	potato_and_green_bean_salad	1	235	TF_072	0	0	0		0	0	581.9003463	582.0003516	0.1000053
60875	0.0999939	795	stimuli/non_foods\stim054_animate_insect_dragonfly_2.png	1	6	1	dragonfly_2	0	107		NaN	0	0		0	0	582.0503436	582.1503375	0.0999939
60912.5	0.0999936	796	stimuli/non_foods\stim132_inanimate_plants_sunflower_4.png	1	6	1	sunflower_4	0	289		NaN	0	0		0	0	582.2003421	582.3003357	0.0999936
60950	0.1000006	797	stimuli/non_foods\stim065_animate_mammal_giraffe_1.png	1	6	1	giraffe_1	0	132		NaN	0	0		0	0	582.3503344	582.450335	0.1000006
60987.5	0.0999895	798	stimuli/non_foods\stim034_animate_human_faces_2.png	1	6	1	faces_2	0	118		NaN	0	0		0	0	582.5003407	582.6003302	0.0999895
61025	0.1000016	799	stimuli/non_foods\stim073_animate_mammal_monkey_1.png	1	6	1	monkey_1	0	188		NaN	0	0		0	0	582.6503298	582.7503314	0.1000016
61062.5	0.0999945	800	stimuli/non_foods\stim003_animate_bird_chicken_3.png	1	6	1	chicken_3	0	68		NaN	0	0		0	0	582.8003378	582.9003323	0.0999945
61100	0.1000166	801	stimuli/non_foods\stim142_inanimate_tools_broom_2.png	1	6	1	broom_2	0	31		NaN	0	0		0	0	582.9503293	583.0503459	0.1000166
61137.5	0.0999921	802	stimuli/foods\dates.jpg	1	6	1	dates	1	104	NF_032	1	0	0		0	0	583.1003368	583.2003289	0.0999921
61175	0.0999877	803	stimuli/foods\risotto_with_peas_and_asparagus_tips.jpg	1	6	1	risotto_with_peas_and_asparagus_tips	1	252	TF_123	0	0	0		0	0	583.2503377	583.3503254	0.0999877
61212.5	0.0999887	804	stimuli/foods\banana.jpg	1	6	1	banana	1	18	NF_013	1	0	0		0	0	583.400337	583.5003257	0.0999887
61250	0.0999902	805	stimuli/foods\fruit_pie.jpg	1	6	1	fruit_pie	1	128	TF_147	0	0	0		0	0	583.5503359	583.6503261	0.0999902
61287.5	0.0999653	806	stimuli/foods\pea_pod.jpg	1	6	1	pea_pod	1	217	NF_082	1	0	0		0	0	583.7003572	583.8003225	0.0999653
61325	0.0999901	807	stimuli/foods\frankfurters.jpg	1	6	1	frankfurters	1	123	TF_156	0	0	0		0	0	583.850331	583.9503211	0.0999901
61362.5	0.0999867	808	stimuli/foods\rice_cake.jpg	1	6	1	rice_cake	1	251	TF_059	0	0	0		0	0	584.0003318	584.1003185	0.0999867
61400	0.0999896	809	stimuli/foods\avocado.jpg	1	6	1	avocado	1	9	NF_012	1	0	0		0	0	584.1503274	584.250317	0.0999896
61437.5	0.099995	810	stimuli/foods\toasted_bread_with_tomatoes.jpg	1	6	1	toasted_bread_with_tomatoes	1	297	TF_017	0	1	0		0	0	584.3003268	584.4003218	0.099995
61475	0.0999975	811	stimuli/non_foods\stim068_animate_mammal_giraffe_4.png	1	6	1	giraffe_4	0	135		NaN	0	0		0	0	584.4503194	584.5503169	0.0999975
61512.5	0.0999945	812	stimuli/foods\croissant.jpg	1	6	1	croissant	1	100	TF_037	0	0	1	a	0.3920886	1	584.6003223	584.7003168	0.0999945
61550	0.0999738	813	stimuli/foods\corncob.jpg	1	6	1	corncob	1	93	NF_051	1	0	0		0	0	584.7503388	584.8503126	0.0999738
61587.5	0.0999895	814	stimuli/foods\spring_onions.jpg	1	6	1	spring_onions	1	282	NF_086	1	0	0		0	0	584.9003217	585.0003112	0.0999895
61625	0.0999998	815	stimuli/non_foods\stim048_animate_insect_bug_4.png	1	6	1	bug_4	0	39		NaN	0	0		0	0	585.0503132	585.150313	0.0999998
61662.5	0.0999953	816	stimuli/non_foods\stim126_inanimate_plants_cactus_2.png	1	6	1	cactus_2	0	50		NaN	0	0		0	0	585.2003139	585.3003092	0.0999953
61700	0.0999827	817	stimuli/foods\fruit_salad.jpg	1	6	1	fruit_salad	1	129	NF_043	1	0	0		0	0	585.3503162	585.4502989	0.0999827
61737.5	0.0999789	818	stimuli/non_foods\stim040_animate_human_sports_4.png	1	6	1	sports_4	0	281		NaN	0	0		0	0	585.500328	585.6003069	0.0999789
61775	0.0999905	819	stimuli/foods\lollies.jpg	1	6	1	lollies	1	183	TF_026	0	0	0		0	0	585.6503138	585.7503043	0.0999905
61812.5	0.0999879	820	stimuli/foods\cucumber.jpg	1	6	1	cucumber	1	101	NF_026	1	0	0		0	0	585.8003159	585.9003038	0.0999879
61850	0.0999901	821	stimuli/non_foods\stim095_inanimate_clothing_shirt_3.png	1	6	1	shirt_3	0	264		NaN	0	0		0	0	585.9503098	586.0502999	0.0999901
61887.5	0.099993	822	stimuli/foods\cooked_prawn.jpg	1	6	1	cooked_prawn	1	92	TF_060	0	0	0		0	0	586.1003058	586.2002988	0.099993
61925	0.0999911	823	stimuli/foods\pasta_carbonara.jpg	1	6	1	pasta_carbonara	1	216	TF_027	0	0	0		0	0	586.2503095	586.3503006	0.0999911
61962.5	0.0999891	824	stimuli/foods\ginger_root.jpg	1	6	1	ginger_root	1	131	NF_088	1	0	0		0	0	586.4003112	586.5003003	0.0999891
62000	0.1000047	825	stimuli/foods\spaghetti_with_meat_sauce.jpg	1	6	1	spaghetti_with_meat_sauce	1	275	TF_137	0	0	0		0	0	586.5503031	586.6503078	0.1000047
62037.5	0.0999948	826	stimuli/foods\apple.jpg	1	6	1	apple	1	5	NF_055	1	0	0		0	0	586.700299	586.8002938	0.0999948
62075	0.0999896	827	stimuli/foods\onion.jpg	1	6	1	onion	1	200	NF_029	1	0	0		0	0	586.8503022	586.9502918	0.0999896
62112.5	0.1000032	828	stimuli/non_foods\stim025_animate_human_child_1.png	1	6	1	child_1	0	70		NaN	0	0		0	0	587.0002974	587.1003006	0.1000032
62150	0.1000217	829	stimuli/foods\savory_pie.jpg	1	6	1	savory_pie	1	257	TF_146	0	0	0		0	0	587.1503013	587.250323	0.1000217
62187.5	0.0999686	830	stimuli/non_foods\stim120_inanimate_furniture_table_4.png	1	6	1	table_4	0	294		NaN	0	0		0	0	587.3003246	587.4002932	0.0999686
62225	0.0999928	831	stimuli/non_foods\stim049_animate_insect_butterfly_1.png	1	6	1	butterfly_1	0	44		NaN	0	0		0	0	587.4502965	587.5502893	0.0999928
62262.5	0.0999926	832	stimuli/non_foods\stim035_animate_human_faces_3.png	1	6	1	faces_3	0	119		NaN	0	0		0	0	587.6002961	587.7002887	0.0999926
62300	0.0999987	833	stimuli/non_foods\stim027_animate_human_child_3.png	1	6	1	child_3	0	72		NaN	0	0		0	0	587.7502909	587.8502896	0.0999987
62337.5	0.099994	834	stimuli/non_foods\stim009_animate_bird_parrot_1.png	1	6	1	parrot_1	0	212		NaN	0	0		0	0	587.9002896	588.0002836	0.099994
62375	0.0999929	835	stimuli/foods\orange.jpg	1	6	1	orange	1	201	NF_008	1	0	0		0	0	588.050291	588.1502839	0.0999929
62412.5	0.0999878	836	stimuli/foods\pork_loin_with_peas.jpg	1	6	1	pork_loin_with_peas	1	234	TF_003	0	0	0		0	0	588.2002952	588.300283	0.0999878
62450	0.0999965	837	stimuli/foods\asparagus.jpg	1	6	1	asparagus	1	8	NF_010	1	0	0		0	0	588.3502843	588.4502808	0.0999965
62487.5	0.0999916	838	stimuli/foods\grapefruits.jpg	1	6	1	grapefruits	1	141	NF_085	1	0	0		0	0	588.5002874	588.600279	0.0999916
62525	0.0999924	839	stimuli/non_foods\stim076_animate_mammal_monkey_4.png	1	6	1	monkey_4	0	191		NaN	0	0		0	0	588.6502847	588.7502771	0.0999924
62562.5	0.0999978	840	stimuli/non_foods\stim058_animate_insect_grasshopper_2.png	1	6	1	grasshopper_2	0	144		NaN	0	0		0	0	588.8002792	588.900277	0.0999978
62600	0.100005	841	stimuli/foods\rockmelon.jpg	1	6	1	rockmelon	1	254	NF_060	1	0	0		0	0	588.9502905	589.0502955	0.100005
62637.5	0.0999759	842	stimuli/non_foods\stim062_animate_mammal_cow_2.png	1	6	1	cow_2	0	95		NaN	0	0		0	0	589.1002972	589.2002731	0.0999759
62675	0.0999926	843	stimuli/foods\cooked_ham.jpg	1	6	1	cooked_ham	1	91	TF_116	0	0	0		0	0	589.2502832	589.3502758	0.0999926
62712.5	0.0999911	844	stimuli/non_foods\stim123_inanimate_plants_bush_3.png	1	6	1	bush_3	0	42		NaN	0	0		0	0	589.4002802	589.5002713	0.0999911
62750	0.1000046	845	stimuli/non_foods\stim055_animate_insect_dragonfly_3.png	1	6	1	dragonfly_3	0	108		NaN	0	0		0	0	589.550265	589.6502696	0.1000046
62787.5	0.0999893	846	stimuli/non_foods\stim075_animate_mammal_monkey_3.png	1	6	1	monkey_3	0	190		NaN	1	0		0	0	589.700282	589.8002713	0.0999893
62825	0.0999837	847	stimuli/foods\red_beans.jpg	1	6	1	red_beans	1	244	NF_033	1	0	0		0	0	589.8502816	589.9502653	0.0999837
62862.5	0.0999954	848	stimuli/non_foods\stim017_animate_bird_penguin_1.png	1	6	1	penguin_1	0	225		NaN	0	1	a	0.3920789	1	590.0002705	590.1002659	0.0999954
62900	0.0999813	849	stimuli/non_foods\stim078_animate_mammal_rhino_2.png	1	6	1	rhino_2	0	247		NaN	0	0		0	0	590.1502849	590.2502662	0.0999813
62937.5	0.099992	850	stimuli/non_foods\stim111_inanimate_furniture_closet_3.png	1	6	1	closet_3	0	83		NaN	0	0		0	0	590.3002694	590.4002614	0.099992
62975	0.1000079	851	stimuli/foods\pork_and_rice.jpg	1	6	1	pork_and_rice	1	233	TF_080	0	0	0		0	0	590.4502617	590.5502696	0.1000079
63012.5	0.0999854	852	stimuli/foods\cupcake.jpg	1	6	1	cupcake	1	102	TF_050	0	0	0		0	0	590.6002745	590.7002599	0.0999854
63050	0.1000265	853	stimuli/non_foods\stim159_inanimate_tools_wrench_3.png	1	6	1	wrench_3	0	312		NaN	0	0		0	0	590.7502628	590.8502893	0.1000265
63087.5	0.0999657	854	stimuli/non_foods\stim014_animate_bird_peacock_2.png	1	6	1	peacock_2	0	220		NaN	0	0		0	0	590.9002949	591.0002606	0.0999657
63125	0.0999847	855	stimuli/foods\bagel.jpg	1	6	1	bagel	1	14	TF_005	0	0	0		0	0	591.0502717	591.1502564	0.0999847
63162.5	0.0999968	856	stimuli/non_foods\stim051_animate_insect_butterfly_3.png	1	6	1	butterfly_3	0	46		NaN	0	0		0	0	591.2002599	591.3002567	0.0999968
63200	0.0999874	857	stimuli/foods\cereal.jpg	1	6	1	cereal	1	59	TF_028	0	0	0		0	0	591.3502684	591.4502558	0.0999874
63237.5	0.0999821	858	stimuli/foods\papaya.jpg	1	6	1	papaya	1	210	NF_069	1	0	0		0	0	591.5002616	591.6002437	0.0999821
63275	0.0999899	859	stimuli/foods\nectarine.jpg	1	6	1	nectarine	1	196	NF_078	1	0	0		0	0	591.6502529	591.7502428	0.0999899
63312.5	0.1000216	860	stimuli/foods\artichoke.jpg	1	6	1	artichoke	1	7	NF_018	1	0	0		0	0	591.8002611	591.9002827	0.1000216
63350	0.0999704	861	stimuli/foods\coffee_beans.jpg	1	6	1	coffee_beans	1	90	TF_029	0	0	0		0	0	591.9502815	592.0502519	0.0999704
63387.5	0.099987	862	stimuli/foods\chocolate_chip_cookies.jpg	1	6	1	chocolate_chip_cookies	1	76	TF_010	0	0	0		0	0	592.1002598	592.2002468	0.099987
63425	0.0999949	863	stimuli/non_foods\stim061_animate_mammal_cow_1.png	1	6	1	cow_1	0	94		NaN	0	0		0	0	592.2502509	592.3502458	0.0999949
63462.5	0.0999906	864	stimuli/foods\green_olives.jpg	1	6	1	green_olives	1	148	TF_085	0	0	0		0	0	592.4002623	592.5002529	0.0999906
63500	0.1000142	865	stimuli/non_foods\stim084_inanimate_clothing_gloves_4.png	1	6	1	gloves_4	0	139		NaN	0	0		0	0	592.5502463	592.6502605	0.1000142
63537.5	0.1000021	866	stimuli/foods\radish.jpg	1	6	1	radish	1	240	NF_090	1	0	0		0	0	592.7002419	592.800244	0.1000021
63575	0.099986	867	stimuli/foods\swordfish.jpg	1	6	1	swordfish	1	290	TF_101	0	0	0		0	0	592.8502548	592.9502408	0.099986
63612.5	0.0999851	868	stimuli/foods\chilli.jpg	1	6	1	chilli	1	74	NF_073	1	0	0		0	0	593.0002462	593.1002313	0.0999851
63650	0.1000022	869	stimuli/non_foods\stim149_inanimate_tools_pan_1.png	1	6	1	pan_1	0	205		NaN	0	0		0	0	593.1502396	593.2502418	0.1000022
63687.5	0.0999893	870	stimuli/foods\oregano.jpg	1	6	1	oregano	1	202	NF_066	1	0	0		0	0	593.3002491	593.4002384	0.0999893
63725	0.0999908	871	stimuli/foods\peas.jpg	1	6	1	peas	1	224	NF_081	1	0	0		0	0	593.450247	593.5502378	0.0999908
63762.5	0.1000093	872	stimuli/foods\peach.jpg	1	6	1	peach	1	218	NF_079	1	0	0		0	0	593.6002459	593.7002552	0.1000093
63800	0.0999889	873	stimuli/foods\donut.jpg	1	6	1	donut	1	105	TF_032	0	0	0		0	0	593.7502425	593.8502314	0.0999889
63837.5	0.0999699	874	stimuli/non_foods\stim086_inanimate_clothing_hat_2.png	1	6	1	hat_2	0	156		NaN	0	0		0	0	593.9002664	594.0002363	0.0999699
63875	0.0999984	875	stimuli/non_foods\stim032_animate_human_clown_4.png	1	6	1	clown_4	0	88		NaN	0	0		0	0	594.0502331	594.1502315	0.0999984
63912.5	0.1000281	876	stimuli/non_foods\stim016_animate_bird_peacock_4.png	1	6	1	peacock_4	0	222		NaN	0	0		0	0	594.2002318	594.3002599	0.1000281
63950	0.1000063	877	stimuli/non_foods\stim044_animate_insect_ant_4.png	1	6	1	ant_4	0	4		NaN	0	0		0	0	594.3502237	594.45023	0.1000063
63987.5	0.0999953	878	stimuli/non_foods\stim013_animate_bird_peacock_1.png	1	6	1	peacock_1	0	219		NaN	0	0		0	0	594.5002315	594.6002268	0.0999953
64025	0.0999925	879	stimuli/foods\raw_ham.jpg	1	6	1	raw_ham	1	242	TF_117	0	0	0		0	0	594.6502359	594.7502284	0.0999925
64062.5	0.0999876	880	stimuli/foods\mushroom.jpg	1	6	1	mushroom	1	194	NF_039	1	0	0		0	0	594.8002361	594.9002237	0.0999876
64100	0.099991	881	stimuli/foods\potato_chips.jpg	1	6	1	potato_chips	1	236	TF_097	0	0	0		0	0	594.9502312	595.0502222	0.099991
64137.5	0.0999931	882	stimuli/non_foods\stim037_animate_human_sports_1.png	1	6	1	sports_1	0	278		NaN	0	0		0	0	595.1002277	595.2002208	0.0999931
64175	0.0999985	883	stimuli/non_foods\stim083_inanimate_clothing_gloves_3.png	1	6	1	gloves_3	0	138		NaN	0	0		0	0	595.250224	595.3502225	0.0999985
64212.5	0.1000156	884	stimuli/non_foods\stim145_inanimate_tools_hammer_1.png	1	6	1	hammer_1	0	151		NaN	0	0		0	0	595.400219	595.5002346	0.1000156
64250	0.0999925	885	stimuli/non_foods\stim015_animate_bird_peacock_3.png	1	6	1	peacock_3	0	221		NaN	0	0		0	0	595.5502236	595.6502161	0.0999925
64287.5	0.0999973	886	stimuli/non_foods\stim018_animate_bird_penguin_2.png	1	6	1	penguin_2	0	226		NaN	0	0		0	0	595.7002214	595.8002187	0.0999973
64325	0.0999975	887	stimuli/foods\raw_sausage.jpg	1	6	1	raw_sausage	1	243	TF_131	0	0	0		0	0	595.8502164	595.9502139	0.0999975
64362.5	0.0999921	888	stimuli/foods\egg.jpg	1	6	1	egg	1	115	NF_095	1	0	0		0	0	596.0002199	596.100212	0.0999921
64400	0.0999726	889	stimuli/foods\pomegranate.jpg	1	6	1	pomegranate	1	232	NF_058	1	0	0		0	0	596.1502417	596.2502143	0.0999726
64437.5	0.0999927	890	stimuli/non_foods\stim050_animate_insect_butterfly_2.png	1	6	1	butterfly_2	0	45		NaN	0	0		0	0	596.3002174	596.4002101	0.0999927
64475	0.0999933	891	stimuli/foods\mango.jpg	1	6	1	mango	1	185	NF_054	1	0	0		0	0	596.4502162	596.5502095	0.0999933
64512.5	0.0999869	892	stimuli/non_foods\stim043_animate_insect_ant_3.png	1	6	1	ant_3	0	3		NaN	0	0		0	0	596.6002209	596.7002078	0.0999869
64550	0.0999897	893	stimuli/foods\parmesan_cheese.jpg	1	6	1	parmesan_cheese	1	211	TF_091	0	0	0		0	0	596.7502196	596.8502093	0.0999897
64587.5	0.0999942	894	stimuli/non_foods\stim092_inanimate_clothing_jeans_4.png	1	6	1	jeans_4	0	167		NaN	0	0		0	0	596.9002136	597.0002078	0.0999942
64625	0.0999866	895	stimuli/foods\beetroots.jpg	1	6	1	beetroots	1	23	NF_015	1	0	0		0	0	597.050216	597.1502026	0.0999866
64662.5	0.0999891	896	stimuli/foods\garlic.jpg	1	6	1	garlic	1	130	NF_001	1	0	0		0	0	597.2002136	597.3002027	0.0999891
64700	0.0999841	897	stimuli/non_foods\stim121_inanimate_plants_bush_1.png	1	6	1	bush_1	0	40		NaN	0	0		0	0	597.3502193	597.4502034	0.0999841
64737.5	0.0999922	898	stimuli/non_foods\stim096_inanimate_clothing_shirt_4.png	1	6	1	shirt_4	0	265		NaN	0	0		0	0	597.5002067	597.6001989	0.0999922
64775	0.099991	899	stimuli/foods\mandarin.jpg	1	6	1	mandarin	1	184	NF_052	1	0	0		0	0	597.6502104	597.7502014	0.099991
64812.5	0.1000315	900	stimuli/non_foods\stim109_inanimate_furniture_closet_1.png	1	6	1	closet_1	0	81		NaN	0	0		0	0	597.8002063	597.9002378	0.1000315
64850	0.0999445	901	stimuli/foods\fries.jpg	1	6	1	fries	1	126	TF_094	0	0	0		0	0	597.9502513	598.0501958	0.0999445
64887.5	0.0999944	902	stimuli/non_foods\stim127_inanimate_plants_cactus_3.png	1	6	1	cactus_3	0	51		NaN	0	0		0	0	598.1002013	598.2001957	0.0999944
64925	0.0999935	903	stimuli/non_foods\stim133_inanimate_plants_tree_1.png	1	6	1	tree_1	0	299		NaN	0	0		0	0	598.2502	598.3501935	0.0999935
64962.5	0.0999885	904	stimuli/foods\hotdog.jpg	1	6	1	hotdog	1	161	TF_070	0	0	0		0	0	598.4002042	598.5001927	0.0999885
65000	0.0999921	905	stimuli/non_foods\stim112_inanimate_furniture_closet_4.png	1	6	1	closet_4	0	84		NaN	0	0		0	0	598.5501987	598.6501908	0.0999921
65037.5	0.0999903	906	stimuli/foods\potatoes.jpg	1	6	1	potatoes	1	237	NF_071	1	0	0		0	0	598.7002004	598.8001907	0.0999903
65075	0.0999987	907	stimuli/non_foods\stim072_animate_mammal_kangaroo_4.png	1	6	1	kangaroo_4	0	171		NaN	0	0		0	0	598.8501921	598.9501908	0.0999987
65112.5	0.0999936	908	stimuli/non_foods\stim021_animate_human_baby_1.png	1	6	1	baby_1	0	10		NaN	0	0		0	0	599.0001926	599.1001862	0.0999936
65150	0.0999899	909	stimuli/foods\tomato.jpg	1	6	1	tomato	1	298	NF_084	1	0	0		0	0	599.1501953	599.2501852	0.0999899
65187.5	0.099996	910	stimuli/non_foods\stim141_inanimate_tools_broom_1.png	1	6	1	broom_1	0	30		NaN	0	0		0	0	599.3001879	599.4001839	0.099996
65225	0.0999954	911	stimuli/non_foods\stim039_animate_human_sports_3.png	1	6	1	sports_3	0	280		NaN	0	0		0	0	599.4501875	599.5501829	0.0999954
65262.5	0.1000246	912	stimuli/non_foods\stim059_animate_insect_grasshopper_3.png	1	6	1	grasshopper_3	0	145		NaN	0	0		0	0	599.6001782	599.7002028	0.1000246
65300	0.0999776	913	stimuli/non_foods\stim069_animate_mammal_kangaroo_1.png	1	6	1	kangaroo_1	0	168		NaN	0	0		0	0	599.7502007	599.8501783	0.0999776
65337.5	0.0999974	914	stimuli/foods\cherry.jpg	1	6	1	cherry	1	64	NF_027	1	0	0		0	0	599.9001842	600.0001816	0.0999974
65375	0.0999801	915	stimuli/foods\red_cabbage.jpg	1	6	1	red_cabbage	1	245	NF_023	1	0	0		0	0	600.0501981	600.1501782	0.0999801
65412.5	0.0999901	916	stimuli/non_foods\stim024_animate_human_baby_4.png	1	6	1	baby_4	0	13		NaN	0	0		0	0	600.2001856	600.3001757	0.0999901
65450	0.0999963	917	stimuli/non_foods\stim063_animate_mammal_cow_3.png	1	6	1	cow_3	0	96		NaN	0	0		0	0	600.3501807	600.450177	0.0999963
65487.5	0.0999908	918	stimuli/non_foods\stim007_animate_bird_duck_3.png	1	6	1	duck_3	0	113		NaN	0	0		0	0	600.5001825	600.6001733	0.0999908
65525	0.0999885	919	stimuli/foods\cabbage.jpg	1	6	1	cabbage	1	48	NF_025	1	0	0		0	0	600.6501823	600.7501708	0.0999885
65562.5	0.0999839	920	stimuli/foods\fruit_flan.jpg	1	6	1	fruit_flan	1	127	TF_093	0	0	0		0	0	600.8001899	600.9001738	0.0999839
65600	0.0999878	921	stimuli/foods\lentils.jpg	1	6	1	lentils	1	177	NF_047	1	0	0		0	0	600.9501827	601.0501705	0.0999878
65637.5	0.1000017	922	stimuli/non_foods\stim030_animate_human_clown_2.png	1	6	1	clown_2	0	86		NaN	0	0		0	0	601.1001731	601.2001748	0.1000017
65675	0.099998	923	stimuli/non_foods\stim134_inanimate_plants_tree_2.png	1	6	1	tree_2	0	300		NaN	0	0		0	0	601.2501729	601.3501709	0.099998
65712.5	0.1000206	924	stimuli/foods\figs.jpg	1	6	1	figs	1	122	NF_035	1	0	0		0	0	601.4001759	601.5001965	0.1000206
65750	0.1000001	925	stimuli/foods\prawn.jpg	1	6	1	prawn	1	238	NF_041	1	0	0		0	0	601.5501655	601.6501656	0.1000001
65787.5	0.099973	926	stimuli/foods\raisins.jpg	1	6	1	raisins	1	241	NF_096	1	0	0		0	0	601.7001881	601.8001611	0.099973
65825	0.0999991	927	stimuli/non_foods\stim089_inanimate_clothing_jeans_1.png	1	6	1	jeans_1	0	164		NaN	0	0		0	0	601.8501675	601.9501666	0.0999991
65862.5	0.099995	928	stimuli/non_foods\stim151_inanimate_tools_pan_3.png	1	6	1	pan_3	0	207		NaN	0	0		0	0	602.0001673	602.1001623	0.099995
65900	0.0999941	929	stimuli/non_foods\stim137_inanimate_plants_tulip_1.png	1	6	1	tulip_1	0	303		NaN	0	0		0	0	602.1501657	602.2501598	0.0999941
65937.5	0.0999911	930	stimuli/foods\smoked_ham.jpg	1	6	1	smoked_ham	1	266	TF_118	0	0	0		0	0	602.3001682	602.4001593	0.0999911
65975	0.0999983	931	stimuli/non_foods\stim129_inanimate_plants_sunflower_1.png	1	6	1	sunflower_1	0	286		NaN	0	0		0	0	602.4501594	602.5501577	0.0999983
66012.5	0.0999984	932	stimuli/non_foods\stim029_animate_human_clown_1.png	1	6	1	clown_1	0	85		NaN	0	0		0	0	602.6001601	602.7001585	0.0999984
66050	0.0999973	933	stimuli/non_foods\stim107_inanimate_furniture_chair_3.png	1	6	1	chair_3	0	62		NaN	0	0		0	0	602.7501575	602.8501548	0.0999973
66087.5	0.0999948	934	stimuli/non_foods\stim118_inanimate_furniture_table_2.png	1	6	1	table_2	0	292		NaN	0	0		0	0	602.9001599	603.0001547	0.0999948
66125	0.0999797	935	stimuli/foods\hazelnuts.jpg	1	6	1	hazelnuts	1	159	NF_065	1	0	0		0	0	603.0501634	603.1501431	0.0999797
66162.5	0.1000004	936	stimuli/non_foods\stim147_inanimate_tools_hammer_3.png	1	6	1	hammer_3	0	153		NaN	0	0		0	0	603.2001676	603.300168	0.1000004
66200	0.0999973	937	stimuli/foods\fried_calamari.jpg	1	6	1	fried_calamari	1	124	TF_020	0	0	0		0	0	603.3501524	603.4501497	0.0999973
66237.5	0.099984	938	stimuli/foods\calamari.jpg	1	6	1	calamari	1	53	TF_019	0	0	0		0	0	603.5001649	603.6001489	0.099984
66275	0.0999905	939	stimuli/foods\almonds.jpg	1	6	1	almonds	1	0	NF_053	1	0	0		0	0	603.650157	603.7501475	0.0999905
66312.5	0.0999879	940	stimuli/foods\brussel_sprouts.jpg	1	6	1	brussel_sprouts	1	35	NF_021	1	0	0		0	0	603.8001572	603.9001451	0.0999879
66350	0.1000152	941	stimuli/non_foods\stim088_inanimate_clothing_hat_4.png	1	6	1	hat_4	0	158		NaN	0	0		0	0	603.9501483	604.0501635	0.1000152
68820.75	0.116648	942	stimuli/foods\spaghetti_with_meat_sauce.jpg	2	7	0	spaghetti_with_meat_sauce	1	275	TF_137	0	0	NaN	a	0.5571792	1	613.8334101	613.9500581	0.116648
69187.5	0.1166477	943	stimuli/foods\honey.jpg	2	7	0	honey	1	160	NF_062	1	0	NaN	a	0.5215154	0	615.3000672	615.4167149	0.1166477
69616.5	0.1166508	944	stimuli/foods\rice_cake.jpg	2	7	0	rice_cake	1	251	TF_059	0	0	NaN	a	0.4338575	1	617.0167176	617.1333684	0.1166508
69991.5	0.1166448	945	stimuli/foods\pepperoni_pizza.jpg	2	7	0	pepperoni_pizza	1	229	TF_106	0	0	NaN	a	0.4938656	1	618.5167062	618.633351	0.1166448
70400	0.116649	946	stimuli/foods\pancakes.jpg	2	7	0	pancakes	1	209	TF_058	0	0	NaN	a	0.351543	1	620.1500254	620.2666744	0.116649
70725	0.1166483	947	stimuli/foods\dates.jpg	2	7	0	dates	1	104	NF_032	1	0	NaN	f	0.4805452	1	621.4500135	621.5666618	0.1166483
71079	0.1166725	948	stimuli/foods\oven-roasted_tomatoes.jpg	2	7	0	oven-roasted_tomatoes	1	203	TF_114	0	0	NaN	f	0.4088824	0	622.8666649	622.9833374	0.1166725
71516.5	0.1166646	949	stimuli/foods\taco.jpg	2	7	0	taco	1	295	TF_141	0	0	NaN	a	0.4709135	1	624.6166503	624.7333149	0.1166646
71966.5	0.1166498	950	stimuli/foods\chocolate_pralines.jpg	2	7	0	chocolate_pralines	1	77	TF_035	0	0	NaN	a	0.4519875	1	626.4166365	626.5332863	0.1166498
72325	0.1166433	951	stimuli/foods\papaya.jpg	2	7	0	papaya	1	210	NF_069	1	0	NaN	f	0.335645	1	627.8499622	627.9666055	0.1166433
72729	0.1166513	952	stimuli/foods\grilled_chicken_breast.jpg	2	7	0	grilled_chicken_breast	1	149	TF_104	0	0	NaN	f	0.7239706	0	629.4666099	629.5832612	0.1166513
73170.75	0.1166359	953	stimuli/foods\octopus.jpg	2	7	0	octopus	1	198	TF_113	0	0	NaN	f	0.7663055	0	631.2332762	631.3499121	0.1166359
73683.25	0.1166496	954	stimuli/foods\cooked_prawn.jpg	2	7	0	cooked_prawn	1	92	TF_060	0	0	NaN	f	0.5183765	0	633.2832436	633.3998932	0.1166496
74108.25	0.1166528	955	stimuli/foods\baked_lamb_with_potatoes.jpg	2	7	0	baked_lamb_with_potatoes	1	17	TF_001	0	0	NaN	f	0.5973658	0	634.9832267	635.0998795	0.1166528
74541.5	0.1166445	956	stimuli/foods\risotto_with_peas_and_asparagus_tips.jpg	2	7	0	risotto_with_peas_and_asparagus_tips	1	252	TF_123	0	0	NaN	a	0.5260495	1	636.7165516	636.8331961	0.1166445
74979	0.1166511	957	stimuli/foods\eggplant.jpg	2	7	0	eggplant	1	116	NF_059	1	0	NaN	a	0.3530519	0	638.4665324	638.5831835	0.1166511
75308.25	0.1164686	958	stimuli/foods\fruit_flan.jpg	2	7	0	fruit_flan	1	127	TF_093	0	0	NaN	a	0.5883847	1	639.7833698	639.8998384	0.1164686
75720.75	0.1166437	959	stimuli/foods\roasted_chicken.jpg	2	7	0	roasted_chicken	1	253	TF_109	0	0	NaN	f	0.5934242	0	641.4331771	641.5498208	0.1166437
76208.25	0.1166475	960	stimuli/foods\calamari.jpg	2	7	0	calamari	1	53	TF_019	0	0	NaN	f	0.9704394	0	643.3831608	643.4998083	0.1166475
76750	0.1166524	961	stimuli/foods\rockmelon.jpg	2	7	0	rockmelon	1	254	NF_060	1	0	NaN	f	0.5318373	1	645.5498053	645.6664577	0.1166524
77195.75	0.1166534	962	stimuli/foods\peas.jpg	2	7	0	peas	1	224	NF_081	1	0	NaN	f	0.6524479	1	647.3331243	647.4497777	0.1166534
77662.5	0.1166513	963	stimuli/foods\salmon.jpg	2	7	0	salmon	1	256	TF_130	0	0	NaN	a	0.6598159	1	649.1997754	649.3164267	0.1166513
82020.75	0.1166503	964	stimuli/foods\wafer.jpg	2	8	0	wafer	1	307	TF_155	0	0	NaN	a	0.5626604	1	666.6329607	666.749611	0.1166503
82441.5	0.1166516	965	stimuli/foods\rice.jpg	2	8	0	rice	1	250	TF_121	0	0	NaN	a	0.3992764	1	668.3162796	668.4329312	0.1166516
82804	0.1166442	966	stimuli/foods\mango.jpg	2	8	0	mango	1	185	NF_054	1	0	NaN	f	0.3963036	1	669.7662708	669.882915	0.1166442
83162.25	0.1166322	967	stimuli/foods\brownie.jpg	2	8	0	brownie	1	34	TF_011	0	0	NaN	a	0.3729899	1	671.1996053	671.3162375	0.1166322
83483.25	0.1166461	968	stimuli/foods\hotdog.jpg	2	8	0	hotdog	1	161	TF_070	0	0	NaN	a	0.4266538	1	672.4829167	672.5995628	0.1166461
83870.75	0.1166612	969	stimuli/foods\oregano.jpg	2	8	0	oregano	1	202	NF_066	1	0	NaN	f	0.5836867	1	674.0328985	674.1495597	0.1166612
84279	0.1166504	970	stimuli/foods\spaghetti_with_olives_and_capers.jpg	2	8	0	spaghetti_with_olives_and_capers	1	276	TF_135	0	0	NaN	a	0.4664134	1	675.6662183	675.7828687	0.1166504
84658.25	0.1166473	971	stimuli/foods\apple.jpg	2	8	0	apple	1	5	NF_055	1	0	NaN	f	0.3627246	1	677.1828746	677.2995219	0.1166473
85045.75	0.1166541	972	stimuli/foods\toasted_bread_with_tomatoes.jpg	2	8	0	toasted_bread_with_tomatoes	1	297	TF_017	0	0	NaN	a	0.5237901	1	678.7328586	678.8495127	0.1166541
85491.5	0.1166514	973	stimuli/foods\cereal.jpg	2	8	0	cereal	1	59	TF_028	0	0	NaN	a	0.3153921	1	680.5161794	680.6328308	0.1166514
85858.25	0.1166462	974	stimuli/foods\licorice.jpg	2	8	0	licorice	1	179	TF_078	0	0	NaN	a	0.3397195	1	681.9828355	682.0994817	0.1166462
86262.25	0.1167433	975	stimuli/foods\baked_cod_with_carrots_and_green_beans.jpg	2	8	0	baked_cod_with_carrots_and_green_beans	1	16	TF_082	0	0	NaN	a	0.4489733	1	683.5994802	683.7162235	0.1167433
86608.25	0.1166521	976	stimuli/foods\cream_donuts.jpg	2	8	0	cream_donuts	1	99	TF_014	0	0	NaN	a	0.3957593	1	684.9828068	685.0994589	0.1166521
86979	0.1166649	977	stimuli/foods\meatballs.jpg	2	8	0	meatballs	1	186	TF_112	0	0	NaN	a	0.3324638	1	686.4661294	686.5827943	0.1166649
87362.25	0.1166508	978	stimuli/foods\donut.jpg	2	8	0	donut	1	105	TF_032	0	0	NaN	a	0.3541367	1	687.9994469	688.1160977	0.1166508
87787.25	0.116652	979	stimuli/foods\kiwi.jpg	2	8	0	kiwi	1	172	NF_044	1	0	NaN	f	0.3701672	1	689.6994329	689.8160849	0.116652
88129	0.1166488	980	stimuli/foods\broccoli.jpg	2	8	0	broccoli	1	29	NF_016	1	0	NaN	f	0.3065158	1	691.0660891	691.1827379	0.1166488
88462.25	0.1166505	981	stimuli/foods\savory_pie.jpg	2	8	0	savory_pie	1	257	TF_146	0	0	NaN	a	0.3771554	1	692.3994103	692.5160608	0.1166505
88887.25	0.1166445	982	stimuli/foods\pear.jpg	2	8	0	pear	1	223	NF_077	1	0	NaN	f	0.4112049	1	694.0993929	694.2160374	0.1166445
89320.75	0.1166583	983	stimuli/foods\mandarin.jpg	2	8	0	mandarin	1	184	NF_052	1	0	NaN	f	0.3798527	1	695.8327163	695.9493746	0.1166583
89712.25	0.1166667	984	stimuli/foods\lamb_chops.jpg	2	8	0	lamb_chops	1	173	TF_040	0	0	NaN	a	0.3592013	1	697.3993672	697.5160339	0.1166667
90079	0.1166687	985	stimuli/foods\lemon.jpg	2	8	0	lemon	1	175	NF_049	1	0	NaN	f	0.3705375	1	698.866028	698.9826967	0.1166687
91679	0.1166484	986	stimuli/foods\raw_sausage.jpg	2	9	0	raw_sausage	1	243	TF_131	0	0	NaN	a	0.4736201	1	705.2659722	705.3826206	0.1166484
92104	0.1166466	987	stimuli/foods\prawn.jpg	2	9	0	prawn	1	238	NF_041	1	0	NaN	a	0.331667	0	706.9659586	707.0826052	0.1166466
92524.75	0.1166533	988	stimuli/foods\cinnamon.jpg	2	9	0	cinnamon	1	79	NF_017	1	0	NaN	f	0.6482746	1	708.6492745	708.7659278	0.1166533
92908.25	0.1166391	989	stimuli/foods\watermelon.jpg	2	9	0	watermelon	1	309	NF_005	1	0	NaN	f	0.3379899	1	710.1826095	710.2992486	0.1166391
93258.25	0.1166486	990	stimuli/foods\oyster.jpg	2	9	0	oyster	1	204	NF_067	1	0	NaN	f	0.6130341	1	711.5825829	711.6992315	0.1166486
93666.5	0.1166488	991	stimuli/foods\smoked_ham.jpg	2	9	0	smoked_ham	1	266	TF_118	0	0	NaN	f	0.9236711	0	713.2159058	713.3325546	0.1166488
94204	0.1166596	992	stimuli/foods\bread.jpg	2	9	0	bread	1	26	TF_089	0	0	NaN	a	0.5507022	1	715.3658795	715.4825391	0.1166596
94583.25	0.1166486	993	stimuli/foods\chocolate_chip_cookies.jpg	2	9	0	chocolate_chip_cookies	1	76	TF_010	0	0	NaN	a	0.4030431	1	716.8825408	716.9991894	0.1166486
94974.75	0.11665	994	stimuli/foods\lasagna.jpg	2	9	0	lasagna	1	174	TF_076	0	0	NaN	a	0.4073775	1	718.4491925	718.5658425	0.11665
95345.75	0.1166534	995	stimuli/foods\banana.jpg	2	9	0	banana	1	18	NF_013	1	0	NaN	f	0.4611038	1	719.9325145	720.0491679	0.1166534
95774.75	0.1166568	996	stimuli/foods\corncob.jpg	2	9	0	corncob	1	93	NF_051	1	0	NaN	f	0.3244395	1	721.6491605	721.7658173	0.1166568
96079	0.1166511	997	stimuli/foods\cauliflower.jpg	2	9	0	cauliflower	1	57	NF_022	1	0	NaN	f	0.4127748	1	722.8658214	722.9824725	0.1166511
96483.25	0.1166497	998	stimuli/foods\fried_zucchini.jpg	2	9	0	fried_zucchini	1	125	TF_159	0	0	NaN	f	0.3771205	0	724.4824766	724.5991263	0.1166497
96908.25	0.1166432	999	stimuli/foods\onion.jpg	2	9	0	onion	1	200	NF_029	1	0	NaN	f	0.3851271	1	726.182464	726.2991072	0.1166432
97266.5	0.1166353	1000	stimuli/foods\cooked_ham.jpg	2	9	0	cooked_ham	1	91	TF_116	0	0	NaN	a	0.5868253	1	727.6157982	727.7324335	0.1166353
97670.75	0.116649	1001	stimuli/foods\museli_bars.jpg	2	9	0	museli_bars	1	193	TF_008	0	0	NaN	a	0.8741564	1	729.2324384	729.3490874	0.116649
98229	0.1166322	1002	stimuli/foods\cucumber.jpg	2	9	0	cucumber	1	101	NF_026	1	0	NaN	f	0.4348455	1	731.4657665	731.5823987	0.1166322
98562.25	0.1166664	1003	stimuli/foods\brussel_sprouts.jpg	2	9	0	brussel_sprouts	1	35	NF_021	1	0	NaN	f	0.3845294	1	732.7990716	732.915738	0.1166664
98941.5	0.1166499	1004	stimuli/foods\pasta_carbonara.jpg	2	9	0	pasta_carbonara	1	216	TF_027	0	0	NaN	a	0.4448765	1	734.3157279	734.4323778	0.1166499
99312.25	0.1166521	1005	stimuli/foods\fruit_pie.jpg	2	9	0	fruit_pie	1	128	TF_147	0	0	NaN	a	0.4455491	1	735.7990462	735.9156983	0.1166521
99658.25	0.1166226	1006	stimuli/foods\pumpkin.jpg	2	9	0	pumpkin	1	239	NF_101	1	0	NaN	f	0.4262694	1	737.1823963	737.2990189	0.1166226
100029	0.1166626	1007	stimuli/foods\garlic.jpg	2	9	0	garlic	1	130	NF_001	1	0	NaN	f	0.4479074	1	738.6656848	738.7823474	0.1166626
101920.75	0.1166468	1008	stimuli/foods\ice_cream.jpg	2	10	0	ice_cream	1	162	TF_062	0	0	NaN	a	0.4922894	1	746.2322951	746.3489419	0.1166468
102374.75	0.1166499	1009	stimuli/foods\lime.jpg	2	10	0	lime	1	180	NF_048	1	0	NaN	f	0.3166503	1	748.048946	748.1655959	0.1166499
102787.25	0.1166445	1010	stimuli/foods\grapes.jpg	2	10	0	grapes	1	142	NF_098	1	0	NaN	f	0.3437173	1	749.6989323	749.8155768	0.1166445
103183.25	0.1166529	1011	stimuli/foods\cabbage.jpg	2	10	0	cabbage	1	48	NF_025	1	0	NaN	f	0.2983419	1	751.282251	751.3989039	0.1166529
103579	0.1166474	1012	stimuli/foods\blue_cheese.jpg	2	10	0	blue_cheese	1	25	TF_066	0	0	NaN	a	0.5610349	1	752.8655736	752.982221	0.1166474
103941.5	0.1166624	1013	stimuli/foods\tomato.jpg	2	10	0	tomato	1	298	NF_084	1	0	NaN	f	0.4580177	1	754.315562	754.4322244	0.1166624
104395.75	0.1165856	1014	stimuli/foods\potato_and_green_bean_salad.jpg	2	10	0	potato_and_green_bean_salad	1	235	TF_072	0	0	NaN	a	0.4963856	1	756.1322768	756.2488624	0.1165856
104849.75	0.1166471	1015	stimuli/foods\beetroots.jpg	2	10	0	beetroots	1	23	NF_015	1	0	NaN	a	0.3587432	0	757.9488649	758.065512	0.1166471
105262.25	0.1166495	1016	stimuli/foods\cuttlefish.jpg	2	10	0	cuttlefish	1	103	NF_093	1	0	NaN	f	0.8807534	1	759.5988506	759.7155001	0.1166495
105795.5	0.1166489	1017	stimuli/foods\pork_and_rice.jpg	2	10	0	pork_and_rice	1	233	TF_080	0	0	NaN	a	0.4344238	1	761.7321685	761.8488174	0.1166489
106154	0.1166269	1018	stimuli/foods\cupcake.jpg	2	10	0	cupcake	1	102	TF_050	0	0	NaN	a	0.4331113	1	763.1655099	763.2821368	0.1166269
106504	0.1166373	1019	stimuli/foods\cannoli.jpg	2	10	0	cannoli	1	54	TF_022	0	0	NaN	a	0.4181294	1	764.5654816	764.6821189	0.1166373
106858	0.1166496	1020	stimuli/foods\parmesan_cheese.jpg	2	10	0	parmesan_cheese	1	211	TF_091	0	0	NaN	a	0.407489	1	765.9821312	766.0987808	0.1166496
107220.5	0.116642	1021	stimuli/foods\egg.jpg	2	10	0	egg	1	115	NF_095	1	0	NaN	f	0.4154685	1	767.4321295	767.5487715	0.116642
107545.5	0.1166494	1022	stimuli/foods\chocolate_bar.jpg	2	10	0	chocolate_bar	1	75	TF_033	0	0	NaN	a	0.5124911	1	768.7321077	768.8487571	0.1166494
107916.5	0.1163653	1023	stimuli/foods\fruit_salad.jpg	2	10	0	fruit_salad	1	129	NF_043	1	0	NaN	a	0.479127	0	770.2157374	770.3321027	0.1163653
108370.5	0.11664	1024	stimuli/foods\asparagus.jpg	2	10	0	asparagus	1	8	NF_010	1	0	NaN	f	0.5985306	1	772.0320837	772.1487237	0.11664
108774.75	0.1166518	1025	stimuli/foods\lollies.jpg	2	10	0	lollies	1	183	TF_026	0	0	NaN	a	0.4928585	1	773.6487343	773.7653861	0.1166518
109179	0.1166495	1026	stimuli/foods\dried_figs.jpg	2	10	0	dried_figs	1	110	TF_054	0	0	NaN	a	0.4462329	1	775.2653876	775.3820371	0.1166495
109545.5	0.1166205	1027	stimuli/foods\nectarine.jpg	2	10	0	nectarine	1	196	NF_078	1	0	NaN	f	0.353596	1	776.7320515	776.848672	0.1166205
109970.5	0.1166553	1028	stimuli/foods\pork_loin_with_peas.jpg	2	10	0	pork_loin_with_peas	1	234	TF_003	0	0	NaN	a	0.4475579	1	778.4320219	778.5486772	0.1166553
110316.5	0.1166424	1029	stimuli/foods\ice_cream_sandwich.jpg	2	10	0	ice_cream_sandwich	1	163	TF_061	0	0	NaN	a	0.4303206	1	779.8153503	779.9319927	0.1166424
112104	0.1166518	1030	stimuli/foods\cinnamon_sroll.jpg	2	11	0	cinnamon_sroll	1	80	TF_021	0	0	NaN	a	0.4493774	1	786.9653028	787.0819546	0.1166518
112470.5	0.116651	1031	stimuli/foods\coffee_beans.jpg	2	11	0	coffee_beans	1	90	TF_029	0	0	NaN	f	0.6076588	0	788.4319442	788.5485952	0.116651
112941.5	0.1166479	1032	stimuli/foods\steak.jpg	2	11	0	steak	1	283	TF_013	0	0	NaN	a	0.5613369	1	790.3152652	790.4319131	0.1166479
113404	0.116652	1033	stimuli/foods\linguine_with_clams.jpg	2	11	0	linguine_with_clams	1	181	TF_077	0	0	NaN	a	0.4374342	1	792.1652464	792.2818984	0.116652
113795.5	0.1166519	1034	stimuli/foods\mushroom.jpg	2	11	0	mushroom	1	194	NF_039	1	0	NaN	f	0.5267055	1	793.7318996	793.8485515	0.1166519
114191.5	0.1166584	1035	stimuli/foods\raisins.jpg	2	11	0	raisins	1	241	NF_096	1	0	NaN	f	0.4123714	1	795.3152153	795.4318737	0.1166584
114549.75	0.1166359	1036	stimuli/foods\gnocchi.jpg	2	11	0	gnocchi	1	140	TF_064	0	0	NaN	a	0.492078	1	796.74855	796.8651859	0.1166359
114924.75	0.1166573	1037	stimuli/foods\minestrone_soup.jpg	2	11	0	minestrone_soup	1	187	TF_160	0	0	NaN	a	0.4640517	1	798.248523	798.3651803	0.1166573
115320.5	0.1166496	1038	stimuli/foods\orange.jpg	2	11	0	orange	1	201	NF_008	1	0	NaN	f	0.407738	1	799.831851	799.9485006	0.1166496
115762.25	0.1166537	1039	stimuli/foods\cracker.jpg	2	11	0	cracker	1	98	TF_043	0	0	NaN	a	0.503092	1	801.5984987	801.7151524	0.1166537
116170.5	0.1166472	1040	stimuli/foods\mussels.jpg	2	11	0	mussels	1	195	TF_042	0	0	NaN	f	0.6397829	0	803.2318238	803.348471	0.1166472
116645.5	0.1166426	1041	stimuli/foods\bread_roll.jpg	2	11	0	bread_roll	1	27	TF_090	0	0	NaN	a	0.4008081	1	805.1318098	805.2484524	0.1166426
117004	0.116648	1042	stimuli/foods\pea_pod.jpg	2	11	0	pea_pod	1	217	NF_082	1	0	NaN	f	0.397458	1	806.5651429	806.6817909	0.116648
117379	0.1166305	1043	stimuli/foods\toast.jpg	2	11	0	toast	1	296	TF_053	0	0	NaN	a	0.3755588	1	808.0651375	808.181768	0.1166305
117699.75	0.116652	1044	stimuli/foods\lemon_meringue_pie.jpg	2	11	0	lemon_meringue_pie	1	176	TF_151	0	0	NaN	a	0.4272092	1	809.3484408	809.4650928	0.116652
118070.5	0.116649	1045	stimuli/foods\capsicum.jpg	2	11	0	capsicum	1	55	NF_076	1	0	NaN	f	0.3878618	1	810.8317624	810.9484114	0.116649
118391.5	0.1166384	1046	stimuli/foods\blackberry.jpg	2	11	0	blackberry	1	24	NF_063	1	0	NaN	f	0.4265464	1	812.1150866	812.231725	0.1166384
118804	0.1166078	1047	stimuli/foods\lettuce.jpg	2	11	0	lettuce	1	178	NF_046	1	0	NaN	f	0.2645431	1	813.7651117	813.8817195	0.1166078
119170.5	0.1166505	1048	stimuli/foods\hazelnuts.jpg	2	11	0	hazelnuts	1	159	NF_065	1	0	NaN	f	0.4029049	1	815.2317255	815.348376	0.1166505
119529	0.11665	1049	stimuli/foods\stew_with_potatoes_and_carrots.jpg	2	11	0	stew_with_potatoes_and_carrots	1	284	TF_139	0	0	NaN	a	0.3765626	1	816.6650466	816.7816966	0.11665
119941.5	0.1166402	1050	stimuli/foods\red_cabbage.jpg	2	11	0	red_cabbage	1	245	NF_023	1	0	NaN	f	0.5246039	1	818.3150441	818.4316843	0.1166402
120341.5	0.1166516	1051	stimuli/foods\coconut.jpg	2	11	0	coconut	1	89	NF_030	1	0	NaN	f	0.3756084	1	819.9150183	820.0316699	0.1166516
121349.75	0.1166384	1052	stimuli/foods\salami.jpg	2	12	0	salami	1	255	TF_127	0	0	NaN	a	0.4652787	1	823.9483342	824.0649726	0.1166384
121783	0.1166471	1053	stimuli/foods\swordfish.jpg	2	12	0	swordfish	1	290	TF_101	0	0	NaN	a	0.4179678	1	825.68164	825.7982871	0.1166471
122162.25	0.1166498	1054	stimuli/foods\potatoes.jpg	2	12	0	potatoes	1	237	NF_071	1	0	NaN	f	0.3813746	1	827.1982926	827.3149424	0.1166498
122516.5	0.1166479	1055	stimuli/foods\lobster.jpg	2	12	0	lobster	1	182	NF_007	1	0	NaN	f	0.4636966	1	828.6149486	828.7315965	0.1166479
122924.75	0.1166525	1056	stimuli/foods\pomegranate.jpg	2	12	0	pomegranate	1	232	NF_058	1	0	NaN	f	0.4553292	1	830.2482662	830.3649187	0.1166525
123362.25	0.1166563	1057	stimuli/foods\croissant.jpg	2	12	0	croissant	1	100	TF_037	0	0	NaN	a	0.5891327	1	831.9982686	832.1149249	0.1166563
123749.75	0.1166394	1058	stimuli/foods\chestnut.jpg	2	12	0	chestnut	1	65	NF_020	1	0	NaN	f	0.4893638	1	833.5482407	833.6648801	0.1166394
124145.5	0.1166554	1059	stimuli/foods\hamburger.jpg	2	12	0	hamburger	1	150	TF_069	0	0	NaN	a	0.40305	1	835.1315615	835.2482169	0.1166554
124512.25	0.1166593	1060	stimuli/foods\ginger_root.jpg	2	12	0	ginger_root	1	131	NF_088	1	0	NaN	f	0.5163819	1	836.5982163	836.7148756	0.1166593
124899.75	0.1166457	1061	stimuli/foods\fried_calamari.jpg	2	12	0	fried_calamari	1	124	TF_020	0	0	NaN	a	0.45338	1	838.1482077	838.2648534	0.1166457
125341.5	0.1166516	1062	stimuli/foods\red_beans.jpg	2	12	0	red_beans	1	244	NF_033	1	0	NaN	f	0.510752	1	839.9148544	840.031506	0.1166516
125699.75	0.1166141	1063	stimuli/foods\cherry.jpg	2	12	0	cherry	1	64	NF_027	1	0	NaN	f	0.4454278	1	841.3482155	841.4648296	0.1166141
126087.25	0.1166539	1064	stimuli/foods\green_beans.jpg	2	12	0	green_beans	1	147	NF_034	1	0	NaN	f	0.2994178	1	842.8981625	843.0148164	0.1166539
126487.25	0.11665	1065	stimuli/foods\artichoke.jpg	2	12	0	artichoke	1	7	NF_018	1	0	NaN	f	0.3174677	1	844.4981524	844.6148024	0.11665
126804	0.116648	1066	stimuli/foods\mortadella.jpg	2	12	0	mortadella	1	192	TF_083	0	0	NaN	a	0.3668083	1	845.7648084	845.8814564	0.116648
127233	0.116647	1067	stimuli/foods\figs.jpg	2	12	0	figs	1	122	NF_035	1	0	NaN	f	0.4902185	1	847.4814618	847.5981088	0.116647
127637.25	0.1166533	1068	stimuli/foods\spring_onions.jpg	2	12	0	spring_onions	1	282	NF_086	1	0	NaN	f	0.3504997	1	849.0981138	849.2147671	0.1166533
127962.25	0.1166491	1069	stimuli/foods\frankfurters.jpg	2	12	0	frankfurters	1	123	TF_156	0	0	NaN	a	0.4905364	1	850.3981046	850.5147537	0.1166491
128312.25	0.1166486	1070	stimuli/foods\waffle.jpg	2	12	0	waffle	1	308	TF_030	0	0	NaN	a	0.4186322	1	851.7980935	851.9147421	0.1166486
128704	0.1166523	1071	stimuli/foods\apricot.jpg	2	12	0	apricot	1	6	NF_002	1	0	NaN	f	0.3948595	1	853.3647439	853.4813962	0.1166523
129087.25	0.1166486	1072	stimuli/foods\bagel.jpg	2	12	0	bagel	1	14	TF_005	0	0	NaN	a	0.492544	1	854.8980657	855.0147143	0.1166486
129499.75	0.1166526	1073	stimuli/foods\avocado.jpg	2	12	0	avocado	1	9	NF_012	1	0	NaN	f	0.3995655	1	856.5480533	856.6647059	0.1166526
130762.25	0.1166502	1074	stimuli/foods\spinach.jpg	2	13	0	spinach	1	277	NF_094	1	0	NaN	f	0.3686015	1	861.5980107	861.7146609	0.1166502
131099.75	0.1163148	1075	stimuli/foods\lentils.jpg	2	13	0	lentils	1	177	NF_047	1	0	NaN	a	0.2885996	0	862.9483477	863.0646625	0.1163148
131499.75	0.1166503	1076	stimuli/foods\celery.jpg	2	13	0	celery	1	58	NF_092	1	0	NaN	f	0.3636362	1	864.5479873	864.6646376	0.1166503
131908	0.1166463	1077	stimuli/foods\fries.jpg	2	13	0	fries	1	126	TF_094	0	0	NaN	a	0.6403291	1	866.1813066	866.2979529	0.1166463
132341.25	0.1166451	1078	stimuli/foods\green_olives.jpg	2	13	0	green_olives	1	148	TF_085	0	0	NaN	f	0.3810022	0	867.9146295	868.0312746	0.1166451
132741.25	0.1166465	1079	stimuli/foods\pickles.jpg	2	13	0	pickles	1	230	TF_134	0	0	NaN	a	0.3760115	1	869.5146161	869.6312626	0.1166465
133178.75	0.1166557	1080	stimuli/foods\almonds.jpg	2	13	0	almonds	1	0	NF_053	1	0	NaN	f	0.38704	1	871.2646113	871.381267	0.1166557
133603.75	0.1166536	1081	stimuli/foods\peach.jpg	2	13	0	peach	1	218	NF_079	1	0	NaN	f	0.2990211	1	872.9645977	873.0812513	0.1166536
133953.75	0.1166477	1082	stimuli/foods\omelette.jpg	2	13	0	omelette	1	199	TF_057	0	0	NaN	a	0.4210585	1	874.364578	874.4812257	0.1166477
134345.5	0.1166784	1083	stimuli/foods\baguette.jpg	2	13	0	baguette	1	15	TF_006	0	0	NaN	a	0.4613898	1	875.9312225	876.0479009	0.1166784
134749.75	0.1166477	1084	stimuli/foods\radish.jpg	2	13	0	radish	1	240	NF_090	1	0	NaN	f	0.518799	1	877.5478821	877.6645298	0.1166477
135162.25	0.116653	1085	stimuli/foods\carrot.jpg	2	13	0	carrot	1	56	NF_019	1	0	NaN	a	0.613753	0	879.1978662	879.3145192	0.116653
135603.75	0.1166501	1086	stimuli/foods\fennel.jpg	2	13	0	fennel	1	121	NF_036	1	0	NaN	f	0.411085	1	880.9645202	881.0811703	0.1166501
135949.75	0.1166564	1087	stimuli/foods\nougat.jpg	2	13	0	nougat	1	197	TF_144	0	0	NaN	a	0.4388052	1	882.3478476	882.464504	0.1166564
136308	0.1166495	1088	stimuli/foods\potato_chips.jpg	2	13	0	potato_chips	1	236	TF_097	0	0	NaN	a	0.415476	1	883.7811644	883.8978139	0.1166495
136733	0.1166617	1089	stimuli/foods\pineapple.jpg	2	13	0	pineapple	1	231	NF_004	1	0	NaN	f	0.3745009	1	885.4811518	885.5978135	0.1166617
137124.75	0.1166489	1090	stimuli/foods\raw_ham.jpg	2	13	0	raw_ham	1	242	TF_117	0	0	NaN	a	0.4998096	1	887.0478043	887.1644532	0.1166489
137549.75	0.1166509	1091	stimuli/foods\chilli.jpg	2	13	0	chilli	1	74	NF_073	1	0	NaN	f	0.4058493	1	888.7477883	888.8644392	0.1166509
137962.25	0.1166218	1092	stimuli/foods\grapefruits.jpg	2	13	0	grapefruits	1	141	NF_085	1	0	NaN	f	0.4328672	1	890.3978036	890.5144254	0.1166218
138383	0.1166342	1093	stimuli/foods\brie.jpg	2	13	0	brie	1	28	TF_016	0	0	NaN	a	0.4405499	1	892.0811015	892.1977357	0.1166342
138745.5	0.1166668	1094	stimuli/foods\strawberry.jpg	2	13	0	strawberry	1	285	NF_037	1	0	NaN	f	0.3325046	1	893.5310871	893.6477539	0.1166668
139124.75	0.116642	1095	stimuli/foods\chocolate_pudding.jpg	2	13	0	chocolate_pudding	1	78	TF_018	0	0	NaN	a	0.5118647	1	895.0477407	895.1643827	0.116642
143337.25	0.0999885	1096	stimuli/non_foods\stim090_inanimate_clothing_jeans_2.png	3	14	1	jeans_2	0	165		NaN	0	0		0	0	911.8975959	911.9975844	0.0999885
143374.75	0.0999889	1097	stimuli/foods\lettuce.jpg	3	14	1	lettuce	1	178	NF_046	1	0	0		0	0	912.0475949	912.1475838	0.0999889
143412.25	0.1000008	1098	stimuli/non_foods\stim012_animate_bird_parrot_4.png	3	14	1	parrot_4	0	215		NaN	0	0		0	0	912.1975829	912.2975837	0.1000008
143449.75	0.1000228	1099	stimuli/foods\donut.jpg	3	14	1	donut	1	105	TF_032	0	0	0		0	0	912.34759	912.4476128	0.1000228
143487.25	0.0999938	1100	stimuli/non_foods\stim151_inanimate_tools_pan_3.png	3	14	1	pan_3	0	207		NaN	0	0		0	0	912.4975849	912.5975787	0.0999938
143524.75	0.0999911	1101	stimuli/non_foods\stim035_animate_human_faces_3.png	3	14	1	faces_3	0	119		NaN	0	0		0	0	912.6475855	912.7475766	0.0999911
143562.25	0.0999915	1102	stimuli/foods\peas.jpg	3	14	1	peas	1	224	NF_081	1	0	0		0	0	912.7975882	912.8975797	0.0999915
143599.75	0.0999972	1103	stimuli/non_foods\stim047_animate_insect_bug_3.png	3	14	1	bug_3	0	38		NaN	0	0		0	0	912.9475806	913.0475778	0.0999972
143637.25	0.0999972	1104	stimuli/foods\cucumber.jpg	3	14	1	cucumber	1	101	NF_026	1	0	0		0	0	913.0975772	913.1975744	0.0999972
143674.75	0.0999982	1105	stimuli/non_foods\stim145_inanimate_tools_hammer_1.png	3	14	1	hammer_1	0	151		NaN	0	0		0	0	913.2475767	913.3475749	0.0999982
143712.25	0.0999863	1106	stimuli/foods\cabbage.jpg	3	14	1	cabbage	1	48	NF_025	1	0	0		0	0	913.3975844	913.4975707	0.0999863
143749.75	0.1000013	1107	stimuli/foods\stew_with_potatoes_and_carrots.jpg	3	14	1	stew_with_potatoes_and_carrots	1	284	TF_139	0	0	0		0	0	913.5475704	913.6475717	0.1000013
143787.25	0.0999882	1108	stimuli/foods\bread_roll.jpg	3	14	1	bread_roll	1	27	TF_090	0	0	0		0	0	913.6975803	913.7975685	0.0999882
143824.75	0.0999961	1109	stimuli/non_foods\stim053_animate_insect_dragonfly_1.png	3	14	1	dragonfly_1	0	106		NaN	0	0		0	0	913.8475712	913.9475673	0.0999961
143862.25	0.0999923	1110	stimuli/foods\cooked_prawn.jpg	3	14	1	cooked_prawn	1	92	TF_060	0	0	0		0	0	913.9975778	914.0975701	0.0999923
143899.75	0.1000086	1111	stimuli/foods\cracker.jpg	3	14	1	cracker	1	98	TF_043	0	0	0		0	0	914.1475723	914.2475809	0.1000086
143937.25	0.0999989	1112	stimuli/non_foods\stim050_animate_insect_butterfly_2.png	3	14	1	butterfly_2	0	45		NaN	0	0		0	0	914.2975673	914.3975662	0.0999989
143974.75	0.1000058	1113	stimuli/non_foods\stim071_animate_mammal_kangaroo_3.png	3	14	1	kangaroo_3	0	170		NaN	0	0		0	0	914.4475668	914.5475726	0.1000058
144012.25	0.0999868	1114	stimuli/foods\pear.jpg	3	14	1	pear	1	223	NF_077	1	0	0		0	0	914.5975724	914.6975592	0.0999868
144049.75	0.1000046	1115	stimuli/non_foods\stim062_animate_mammal_cow_2.png	3	14	1	cow_2	0	95		NaN	0	0		0	0	914.7475571	914.8475617	0.1000046
144087.25	0.0999942	1116	stimuli/non_foods\stim013_animate_bird_peacock_1.png	3	14	1	peacock_1	0	219		NaN	0	0		0	0	914.8975646	914.9975588	0.0999942
144124.75	0.0999937	1117	stimuli/foods\cinnamon.jpg	3	14	1	cinnamon	1	79	NF_017	1	1	0		0	0	915.0475673	915.147561	0.0999937
144162.25	0.0999947	1118	stimuli/non_foods\stim106_inanimate_furniture_chair_2.png	3	14	1	chair_2	0	61		NaN	0	0		0	0	915.1975662	915.2975609	0.0999947
144199.75	0.0999839	1119	stimuli/foods\minestrone_soup.jpg	3	14	1	minestrone_soup	1	187	TF_160	0	0	1	s	0.3920975	1	915.3475669	915.4475508	0.0999839
144237.25	0.0999989	1120	stimuli/non_foods\stim136_inanimate_plants_tree_4.png	3	14	1	tree_4	0	302		NaN	0	0		0	0	915.4975576	915.5975565	0.0999989
144274.75	0.0999917	1121	stimuli/non_foods\stim112_inanimate_furniture_closet_4.png	3	14	1	closet_4	0	84		NaN	0	0		0	0	915.6475629	915.7475546	0.0999917
144312.25	0.0999933	1122	stimuli/non_foods\stim075_animate_mammal_monkey_3.png	3	14	1	monkey_3	0	190		NaN	0	0		0	0	915.7975603	915.8975536	0.0999933
144349.75	0.0999654	1123	stimuli/foods\octopus.jpg	3	14	1	octopus	1	198	TF_113	0	0	0		0	0	915.9475897	916.0475551	0.0999654
144387.25	0.1000046	1124	stimuli/non_foods\stim072_animate_mammal_kangaroo_4.png	3	14	1	kangaroo_4	0	171		NaN	0	0		0	0	916.0975459	916.1975505	0.1000046
144424.75	0.0999864	1125	stimuli/foods\fries.jpg	3	14	1	fries	1	126	TF_094	0	0	0		0	0	916.2475604	916.3475468	0.0999864
144462.25	0.0999875	1126	stimuli/foods\beetroots.jpg	3	14	1	beetroots	1	23	NF_015	1	0	0		0	0	916.3975602	916.4975477	0.0999875
144499.75	0.099998	1127	stimuli/non_foods\stim052_animate_insect_butterfly_4.png	3	14	1	butterfly_4	0	47		NaN	0	0		0	0	916.5475483	916.6475463	0.099998
144537.25	0.0999939	1128	stimuli/non_foods\stim083_inanimate_clothing_gloves_3.png	3	14	1	gloves_3	0	138		NaN	0	0		0	0	916.6975528	916.7975467	0.0999939
144574.75	0.0999962	1129	stimuli/non_foods\stim116_inanimate_furniture_sofa_4.png	3	14	1	sofa_4	0	274		NaN	0	0		0	0	916.8475478	916.947544	0.0999962
144612.25	0.1000166	1130	stimuli/non_foods\stim098_inanimate_clothing_socks_2.png	3	14	1	socks_2	0	268		NaN	0	0		0	0	916.9975464	917.097563	0.1000166
144649.75	0.0999933	1131	stimuli/non_foods\stim022_animate_human_baby_2.png	3	14	1	baby_2	0	11		NaN	0	0		0	0	917.147549	917.2475423	0.0999933
144687.25	0.0999954	1132	stimuli/non_foods\stim084_inanimate_clothing_gloves_4.png	3	14	1	gloves_4	0	139		NaN	0	0		0	0	917.2975454	917.3975408	0.0999954
144724.75	0.099989	1133	stimuli/foods\chilli.jpg	3	14	1	chilli	1	74	NF_073	1	0	0		0	0	917.4475509	917.5475399	0.099989
144762.25	0.0999799	1134	stimuli/foods\lime.jpg	3	14	1	lime	1	180	NF_048	1	0	0		0	0	917.597549	917.6975289	0.0999799
144799.75	0.1000124	1135	stimuli/foods\cherry.jpg	3	14	1	cherry	1	64	NF_027	1	0	0		0	0	917.74756	917.8475724	0.1000124
144837.25	0.099974	1136	stimuli/foods\raw_ham.jpg	3	14	1	raw_ham	1	242	TF_117	0	0	0		0	0	917.8975418	917.9975158	0.099974
144874.75	0.0999965	1137	stimuli/non_foods\stim003_animate_bird_chicken_3.png	3	14	1	chicken_3	0	68		NaN	0	0		0	0	918.047537	918.1475335	0.0999965
144912.25	0.0999919	1138	stimuli/foods\steak.jpg	3	14	1	steak	1	283	TF_013	0	0	0		0	0	918.1975439	918.2975358	0.0999919
144949.75	0.099986	1139	stimuli/foods\croissant.jpg	3	14	1	croissant	1	100	TF_037	0	0	0		0	0	918.3475445	918.4475305	0.099986
144987.25	0.0999905	1140	stimuli/foods\watermelon.jpg	3	14	1	watermelon	1	309	NF_005	1	0	0		0	0	918.4975383	918.5975288	0.0999905
145024.75	0.0999982	1141	stimuli/non_foods\stim140_inanimate_plants_tulip_4.png	3	14	1	tulip_4	0	306		NaN	0	0		0	0	918.6475323	918.7475305	0.0999982
145062.25	0.1000014	1142	stimuli/non_foods\stim007_animate_bird_duck_3.png	3	14	1	duck_3	0	113		NaN	0	0		0	0	918.7975252	918.8975266	0.1000014
145099.75	0.0999959	1143	stimuli/non_foods\stim060_animate_insect_grasshopper_4.png	3	14	1	grasshopper_4	0	146		NaN	0	0		0	0	918.9475323	919.0475282	0.0999959
145137.25	0.0999873	1144	stimuli/foods\grilled_chicken_breast.jpg	3	14	1	grilled_chicken_breast	1	149	TF_104	0	0	0		0	0	919.0975369	919.1975242	0.0999873
145174.75	0.0999994	1145	stimuli/non_foods\stim141_inanimate_tools_broom_1.png	3	14	1	broom_1	0	30		NaN	0	0		0	0	919.2475249	919.3475243	0.0999994
145212.25	0.1000197	1146	stimuli/non_foods\stim127_inanimate_plants_cactus_3.png	3	14	1	cactus_3	0	51		NaN	0	0		0	0	919.3975273	919.497547	0.1000197
145249.75	0.0999656	1147	stimuli/non_foods\stim043_animate_insect_ant_3.png	3	14	1	ant_3	0	3		NaN	0	0		0	0	919.5475536	919.6475192	0.0999656
145287.25	0.0999892	1148	stimuli/foods\mango.jpg	3	14	1	mango	1	185	NF_054	1	0	0		0	0	919.6975291	919.7975183	0.0999892
145324.75	0.0999931	1149	stimuli/non_foods\stim025_animate_human_child_1.png	3	14	1	child_1	0	70		NaN	1	0		0	0	919.8475248	919.9475179	0.0999931
145362.25	0.0999809	1150	stimuli/foods\egg.jpg	3	14	1	egg	1	115	NF_095	1	0	0		0	0	919.9975271	920.097508	0.0999809
145399.75	0.0999983	1151	stimuli/non_foods\stim146_inanimate_tools_hammer_2.png	3	14	1	hammer_2	0	152		NaN	0	1	s	0.4087465	1	920.1475195	920.2475178	0.0999983
145437.25	0.0999908	1152	stimuli/foods\oregano.jpg	3	14	1	oregano	1	202	NF_066	1	0	0		0	0	920.2975257	920.3975165	0.0999908
145474.75	0.1000003	1153	stimuli/non_foods\stim038_animate_human_sports_2.png	3	14	1	sports_2	0	279		NaN	0	0		0	0	920.4475142	920.5475145	0.1000003
145512.25	0.0999883	1154	stimuli/non_foods\stim066_animate_mammal_giraffe_2.png	3	14	1	giraffe_2	0	133		NaN	0	0		0	0	920.5975264	920.6975147	0.0999883
145549.75	0.0999837	1155	stimuli/non_foods\stim074_animate_mammal_monkey_2.png	3	14	1	monkey_2	0	189		NaN	0	0		0	0	920.7475195	920.8475032	0.0999837
145587.25	0.0999866	1156	stimuli/non_foods\stim020_animate_bird_penguin_4.png	3	14	1	penguin_4	0	228		NaN	0	0		0	0	920.8975144	920.997501	0.0999866
145624.75	0.0999902	1157	stimuli/foods\broccoli.jpg	3	14	1	broccoli	1	29	NF_016	1	0	0		0	0	921.0475209	921.1475111	0.0999902
145662.25	0.1000037	1158	stimuli/foods\hazelnuts.jpg	3	14	1	hazelnuts	1	159	NF_065	1	0	0		0	0	921.1975218	921.2975255	0.1000037
145699.75	0.0999814	1159	stimuli/foods\raisins.jpg	3	14	1	raisins	1	241	NF_096	1	0	0		0	0	921.3475331	921.4475145	0.0999814
145737.25	0.0999945	1160	stimuli/non_foods\stim157_inanimate_tools_wrench_1.png	3	14	1	wrench_1	0	310		NaN	0	0		0	0	921.4975071	921.5975016	0.0999945
145774.75	0.0999889	1161	stimuli/foods\fried_zucchini.jpg	3	14	1	fried_zucchini	1	125	TF_159	0	0	0		0	0	921.6475134	921.7475023	0.0999889
145812.25	0.0999903	1162	stimuli/foods\fruit_salad.jpg	3	14	1	fruit_salad	1	129	NF_043	1	0	0		0	0	921.797514	921.8975043	0.0999903
145849.75	0.0999951	1163	stimuli/foods\omelette.jpg	3	14	1	omelette	1	199	TF_057	0	0	0		0	0	921.9475083	922.0475034	0.0999951
145887.25	0.0999988	1164	stimuli/non_foods\stim037_animate_human_sports_1.png	3	14	1	sports_1	0	278		NaN	0	0		0	0	922.0975022	922.197501	0.0999988
145924.75	0.0999908	1165	stimuli/foods\grapefruits.jpg	3	14	1	grapefruits	1	141	NF_085	1	0	0		0	0	922.2475088	922.3474996	0.0999908
145962.25	0.0999873	1166	stimuli/non_foods\stim067_animate_mammal_giraffe_3.png	3	14	1	giraffe_3	0	134		NaN	0	0		0	0	922.3975111	922.4974984	0.0999873
145999.75	0.0999942	1167	stimuli/non_foods\stim017_animate_bird_penguin_1.png	3	14	1	penguin_1	0	225		NaN	0	0		0	0	922.5475024	922.6474966	0.0999942
146037.25	0.0999966	1168	stimuli/non_foods\stim042_animate_insect_ant_2.png	3	14	1	ant_2	0	2		NaN	0	0		0	0	922.6974996	922.7974962	0.0999966
146074.75	0.0999988	1169	stimuli/non_foods\stim004_animate_bird_chicken_4.png	3	14	1	chicken_4	0	69		NaN	0	0		0	0	922.8474967	922.9474955	0.0999988
146112.25	0.1000125	1170	stimuli/non_foods\stim111_inanimate_furniture_closet_3.png	3	14	1	closet_3	0	83		NaN	0	0		0	0	922.9974996	923.0975121	0.1000125
146149.75	0.0999939	1171	stimuli/non_foods\stim131_inanimate_plants_sunflower_3.png	3	14	1	sunflower_3	0	288		NaN	0	0		0	0	923.147496	923.2474899	0.0999939
146187.25	0.099981	1172	stimuli/foods\frankfurters.jpg	3	14	1	frankfurters	1	123	TF_156	0	0	0		0	0	923.2975004	923.3974814	0.099981
146224.75	0.0999879	1173	stimuli/foods\hotdog.jpg	3	14	1	hotdog	1	161	TF_070	0	0	0		0	0	923.4475015	923.5474894	0.0999879
146262.25	0.0999927	1174	stimuli/foods\blue_cheese.jpg	3	14	1	blue_cheese	1	25	TF_066	0	0	0		0	0	923.5974982	923.6974909	0.0999927
146299.75	0.0999851	1175	stimuli/non_foods\stim070_animate_mammal_kangaroo_2.png	3	14	1	kangaroo_2	0	169		NaN	0	0		0	0	923.747491	923.8474761	0.0999851
146337.25	0.0999986	1176	stimuli/non_foods\stim093_inanimate_clothing_shirt_1.png	3	14	1	shirt_1	0	262		NaN	0	0		0	0	923.8974869	923.9974855	0.0999986
146374.75	0.0999891	1177	stimuli/foods\apricot.jpg	3	14	1	apricot	1	6	NF_002	1	0	0		0	0	924.0474959	924.147485	0.0999891
146412.25	0.0999811	1178	stimuli/foods\cupcake.jpg	3	14	1	cupcake	1	102	TF_050	0	0	0		0	0	924.197496	924.2974771	0.0999811
146449.75	0.1000022	1179	stimuli/non_foods\stim018_animate_bird_penguin_2.png	3	14	1	penguin_2	0	226		NaN	0	0		0	0	924.3474795	924.4474817	0.1000022
146487.25	0.0999866	1180	stimuli/foods\lasagna.jpg	3	14	1	lasagna	1	174	TF_076	0	0	0		0	0	924.4974931	924.5974797	0.0999866
146524.75	0.0999967	1181	stimuli/non_foods\stim056_animate_insect_dragonfly_4.png	3	14	1	dragonfly_4	0	109		NaN	0	0		0	0	924.6474838	924.7474805	0.0999967
146562.25	0.0999839	1182	stimuli/foods\ice_cream.jpg	3	14	1	ice_cream	1	162	TF_062	0	0	0		0	0	924.79751	924.8974939	0.0999839
146599.75	0.0999858	1183	stimuli/foods\coffee_beans.jpg	3	14	1	coffee_beans	1	90	TF_029	0	0	0		0	0	924.9474894	925.0474752	0.0999858
146637.25	0.0999905	1184	stimuli/foods\lemon.jpg	3	14	1	lemon	1	175	NF_049	1	0	0		0	0	925.0974861	925.1974766	0.0999905
146674.75	0.0999902	1185	stimuli/non_foods\stim096_inanimate_clothing_shirt_4.png	3	14	1	shirt_4	0	265		NaN	0	0		0	0	925.2474845	925.3474747	0.0999902
146712.25	0.0999903	1186	stimuli/foods\waffle.jpg	3	14	1	waffle	1	308	TF_030	0	0	0		0	0	925.3974826	925.4974729	0.0999903
146749.75	0.0999902	1187	stimuli/foods\capsicum.jpg	3	14	1	capsicum	1	55	NF_076	1	0	0		0	0	925.5474831	925.6474733	0.0999902
146787.25	0.0999919	1188	stimuli/non_foods\stim120_inanimate_furniture_table_4.png	3	14	1	table_4	0	294		NaN	0	0		0	0	925.6974784	925.7974703	0.0999919
146824.75	0.1000041	1189	stimuli/foods\carrot.jpg	3	14	1	carrot	1	56	NF_019	1	0	0		0	0	925.8474785	925.9474826	0.1000041
146862.25	0.0999913	1190	stimuli/foods\wafer.jpg	3	14	1	wafer	1	307	TF_155	0	0	0		0	0	925.997479	926.0974703	0.0999913
146899.75	0.0999968	1191	stimuli/non_foods\stim058_animate_insect_grasshopper_2.png	3	14	1	grasshopper_2	0	144		NaN	0	0		0	0	926.1474717	926.2474685	0.0999968
146937.25	0.099998	1192	stimuli/non_foods\stim092_inanimate_clothing_jeans_4.png	3	14	1	jeans_4	0	167		NaN	0	0		0	0	926.29747	926.397468	0.099998
146974.75	0.0999969	1193	stimuli/non_foods\stim089_inanimate_clothing_jeans_1.png	3	14	1	jeans_1	0	164		NaN	0	0		0	0	926.4474679	926.5474648	0.0999969
147012.25	0.0999731	1194	stimuli/non_foods\stim032_animate_human_clown_4.png	3	14	1	clown_4	0	88		NaN	0	0		0	0	926.5974894	926.6974625	0.0999731
147049.75	0.0999868	1195	stimuli/foods\gnocchi.jpg	3	14	1	gnocchi	1	140	TF_064	0	0	0		0	0	926.7474724	926.8474592	0.0999868
147087.25	0.0999918	1196	stimuli/foods\potatoes.jpg	3	14	1	potatoes	1	237	NF_071	1	0	0		0	0	926.8974726	926.9974644	0.0999918
147124.75	0.0999894	1197	stimuli/foods\salmon.jpg	3	14	1	salmon	1	256	TF_130	0	0	0		0	0	927.0474703	927.1474597	0.0999894
147162.25	0.0999888	1198	stimuli/foods\cinnamon_sroll.jpg	3	14	1	cinnamon_sroll	1	80	TF_021	0	0	0		0	0	927.1974711	927.2974599	0.0999888
147199.75	0.0999941	1199	stimuli/foods\raw_sausage.jpg	3	14	1	raw_sausage	1	243	TF_131	0	0	0		0	0	927.3474621	927.4474562	0.0999941
147237.25	0.100001	1200	stimuli/non_foods\stim128_inanimate_plants_cactus_4.png	3	14	1	cactus_4	0	52		NaN	0	0		0	0	927.4974568	927.5974578	0.100001
147274.75	0.0999959	1201	stimuli/non_foods\stim016_animate_bird_peacock_4.png	3	14	1	peacock_4	0	222		NaN	0	0		0	0	927.6474604	927.7474563	0.0999959
147312.25	0.099989	1202	stimuli/foods\peach.jpg	3	14	1	peach	1	218	NF_079	1	0	0		0	0	927.7974638	927.8974528	0.099989
147349.75	0.0999903	1203	stimuli/foods\potato_chips.jpg	3	14	1	potato_chips	1	236	TF_097	0	1	0		0	0	927.9474629	928.0474532	0.0999903
147387.25	0.1000027	1204	stimuli/non_foods\stim121_inanimate_plants_bush_1.png	3	14	1	bush_1	0	40		NaN	0	0		0	0	928.0974486	928.1974513	0.1000027
147424.75	0.0999567	1205	stimuli/foods\oyster.jpg	3	14	1	oyster	1	204	NF_067	1	0	0		0	0	928.2475099	928.3474666	0.0999567
147462.25	0.0999742	1206	stimuli/non_foods\stim148_inanimate_tools_hammer_4.png	3	14	1	hammer_4	0	154		NaN	0	1	s	0.4423935	1	928.3974753	928.4974495	0.0999742
147499.75	0.0999787	1207	stimuli/foods\strawberry.jpg	3	14	1	strawberry	1	285	NF_037	1	0	0		0	0	928.5474595	928.6474382	0.0999787
147537.25	0.0999953	1208	stimuli/non_foods\stim138_inanimate_plants_tulip_2.png	3	14	1	tulip_2	0	304		NaN	0	0		0	0	928.6974509	928.7974462	0.0999953
147574.75	0.1000005	1209	stimuli/non_foods\stim069_animate_mammal_kangaroo_1.png	3	14	1	kangaroo_1	0	168		NaN	0	0		0	0	928.8474448	928.9474453	0.1000005
147612.25	0.099992	1210	stimuli/non_foods\stim014_animate_bird_peacock_2.png	3	14	1	peacock_2	0	220		NaN	0	0		0	0	928.9974521	929.0974441	0.099992
147649.75	0.0999902	1211	stimuli/foods\avocado.jpg	3	14	1	avocado	1	9	NF_012	1	0	0		0	0	929.1474562	929.2474464	0.0999902
147687.25	0.0999935	1212	stimuli/non_foods\stim015_animate_bird_peacock_3.png	3	14	1	peacock_3	0	221		NaN	0	0		0	0	929.2974508	929.3974443	0.0999935
147724.75	0.0999878	1213	stimuli/foods\pineapple.jpg	3	14	1	pineapple	1	231	NF_004	1	0	0		0	0	929.4474527	929.5474405	0.0999878
147762.25	0.0999953	1214	stimuli/non_foods\stim023_animate_human_baby_3.png	3	14	1	baby_3	0	12		NaN	0	0		0	0	929.5974427	929.697438	0.0999953
147799.75	0.0999939	1215	stimuli/non_foods\stim024_animate_human_baby_4.png	3	14	1	baby_4	0	13		NaN	0	0		0	0	929.747446	929.8474399	0.0999939
147837.25	0.0999898	1216	stimuli/foods\asparagus.jpg	3	14	1	asparagus	1	8	NF_010	1	0	0		0	0	929.8974466	929.9974364	0.0999898
147874.75	0.1000163	1217	stimuli/foods\garlic.jpg	3	14	1	garlic	1	130	NF_001	1	0	0		0	0	930.0474446	930.1474609	0.1000163
147912.25	0.0999633	1218	stimuli/foods\pumpkin.jpg	3	14	1	pumpkin	1	239	NF_101	1	0	0		0	0	930.19747	930.2974333	0.0999633
147949.75	0.0999914	1219	stimuli/foods\apple.jpg	3	14	1	apple	1	5	NF_055	1	0	0		0	0	930.3474407	930.4474321	0.0999914
147987.25	0.0999895	1220	stimuli/non_foods\stim108_inanimate_furniture_chair_4.png	3	14	1	chair_4	0	63		NaN	0	0		0	0	930.4974414	930.5974309	0.0999895
148024.75	0.0999911	1221	stimuli/non_foods\stim132_inanimate_plants_sunflower_4.png	3	14	1	sunflower_4	0	289		NaN	0	0		0	0	930.6474387	930.7474298	0.0999911
148062.25	0.0999964	1222	stimuli/foods\pork_loin_with_peas.jpg	3	14	1	pork_loin_with_peas	1	234	TF_003	0	0	0		0	0	930.7974334	930.8974298	0.0999964
148099.75	0.0999889	1223	stimuli/foods\fried_calamari.jpg	3	14	1	fried_calamari	1	124	TF_020	0	0	0		0	0	930.947438	931.0474269	0.0999889
148137.25	0.1000041	1224	stimuli/non_foods\stim125_inanimate_plants_cactus_1.png	3	14	1	cactus_1	0	49		NaN	0	0		0	0	931.0974231	931.1974272	0.1000041
148174.75	0.0999794	1225	stimuli/non_foods\stim064_animate_mammal_cow_4.png	3	14	1	cow_4	0	97		NaN	0	0		0	0	931.2474463	931.3474257	0.0999794
148212.25	0.0999876	1226	stimuli/foods\pomegranate.jpg	3	14	1	pomegranate	1	232	NF_058	1	0	0		0	0	931.397436	931.4974236	0.0999876
148249.75	0.1000011	1227	stimuli/non_foods\stim046_animate_insect_bug_2.png	3	14	1	bug_2	0	37		NaN	0	0		0	0	931.547425	931.6474261	0.1000011
148287.25	0.0999918	1228	stimuli/foods\bread.jpg	3	14	1	bread	1	26	TF_089	0	0	0		0	0	931.6974348	931.7974266	0.0999918
148324.75	0.1000124	1229	stimuli/non_foods\stim129_inanimate_plants_sunflower_1.png	3	14	1	sunflower_1	0	286		NaN	0	0		0	0	931.8474294	931.9474418	0.1000124
148362.25	0.0999896	1230	stimuli/foods\pork_and_rice.jpg	3	14	1	pork_and_rice	1	233	TF_080	0	0	0		0	0	931.9974313	932.0974209	0.0999896
148399.75	0.0999933	1231	stimuli/non_foods\stim026_animate_human_child_2.png	3	14	1	child_2	0	71		NaN	0	0		0	0	932.1474231	932.2474164	0.0999933
148437.25	0.099988	1232	stimuli/foods\chocolate_bar.jpg	3	14	1	chocolate_bar	1	75	TF_033	0	0	0		0	0	932.2974285	932.3974165	0.099988
148474.75	0.0999918	1233	stimuli/foods\red_cabbage.jpg	3	14	1	red_cabbage	1	245	NF_023	1	0	0		0	0	932.4474279	932.5474197	0.0999918
148512.25	0.099996	1234	stimuli/non_foods\stim119_inanimate_furniture_table_3.png	3	14	1	table_3	0	293		NaN	0	0		0	0	932.5974198	932.6974158	0.099996
148549.75	0.1000124	1235	stimuli/non_foods\stim110_inanimate_furniture_closet_2.png	3	14	1	closet_2	0	82		NaN	0	0		0	0	932.7474204	932.8474328	0.1000124
148587.25	0.099991	1236	stimuli/foods\fruit_flan.jpg	3	14	1	fruit_flan	1	127	TF_093	0	0	0		0	0	932.8974208	932.9974118	0.099991
148624.75	0.0999899	1237	stimuli/non_foods\stim159_inanimate_tools_wrench_3.png	3	14	1	wrench_3	0	312		NaN	0	0		0	0	933.047423	933.1474129	0.0999899
148662.25	0.0999983	1238	stimuli/non_foods\stim117_inanimate_furniture_table_1.png	3	14	1	table_1	0	291		NaN	0	0		0	0	933.1974134	933.2974117	0.0999983
148699.75	0.0999896	1239	stimuli/foods\pasta_carbonara.jpg	3	14	1	pasta_carbonara	1	216	TF_027	0	0	0		0	0	933.347418	933.4474076	0.0999896
148737.25	0.0999868	1240	stimuli/foods\rockmelon.jpg	3	14	1	rockmelon	1	254	NF_060	1	0	0		0	0	933.4974175	933.5974043	0.0999868
148774.75	0.1000076	1241	stimuli/foods\banana.jpg	3	14	1	banana	1	18	NF_013	1	0	0		0	0	933.6474191	933.7474267	0.1000076
148812.25	0.0999604	1242	stimuli/non_foods\stim102_inanimate_furniture_bed_2.png	3	14	1	bed_2	0	20		NaN	0	0		0	0	933.7974423	933.8974027	0.0999604
148849.75	0.0999987	1243	stimuli/non_foods\stim059_animate_insect_grasshopper_3.png	3	14	1	grasshopper_3	0	145		NaN	0	0		0	0	933.9474082	934.0474069	0.0999987
148887.25	0.0999899	1244	stimuli/non_foods\stim094_inanimate_clothing_shirt_2.png	3	14	1	shirt_2	0	263		NaN	0	0		0	0	934.0974097	934.1973996	0.0999899
148924.75	0.0999977	1245	stimuli/non_foods\stim006_animate_bird_duck_2.png	3	14	1	duck_2	0	112		NaN	0	0		0	0	934.247401	934.3473987	0.0999977
148962.25	0.0999844	1246	stimuli/foods\baguette.jpg	3	14	1	baguette	1	15	TF_006	0	0	0		0	0	934.3974142	934.4973986	0.0999844
148999.75	0.099994	1247	stimuli/non_foods\stim135_inanimate_plants_tree_3.png	3	14	1	tree_3	0	301		NaN	0	0		0	0	934.5474029	934.6473969	0.099994
149037.25	0.0999896	1248	stimuli/foods\museli_bars.jpg	3	14	1	museli_bars	1	193	TF_008	0	0	0		0	0	934.6974089	934.7973985	0.0999896
149074.75	0.0999876	1249	stimuli/foods\pepperoni_pizza.jpg	3	14	1	pepperoni_pizza	1	229	TF_106	0	0	0		0	0	934.8474089	934.9473965	0.0999876
149112.25	0.1000237	1250	stimuli/non_foods\stim041_animate_insect_ant_1.png	3	14	1	ant_1	0	1		NaN	0	0		0	0	934.9973967	935.0974204	0.1000237
149149.75	0.0999907	1251	stimuli/foods\chocolate_pudding.jpg	3	14	1	chocolate_pudding	1	78	TF_018	0	0	0		0	0	935.1474058	935.2473965	0.0999907
149187.25	0.0999906	1252	stimuli/foods\risotto_with_peas_and_asparagus_tips.jpg	3	14	1	risotto_with_peas_and_asparagus_tips	1	252	TF_123	0	0	0		0	0	935.2974023	935.3973929	0.0999906
149603.75	0.0999643	1253	stimuli/non_foods\stim124_inanimate_plants_bush_4.png	3	15	1	bush_4	0	43		NaN	0	0		0	0	936.9640798	937.0640441	0.0999643
149641.25	0.1000092	1254	stimuli/non_foods\stim154_inanimate_tools_scissors_2.png	3	15	1	scissors_2	0	259		NaN	0	0		0	0	937.1140465	937.2140557	0.1000092
149678.75	0.0999882	1255	stimuli/foods\lemon_meringue_pie.jpg	3	15	1	lemon_meringue_pie	1	176	TF_151	0	0	0		0	0	937.264057	937.3640452	0.0999882
149716.25	0.0999696	1256	stimuli/non_foods\stim034_animate_human_faces_2.png	3	15	1	faces_2	0	118		NaN	0	0		0	0	937.4140728	937.5140424	0.0999696
149753.75	0.099999	1257	stimuli/non_foods\stim040_animate_human_sports_4.png	3	15	1	sports_4	0	281		NaN	0	0		0	0	937.5640404	937.6640394	0.099999
149791.25	0.0999916	1258	stimuli/non_foods\stim061_animate_mammal_cow_1.png	3	15	1	cow_1	0	94		NaN	0	0		0	0	937.714044	937.8140356	0.0999916
149828.75	0.0999945	1259	stimuli/foods\eggplant.jpg	3	15	1	eggplant	1	116	NF_059	1	0	0		0	0	937.8640481	937.9640426	0.0999945
149866.25	0.0999991	1260	stimuli/foods\lamb_chops.jpg	3	15	1	lamb_chops	1	173	TF_040	0	0	0		0	0	938.0140501	938.1140492	0.0999991
149903.75	0.0999866	1261	stimuli/foods\rice_cake.jpg	3	15	1	rice_cake	1	251	TF_059	0	0	0		0	0	938.1640459	938.2640325	0.0999866
149941.25	0.0999877	1262	stimuli/foods\blackberry.jpg	3	15	1	blackberry	1	24	NF_063	1	0	0		0	0	938.3140496	938.4140373	0.0999877
149978.75	0.0999882	1263	stimuli/foods\prawn.jpg	3	15	1	prawn	1	238	NF_041	1	0	0		0	0	938.464045	938.5640332	0.0999882
150016.25	0.1000184	1264	stimuli/foods\hamburger.jpg	3	15	1	hamburger	1	150	TF_069	0	0	0		0	0	938.614042	938.7140604	0.1000184
150053.75	0.0999634	1265	stimuli/non_foods\stim082_inanimate_clothing_gloves_2.png	3	15	1	gloves_2	0	137		NaN	0	0		0	0	938.7640675	938.8640309	0.0999634
150091.25	0.0999872	1266	stimuli/foods\fennel.jpg	3	15	1	fennel	1	121	NF_036	1	0	0		0	0	938.9140427	939.0140299	0.0999872
150128.75	0.0999892	1267	stimuli/foods\fruit_pie.jpg	3	15	1	fruit_pie	1	128	TF_147	0	0	0		0	0	939.0640383	939.1640275	0.0999892
150166.25	0.0999846	1268	stimuli/non_foods\stim036_animate_human_faces_4.png	3	15	1	faces_4	0	120		NaN	0	0		0	0	939.2140428	939.3140274	0.0999846
150203.75	0.0999936	1269	stimuli/non_foods\stim011_animate_bird_parrot_3.png	3	15	1	parrot_3	0	214		NaN	0	0		0	0	939.3640315	939.4640251	0.0999936
150241.25	0.1000012	1270	stimuli/non_foods\stim076_animate_mammal_monkey_4.png	3	15	1	monkey_4	0	191		NaN	0	0		0	0	939.5140274	939.6140286	0.1000012
150278.75	0.0999946	1271	stimuli/non_foods\stim033_animate_human_faces_1.png	3	15	1	faces_1	0	117		NaN	0	0		0	0	939.6640287	939.7640233	0.0999946
150316.25	0.0999832	1272	stimuli/foods\chocolate_chip_cookies.jpg	3	15	1	chocolate_chip_cookies	1	76	TF_010	0	0	0		0	0	939.8140531	939.9140363	0.0999832
150353.75	0.0999931	1273	stimuli/non_foods\stim030_animate_human_clown_2.png	3	15	1	clown_2	0	86		NaN	0	0		0	0	939.9640313	940.0640244	0.0999931
150391.25	0.0999877	1274	stimuli/foods\pancakes.jpg	3	15	1	pancakes	1	209	TF_058	0	1	0		0	0	940.1140326	940.2140203	0.0999877
150428.75	0.0999929	1275	stimuli/foods\green_olives.jpg	3	15	1	green_olives	1	148	TF_085	0	0	0		0	0	940.2640309	940.3640238	0.0999929
150466.25	0.1000083	1276	stimuli/foods\cream_donuts.jpg	3	15	1	cream_donuts	1	99	TF_014	0	0	1	s	0.392089	1	940.4140289	940.5140372	0.1000083
150503.75	0.0999742	1277	stimuli/non_foods\stim028_animate_human_child_4.png	3	15	1	child_4	0	73		NaN	0	0		0	0	940.5640343	940.6640085	0.0999742
150541.25	0.0999907	1278	stimuli/foods\brussel_sprouts.jpg	3	15	1	brussel_sprouts	1	35	NF_021	1	0	0		0	0	940.7140256	940.8140163	0.0999907
150578.75	0.0999945	1279	stimuli/non_foods\stim100_inanimate_clothing_socks_4.png	3	15	1	socks_4	0	270		NaN	0	0		0	0	940.8640215	940.964016	0.0999945
150616.25	0.1000019	1280	stimuli/non_foods\stim005_animate_bird_duck_1.png	3	15	1	duck_1	0	111		NaN	0	0		0	0	941.0140131	941.114015	0.1000019
150653.75	0.0999962	1281	stimuli/non_foods\stim085_inanimate_clothing_hat_1.png	3	15	1	hat_1	0	155		NaN	0	0		0	0	941.1640158	941.264012	0.0999962
150691.25	0.0999924	1282	stimuli/foods\honey.jpg	3	15	1	honey	1	160	NF_062	1	0	0		0	0	941.3140171	941.4140095	0.0999924
150728.75	0.0999917	1283	stimuli/foods\spaghetti_with_olives_and_capers.jpg	3	15	1	spaghetti_with_olives_and_capers	1	276	TF_135	0	0	0		0	0	941.4640182	941.5640099	0.0999917
150766.25	0.0999732	1284	stimuli/foods\orange.jpg	3	15	1	orange	1	201	NF_008	1	0	0		0	0	941.6140312	941.7140044	0.0999732
150803.75	0.0999864	1285	stimuli/foods\green_beans.jpg	3	15	1	green_beans	1	147	NF_034	1	0	0		0	0	941.7640182	941.8640046	0.0999864
150841.25	0.0999902	1286	stimuli/foods\ginger_root.jpg	3	15	1	ginger_root	1	131	NF_088	1	0	0		0	0	941.9140167	942.0140069	0.0999902
150878.75	0.099942	1287	stimuli/non_foods\stim008_animate_bird_duck_4.png	3	15	1	duck_4	0	114		NaN	0	0		0	0	942.0640596	942.1640016	0.099942
150916.25	0.1000121	1288	stimuli/non_foods\stim101_inanimate_furniture_bed_1.png	3	15	1	bed_1	0	19		NaN	0	0		0	0	942.2140153	942.3140274	0.1000121
150953.75	0.0999956	1289	stimuli/non_foods\stim029_animate_human_clown_1.png	3	15	1	clown_1	0	85		NaN	0	0		0	0	942.3640045	942.4640001	0.0999956
150991.25	0.0999949	1290	stimuli/non_foods\stim086_inanimate_clothing_hat_2.png	3	15	1	hat_2	0	156		NaN	0	0		0	0	942.5140051	942.614	0.0999949
151028.75	0.1000002	1291	stimuli/non_foods\stim142_inanimate_tools_broom_2.png	3	15	1	broom_2	0	31		NaN	0	0		0	0	942.6640002	942.7640004	0.1000002
151066.25	0.0999964	1292	stimuli/non_foods\stim160_inanimate_tools_wrench_4.png	3	15	1	wrench_4	0	313		NaN	0	0		0	0	942.8140006	942.913997	0.0999964
151103.75	0.0999888	1293	stimuli/non_foods\stim158_inanimate_tools_wrench_2.png	3	15	1	wrench_2	0	311		NaN	0	0		0	0	942.9640038	943.0639926	0.0999888
151141.25	0.0999891	1294	stimuli/foods\lollies.jpg	3	15	1	lollies	1	183	TF_026	0	0	0		0	0	943.1140069	943.213996	0.0999891
151178.75	0.0998938	1295	stimuli/non_foods\stim057_animate_insect_grasshopper_1.png	3	15	1	grasshopper_1	0	143		NaN	0	0		0	0	943.2640994	943.3639932	0.0998938
151216.25	0.09999	1296	stimuli/foods\parmesan_cheese.jpg	3	15	1	parmesan_cheese	1	211	TF_091	0	0	0		0	0	943.4140035	943.5139935	0.09999
151253.75	0.0999894	1297	stimuli/foods\rice.jpg	3	15	1	rice	1	250	TF_121	0	0	0		0	0	943.5640029	943.6639923	0.0999894
151291.25	0.099988	1298	stimuli/foods\lentils.jpg	3	15	1	lentils	1	177	NF_047	1	0	0		0	0	943.7140026	943.8139906	0.099988
151328.75	0.0999888	1299	stimuli/foods\oven-roasted_tomatoes.jpg	3	15	1	oven-roasted_tomatoes	1	203	TF_114	0	0	0		0	0	943.8640039	943.9639927	0.0999888
151366.25	0.0999715	1300	stimuli/foods\cereal.jpg	3	15	1	cereal	1	59	TF_028	0	0	0		0	0	944.0140308	944.1140023	0.0999715
151403.75	0.0999916	1301	stimuli/foods\tomato.jpg	3	15	1	tomato	1	298	NF_084	1	0	0		0	0	944.1639962	944.2639878	0.0999916
151441.25	0.0999981	1302	stimuli/non_foods\stim055_animate_insect_dragonfly_3.png	3	15	1	dragonfly_3	0	108		NaN	0	0		0	0	944.3139897	944.4139878	0.0999981
151478.75	0.0999982	1303	stimuli/non_foods\stim088_inanimate_clothing_hat_4.png	3	15	1	hat_4	0	158		NaN	0	0		0	0	944.4639853	944.5639835	0.0999982
151516.25	0.0999916	1304	stimuli/foods\coconut.jpg	3	15	1	coconut	1	89	NF_030	1	0	0		0	0	944.6139924	944.713984	0.0999916
151553.75	0.0999866	1305	stimuli/foods\figs.jpg	3	15	1	figs	1	122	NF_035	1	0	0		0	0	944.7639931	944.8639797	0.0999866
151591.25	0.0999885	1306	stimuli/non_foods\stim095_inanimate_clothing_shirt_3.png	3	15	1	shirt_3	0	264		NaN	0	0		0	0	944.9139863	945.0139748	0.0999885
151628.75	0.1000001	1307	stimuli/foods\licorice.jpg	3	15	1	licorice	1	179	TF_078	0	0	0		0	0	945.0639832	945.1639833	0.1000001
151666.25	0.0999965	1308	stimuli/foods\corncob.jpg	3	15	1	corncob	1	93	NF_051	1	0	0		0	0	945.2139829	945.3139794	0.0999965
151703.75	0.0999914	1309	stimuli/foods\almonds.jpg	3	15	1	almonds	1	0	NF_053	1	0	0		0	0	945.3639867	945.4639781	0.0999914
151741.25	0.0999871	1310	stimuli/foods\spaghetti_with_meat_sauce.jpg	3	15	1	spaghetti_with_meat_sauce	1	275	TF_137	0	0	0		0	0	945.5139876	945.6139747	0.0999871
151778.75	0.1000039	1311	stimuli/non_foods\stim054_animate_insect_dragonfly_2.png	3	15	1	dragonfly_2	0	107		NaN	0	0		0	0	945.6639755	945.7639794	0.1000039
151816.25	0.0999624	1312	stimuli/foods\red_beans.jpg	3	15	1	red_beans	1	244	NF_033	1	0	0		0	0	945.8140097	945.9139721	0.0999624
151853.75	0.0999937	1313	stimuli/non_foods\stim080_animate_mammal_rhino_4.png	3	15	1	rhino_4	0	249		NaN	0	0		0	0	945.9639769	946.0639706	0.0999937
151891.25	0.0999913	1314	stimuli/foods\pickles.jpg	3	15	1	pickles	1	230	TF_134	0	0	0		0	0	946.1139799	946.2139712	0.0999913
151928.75	0.0999878	1315	stimuli/foods\smoked_ham.jpg	3	15	1	smoked_ham	1	266	TF_118	0	0	0		0	0	946.2639821	946.3639699	0.0999878
151966.25	0.1000004	1316	stimuli/non_foods\stim143_inanimate_tools_broom_3.png	3	15	1	broom_3	0	32		NaN	0	0		0	0	946.4139691	946.5139695	0.1000004
152003.75	0.1000008	1317	stimuli/non_foods\stim144_inanimate_tools_broom_4.png	3	15	1	broom_4	0	33		NaN	0	0		0	0	946.5639666	946.6639674	0.1000008
152041.25	0.0999925	1318	stimuli/non_foods\stim139_inanimate_plants_tulip_3.png	3	15	1	tulip_3	0	305		NaN	0	0		0	0	946.7139702	946.8139627	0.0999925
152078.75	0.1000227	1319	stimuli/non_foods\stim147_inanimate_tools_hammer_3.png	3	15	1	hammer_3	0	153		NaN	0	0		0	0	946.8639661	946.9639888	0.1000227
152116.25	0.0999898	1320	stimuli/foods\brownie.jpg	3	15	1	brownie	1	34	TF_011	0	0	0		0	0	947.0139738	947.1139636	0.0999898
152153.75	0.0999911	1321	stimuli/foods\toasted_bread_with_tomatoes.jpg	3	15	1	toasted_bread_with_tomatoes	1	297	TF_017	0	0	0		0	0	947.1639726	947.2639637	0.0999911
152191.25	0.0999936	1322	stimuli/non_foods\stim078_animate_mammal_rhino_2.png	3	15	1	rhino_2	0	247		NaN	0	0		0	0	947.3139666	947.4139602	0.0999936
152228.75	0.1000085	1323	stimuli/non_foods\stim010_animate_bird_parrot_2.png	3	15	1	parrot_2	0	213		NaN	0	0		0	0	947.4639628	947.5639713	0.1000085
152266.25	0.099976	1324	stimuli/non_foods\stim137_inanimate_plants_tulip_1.png	3	15	1	tulip_1	0	303		NaN	0	0		0	0	947.6139805	947.7139565	0.099976
152303.75	0.099975	1325	stimuli/foods\spinach.jpg	3	15	1	spinach	1	277	NF_094	1	1	0		0	0	947.7639828	947.8639578	0.099975
152341.25	0.0999966	1326	stimuli/non_foods\stim039_animate_human_sports_3.png	3	15	1	sports_3	0	280		NaN	0	0		0	0	947.9139614	948.013958	0.0999966
152378.75	0.0999909	1327	stimuli/foods\mushroom.jpg	3	15	1	mushroom	1	194	NF_039	1	0	0		0	0	948.0639645	948.1639554	0.0999909
152416.25	0.0999882	1328	stimuli/foods\lobster.jpg	3	15	1	lobster	1	182	NF_007	1	0	1	s	0.4422805	1	948.2139659	948.3139541	0.0999882
152453.75	0.0999945	1329	stimuli/foods\linguine_with_clams.jpg	3	15	1	linguine_with_clams	1	181	TF_077	0	0	0		0	0	948.363961	948.4639555	0.0999945
152491.25	0.0999943	1330	stimuli/non_foods\stim077_animate_mammal_rhino_1.png	3	15	1	rhino_1	0	246		NaN	0	0		0	0	948.5139574	948.6139517	0.0999943
152528.75	0.1000136	1331	stimuli/non_foods\stim115_inanimate_furniture_sofa_3.png	3	15	1	sofa_3	0	273		NaN	0	0		0	0	948.6639577	948.7639713	0.1000136
152566.25	0.0999911	1332	stimuli/foods\artichoke.jpg	3	15	1	artichoke	1	7	NF_018	1	0	0		0	0	948.8139583	948.9139494	0.0999911
152603.75	0.099991	1333	stimuli/foods\salami.jpg	3	15	1	salami	1	255	TF_127	0	0	0		0	0	948.9639592	949.0639502	0.099991
152641.25	0.0999932	1334	stimuli/non_foods\stim123_inanimate_plants_bush_3.png	3	15	1	bush_3	0	42		NaN	0	0		0	0	949.1139505	949.2139437	0.0999932
152678.75	0.1000137	1335	stimuli/foods\baked_lamb_with_potatoes.jpg	3	15	1	baked_lamb_with_potatoes	1	17	TF_001	0	0	0		0	0	949.2639536	949.3639673	0.1000137
152716.25	0.0999418	1336	stimuli/foods\chestnut.jpg	3	15	1	chestnut	1	65	NF_020	1	0	0		0	0	949.4140005	949.5139423	0.0999418
152753.75	0.099987	1337	stimuli/foods\toast.jpg	3	15	1	toast	1	296	TF_053	0	0	0		0	0	949.5639515	949.6639385	0.099987
152791.25	0.0999897	1338	stimuli/foods\taco.jpg	3	15	1	taco	1	295	TF_141	0	0	0		0	0	949.7139537	949.8139434	0.0999897
152828.75	0.099989	1339	stimuli/foods\bagel.jpg	3	15	1	bagel	1	14	TF_005	0	0	0		0	0	949.8639485	949.9639375	0.099989
152866.25	0.0999987	1340	stimuli/non_foods\stim152_inanimate_tools_pan_4.png	3	15	1	pan_4	0	208		NaN	0	0		0	0	950.0139392	950.1139379	0.0999987
152903.75	0.0999917	1341	stimuli/foods\roasted_chicken.jpg	3	15	1	roasted_chicken	1	253	TF_109	0	0	0		0	0	950.1639475	950.2639392	0.0999917
152941.25	0.0999989	1342	stimuli/non_foods\stim156_inanimate_tools_scissors_4.png	3	15	1	scissors_4	0	261		NaN	0	0		0	0	950.3139385	950.4139374	0.0999989
152978.75	0.0999811	1343	stimuli/foods\papaya.jpg	3	15	1	papaya	1	210	NF_069	1	0	0		0	0	950.4639635	950.5639446	0.0999811
153016.25	0.0999893	1344	stimuli/foods\mortadella.jpg	3	15	1	mortadella	1	192	TF_083	0	0	0		0	0	950.6139422	950.7139315	0.0999893
153053.75	0.0999958	1345	stimuli/non_foods\stim045_animate_insect_bug_1.png	3	15	1	bug_1	0	36		NaN	0	0		0	0	950.7639368	950.8639326	0.0999958
153091.25	0.0999952	1346	stimuli/non_foods\stim118_inanimate_furniture_table_2.png	3	15	1	table_2	0	292		NaN	0	0		0	0	950.9139382	951.0139334	0.0999952
153128.75	0.1000044	1347	stimuli/non_foods\stim113_inanimate_furniture_sofa_1.png	3	15	1	sofa_1	0	271		NaN	0	0		0	0	951.0639456	951.16395	0.1000044
153166.25	0.0999889	1348	stimuli/non_foods\stim105_inanimate_furniture_chair_1.png	3	15	1	chair_1	0	60		NaN	0	0		0	0	951.2139419	951.3139308	0.0999889
153203.75	0.1000024	1349	stimuli/non_foods\stim068_animate_mammal_giraffe_4.png	3	15	1	giraffe_4	0	135		NaN	0	0		0	0	951.3639253	951.4639277	0.1000024
153241.25	0.0999882	1350	stimuli/foods\brie.jpg	3	15	1	brie	1	28	TF_016	0	0	0		0	0	951.5139371	951.6139253	0.0999882
153278.75	0.0999841	1351	stimuli/foods\spring_onions.jpg	3	15	1	spring_onions	1	282	NF_086	1	0	0		0	0	951.6639415	951.7639256	0.0999841
153316.25	0.0999889	1352	stimuli/foods\kiwi.jpg	3	15	1	kiwi	1	172	NF_044	1	0	0		0	0	951.8139339	951.9139228	0.0999889
153353.75	0.0999776	1353	stimuli/non_foods\stim009_animate_bird_parrot_1.png	3	15	1	parrot_1	0	212		NaN	0	0		0	0	951.9639452	952.0639228	0.0999776
153391.25	0.0999934	1354	stimuli/non_foods\stim002_animate_bird_chicken_2.png	3	15	1	chicken_2	0	67		NaN	0	0		0	0	952.1139262	952.2139196	0.0999934
153428.75	0.0999851	1355	stimuli/non_foods\stim065_animate_mammal_giraffe_1.png	3	15	1	giraffe_1	0	132		NaN	0	0		0	0	952.2639347	952.3639198	0.0999851
153466.25	0.1000101	1356	stimuli/non_foods\stim155_inanimate_tools_scissors_3.png	3	15	1	scissors_3	0	260		NaN	0	0		0	0	952.4139268	952.5139369	0.1000101
153503.75	0.0999933	1357	stimuli/non_foods\stim091_inanimate_clothing_jeans_3.png	3	15	1	jeans_3	0	166		NaN	0	0		0	0	952.5639222	952.6639155	0.0999933
153541.25	0.0999882	1358	stimuli/foods\cauliflower.jpg	3	15	1	cauliflower	1	57	NF_022	1	0	0		0	0	952.7139266	952.8139148	0.0999882
153578.75	0.1000133	1359	stimuli/non_foods\stim149_inanimate_tools_pan_1.png	3	15	1	pan_1	0	205		NaN	0	0		0	0	952.8639241	952.9639374	0.1000133
153616.25	0.099999	1360	stimuli/non_foods\stim027_animate_human_child_3.png	3	15	1	child_3	0	72		NaN	0	0		0	0	953.0139176	953.1139166	0.099999
153653.75	0.0999868	1361	stimuli/foods\savory_pie.jpg	3	15	1	savory_pie	1	257	TF_146	0	0	0		0	0	953.1639273	953.2639141	0.0999868
153691.25	0.0999972	1362	stimuli/non_foods\stim150_inanimate_tools_pan_2.png	3	15	1	pan_2	0	206		NaN	0	0		0	0	953.3139143	953.4139115	0.0999972
153728.75	0.0999974	1363	stimuli/non_foods\stim001_animate_bird_chicken_1.png	3	15	1	chicken_1	0	66		NaN	0	0		0	0	953.4639146	953.563912	0.0999974
153766.25	0.0999904	1364	stimuli/non_foods\stim109_inanimate_furniture_closet_1.png	3	15	1	closet_1	0	81		NaN	0	0		0	0	953.6139171	953.7139075	0.0999904
153803.75	0.0999984	1365	stimuli/non_foods\stim051_animate_insect_butterfly_3.png	3	15	1	butterfly_3	0	46		NaN	0	0		0	0	953.7639095	953.8639079	0.0999984
153841.25	0.1000157	1366	stimuli/foods\cuttlefish.jpg	3	15	1	cuttlefish	1	103	NF_093	1	0	0		0	0	953.913919	954.0139347	0.1000157
153878.75	0.099993	1367	stimuli/non_foods\stim049_animate_insect_butterfly_1.png	3	15	1	butterfly_1	0	44		NaN	0	0		0	0	954.0639116	954.1639046	0.099993
153916.25	0.0999997	1368	stimuli/non_foods\stim130_inanimate_plants_sunflower_2.png	3	15	1	sunflower_2	0	287		NaN	0	0		0	0	954.2139052	954.3139049	0.0999997
153953.75	0.0999954	1369	stimuli/non_foods\stim103_inanimate_furniture_bed_3.png	3	15	1	bed_3	0	21		NaN	0	0		0	0	954.3639075	954.4639029	0.0999954
153991.25	0.1000006	1370	stimuli/non_foods\stim126_inanimate_plants_cactus_2.png	3	15	1	cactus_2	0	50		NaN	0	0		0	0	954.513905	954.6139056	0.1000006
154028.75	0.1000089	1371	stimuli/non_foods\stim087_inanimate_clothing_hat_3.png	3	15	1	hat_3	0	157		NaN	0	0		0	0	954.6639124	954.7639213	0.1000089
154066.25	0.0999858	1372	stimuli/foods\swordfish.jpg	3	15	1	swordfish	1	290	TF_101	0	0	0		0	0	954.8139128	954.9138986	0.0999858
154103.75	0.0999873	1373	stimuli/foods\ice_cream_sandwich.jpg	3	15	1	ice_cream_sandwich	1	163	TF_061	0	0	0		0	0	954.9639087	955.063896	0.0999873
154141.25	0.0999908	1374	stimuli/foods\meatballs.jpg	3	15	1	meatballs	1	186	TF_112	0	0	0		0	0	955.113906	955.2138968	0.0999908
154178.75	0.0999957	1375	stimuli/non_foods\stim153_inanimate_tools_scissors_1.png	3	15	1	scissors_1	0	258		NaN	0	0		0	0	955.2638983	955.363894	0.0999957
154216.25	0.0999953	1376	stimuli/non_foods\stim081_inanimate_clothing_gloves_1.png	3	15	1	gloves_1	0	136		NaN	1	0		0	0	955.4139005	955.5138958	0.0999953
154253.75	0.0999905	1377	stimuli/foods\celery.jpg	3	15	1	celery	1	58	NF_092	1	0	0		0	0	955.5639028	955.6638933	0.0999905
154291.25	0.1000061	1378	stimuli/non_foods\stim021_animate_human_baby_1.png	3	15	1	baby_1	0	10		NaN	0	0		0	0	955.7138964	955.8139025	0.1000061
154328.75	0.0999905	1379	stimuli/foods\chocolate_pralines.jpg	3	15	1	chocolate_pralines	1	77	TF_035	0	0	1	s	0.4422998	1	955.8639018	955.9638923	0.0999905
154366.25	0.0999927	1380	stimuli/non_foods\stim134_inanimate_plants_tree_2.png	3	15	1	tree_2	0	300		NaN	0	0		0	0	956.013894	956.1138867	0.0999927
154403.75	0.09999	1381	stimuli/foods\potato_and_green_bean_salad.jpg	3	15	1	potato_and_green_bean_salad	1	235	TF_072	0	0	0		0	0	956.1638987	956.2638887	0.09999
154441.25	0.0999927	1382	stimuli/foods\onion.jpg	3	15	1	onion	1	200	NF_029	1	0	0		0	0	956.3138985	956.4138912	0.0999927
154478.75	0.0999738	1383	stimuli/non_foods\stim031_animate_human_clown_3.png	3	15	1	clown_3	0	87		NaN	0	0		0	0	956.4639102	956.563884	0.0999738
154516.25	0.0999926	1384	stimuli/non_foods\stim114_inanimate_furniture_sofa_2.png	3	15	1	sofa_2	0	272		NaN	0	0		0	0	956.6138913	956.7138839	0.0999926
154553.75	0.099994	1385	stimuli/non_foods\stim044_animate_insect_ant_4.png	3	15	1	ant_4	0	4		NaN	0	0		0	0	956.7638865	956.8638805	0.099994
154591.25	0.0999961	1386	stimuli/non_foods\stim107_inanimate_furniture_chair_3.png	3	15	1	chair_3	0	62		NaN	0	0		0	0	956.9138908	957.0138869	0.0999961
154628.75	0.0999885	1387	stimuli/foods\nougat.jpg	3	15	1	nougat	1	197	TF_144	0	0	0		0	0	957.0638929	957.1638814	0.0999885
154666.25	0.0999949	1388	stimuli/non_foods\stim104_inanimate_furniture_bed_4.png	3	15	1	bed_4	0	22		NaN	0	0		0	0	957.213883	957.3138779	0.0999949
154703.75	0.0999913	1389	stimuli/foods\mandarin.jpg	3	15	1	mandarin	1	184	NF_052	1	0	0		0	0	957.3638894	957.4638807	0.0999913
154741.25	0.0999951	1390	stimuli/foods\nectarine.jpg	3	15	1	nectarine	1	196	NF_078	1	0	0		0	0	957.5138862	957.6138813	0.0999951
154778.75	0.1000122	1391	stimuli/non_foods\stim073_animate_mammal_monkey_1.png	3	15	1	monkey_1	0	188		NaN	0	0		0	0	957.6638834	957.7638956	0.1000122
154816.25	0.0999776	1392	stimuli/non_foods\stim063_animate_mammal_cow_3.png	3	15	1	cow_3	0	96		NaN	0	0		0	0	957.8138767	957.9138543	0.0999776
154853.75	0.0999906	1393	stimuli/foods\calamari.jpg	3	15	1	calamari	1	53	TF_019	0	0	0		0	0	957.9638821	958.0638727	0.0999906
154891.25	0.0999879	1394	stimuli/foods\cooked_ham.jpg	3	15	1	cooked_ham	1	91	TF_116	0	0	0		0	0	958.1138822	958.2138701	0.0999879
154928.75	0.0999676	1395	stimuli/foods\dates.jpg	3	15	1	dates	1	104	NF_032	1	0	0		0	0	958.2639026	958.3638702	0.0999676
154966.25	0.0999934	1396	stimuli/foods\radish.jpg	3	15	1	radish	1	240	NF_090	1	0	0		0	0	958.4138783	958.5138717	0.0999934
155003.75	0.0999951	1397	stimuli/non_foods\stim019_animate_bird_penguin_3.png	3	15	1	penguin_3	0	227		NaN	0	0		0	0	958.5638735	958.6638686	0.0999951
155041.25	0.0999933	1398	stimuli/non_foods\stim122_inanimate_plants_bush_2.png	3	15	1	bush_2	0	41		NaN	0	0		0	0	958.7138731	958.8138664	0.0999933
155078.75	0.0999989	1399	stimuli/non_foods\stim048_animate_insect_bug_4.png	3	15	1	bug_4	0	39		NaN	0	0		0	0	958.8638679	958.9638668	0.0999989
155116.25	0.0999851	1400	stimuli/foods\pea_pod.jpg	3	15	1	pea_pod	1	217	NF_082	1	0	0		0	0	959.0138783	959.1138634	0.0999851
155153.75	0.099999	1401	stimuli/non_foods\stim097_inanimate_clothing_socks_1.png	3	15	1	socks_1	0	267		NaN	0	0		0	0	959.1638667	959.2638657	0.099999
155191.25	0.099979	1402	stimuli/foods\cannoli.jpg	3	15	1	cannoli	1	54	TF_022	0	0	0		0	0	959.3138996	959.4138786	0.099979
155228.75	0.0999924	1403	stimuli/non_foods\stim079_animate_mammal_rhino_3.png	3	15	1	rhino_3	0	248		NaN	0	0		0	0	959.4638669	959.5638593	0.0999924
155266.25	0.0999885	1404	stimuli/foods\baked_cod_with_carrots_and_green_beans.jpg	3	15	1	baked_cod_with_carrots_and_green_beans	1	16	TF_082	0	0	0		0	0	959.6138703	959.7138588	0.0999885
155303.75	0.099995	1405	stimuli/non_foods\stim133_inanimate_plants_tree_1.png	3	15	1	tree_1	0	299		NaN	0	0		0	0	959.7638642	959.8638592	0.099995
155341.25	0.0999985	1406	stimuli/foods\mussels.jpg	3	15	1	mussels	1	195	TF_042	0	0	0		0	0	959.9138712	960.0138697	0.0999985
155378.75	0.0999725	1407	stimuli/foods\grapes.jpg	3	15	1	grapes	1	142	NF_098	1	0	0		0	0	960.0638846	960.1638571	0.0999725
155416.25	0.0999877	1408	stimuli/foods\dried_figs.jpg	3	15	1	dried_figs	1	110	TF_054	0	0	0		0	0	960.2138665	960.3138542	0.0999877
155453.75	0.0999933	1409	stimuli/non_foods\stim099_inanimate_clothing_socks_3.png	3	15	1	socks_3	0	269		NaN	0	0		0	0	960.3638583	960.4638516	0.0999933
156503.75	0.0999973	1410	stimuli/non_foods\stim012_animate_bird_parrot_4.png	3	16	1	parrot_4	0	215		NaN	0	0		0	0	964.5638229	964.6638202	0.0999973
156541.25	0.0999876	1411	stimuli/foods\mortadella.jpg	3	16	1	mortadella	1	192	TF_083	0	0	0		0	0	964.7138307	964.8138183	0.0999876
156578.75	0.099997	1412	stimuli/non_foods\stim160_inanimate_tools_wrench_4.png	3	16	1	wrench_4	0	313		NaN	0	0		0	0	964.8638244	964.9638214	0.099997
156616.25	0.100011	1413	stimuli/non_foods\stim108_inanimate_furniture_chair_4.png	3	16	1	chair_4	0	63		NaN	0	0		0	0	965.0138269	965.1138379	0.100011
156653.75	0.0999941	1414	stimuli/non_foods\stim132_inanimate_plants_sunflower_4.png	3	16	1	sunflower_4	0	289		NaN	0	0		0	0	965.1638191	965.2638132	0.0999941
156691.25	0.0999911	1415	stimuli/non_foods\stim016_animate_bird_peacock_4.png	3	16	1	peacock_4	0	222		NaN	0	0		0	0	965.3138227	965.4138138	0.0999911
156728.75	0.0999945	1416	stimuli/non_foods\stim118_inanimate_furniture_table_2.png	3	16	1	table_2	0	292		NaN	0	0		0	0	965.4638167	965.5638112	0.0999945
156766.25	0.0999902	1417	stimuli/foods\oven-roasted_tomatoes.jpg	3	16	1	oven-roasted_tomatoes	1	203	TF_114	0	0	0		0	0	965.6138233	965.7138135	0.0999902
156803.75	0.0999775	1418	stimuli/foods\swordfish.jpg	3	16	1	swordfish	1	290	TF_101	0	0	0		0	0	965.7638211	965.8637986	0.0999775
156841.25	0.099986	1419	stimuli/foods\pancakes.jpg	3	16	1	pancakes	1	209	TF_058	0	0	0		0	0	965.9138195	966.0138055	0.099986
156878.75	0.0999886	1420	stimuli/foods\artichoke.jpg	3	16	1	artichoke	1	7	NF_018	1	0	0		0	0	966.0638209	966.1638095	0.0999886
156916.25	0.0999904	1421	stimuli/foods\peach.jpg	3	16	1	peach	1	218	NF_079	1	0	0		0	0	966.2138161	966.3138065	0.0999904
156953.75	0.0999945	1422	stimuli/non_foods\stim112_inanimate_furniture_closet_4.png	3	16	1	closet_4	0	84		NaN	0	0		0	0	966.3638124	966.4638069	0.0999945
156991.25	0.0999883	1423	stimuli/non_foods\stim052_animate_insect_butterfly_4.png	3	16	1	butterfly_4	0	47		NaN	0	0		0	0	966.5138101	966.6137984	0.0999883
157028.75	0.0999899	1424	stimuli/foods\dried_figs.jpg	3	16	1	dried_figs	1	110	TF_054	0	0	0		0	0	966.6638135	966.7638034	0.0999899
157066.25	0.0999974	1425	stimuli/non_foods\stim046_animate_insect_bug_2.png	3	16	1	bug_2	0	37		NaN	0	0		0	0	966.8138051	966.9138025	0.0999974
157103.75	0.0999963	1426	stimuli/non_foods\stim141_inanimate_tools_broom_1.png	3	16	1	broom_1	0	30		NaN	0	0		0	0	966.9638029	967.0637992	0.0999963
157141.25	0.0999964	1427	stimuli/non_foods\stim152_inanimate_tools_pan_4.png	3	16	1	pan_4	0	208		NaN	0	0		0	0	967.1138025	967.2137989	0.0999964
157178.75	0.0999947	1428	stimuli/non_foods\stim076_animate_mammal_monkey_4.png	3	16	1	monkey_4	0	191		NaN	0	0		0	0	967.2638048	967.3637995	0.0999947
157216.25	0.0999891	1429	stimuli/foods\apple.jpg	3	16	1	apple	1	5	NF_055	1	0	0		0	0	967.4138074	967.5137965	0.0999891
157253.75	0.1000024	1430	stimuli/non_foods\stim157_inanimate_tools_wrench_1.png	3	16	1	wrench_1	0	310		NaN	0	0		0	0	967.5637966	967.663799	0.1000024
157291.25	0.0999967	1431	stimuli/non_foods\stim154_inanimate_tools_scissors_2.png	3	16	1	scissors_2	0	259		NaN	1	0		0	0	967.7137967	967.8137934	0.0999967
157328.75	0.1000005	1432	stimuli/foods\lemon.jpg	3	16	1	lemon	1	175	NF_049	1	0	0		0	0	967.863803	967.9638035	0.1000005
157366.25	0.0999708	1433	stimuli/foods\spaghetti_with_meat_sauce.jpg	3	16	1	spaghetti_with_meat_sauce	1	275	TF_137	0	0	1	s	0.392138	1	968.0138208	968.1137916	0.0999708
157403.75	0.0999909	1434	stimuli/non_foods\stim015_animate_bird_peacock_3.png	3	16	1	peacock_3	0	221		NaN	0	0		0	0	968.1638003	968.2637912	0.0999909
157441.25	0.0999971	1435	stimuli/non_foods\stim075_animate_mammal_monkey_3.png	3	16	1	monkey_3	0	190		NaN	0	0		0	0	968.3137956	968.4137927	0.0999971
157478.75	0.099992	1436	stimuli/foods\grapefruits.jpg	3	16	1	grapefruits	1	141	NF_085	1	0	0		0	0	968.4637989	968.5637909	0.099992
157516.25	0.0999443	1437	stimuli/foods\cracker.jpg	3	16	1	cracker	1	98	TF_043	0	0	0		0	0	968.6138413	968.7137856	0.0999443
157553.75	0.0999935	1438	stimuli/foods\chocolate_pralines.jpg	3	16	1	chocolate_pralines	1	77	TF_035	0	0	0		0	0	968.7637957	968.8637892	0.0999935
157591.25	0.0999959	1439	stimuli/non_foods\stim054_animate_insect_dragonfly_2.png	3	16	1	dragonfly_2	0	107		NaN	0	0		0	0	968.9137868	969.0137827	0.0999959
157628.75	0.0999944	1440	stimuli/non_foods\stim100_inanimate_clothing_socks_4.png	3	16	1	socks_4	0	270		NaN	0	0		0	0	969.063789	969.1637834	0.0999944
157666.25	0.0999948	1441	stimuli/non_foods\stim069_animate_mammal_kangaroo_1.png	3	16	1	kangaroo_1	0	168		NaN	0	0		0	0	969.2137881	969.3137829	0.0999948
157703.75	0.0999917	1442	stimuli/non_foods\stim050_animate_insect_butterfly_2.png	3	16	1	butterfly_2	0	45		NaN	0	0		0	0	969.363789	969.4637807	0.0999917
157741.25	0.0999972	1443	stimuli/foods\grilled_chicken_breast.jpg	3	16	1	grilled_chicken_breast	1	149	TF_104	0	0	0		0	0	969.5137875	969.6137847	0.0999972
157778.75	0.0999973	1444	stimuli/non_foods\stim138_inanimate_plants_tulip_2.png	3	16	1	tulip_2	0	304		NaN	0	0		0	0	969.6637824	969.7637797	0.0999973
157816.25	0.0999954	1445	stimuli/non_foods\stim002_animate_bird_chicken_2.png	3	16	1	chicken_2	0	67		NaN	0	0		0	0	969.8137811	969.9137765	0.0999954
157853.75	0.1000087	1446	stimuli/non_foods\stim007_animate_bird_duck_3.png	3	16	1	duck_3	0	113		NaN	0	0		0	0	969.9637795	970.0637882	0.1000087
157891.25	0.0999897	1447	stimuli/non_foods\stim119_inanimate_furniture_table_3.png	3	16	1	table_3	0	293		NaN	0	0		0	0	970.1137838	970.2137735	0.0999897
157928.75	0.0999861	1448	stimuli/non_foods\stim111_inanimate_furniture_closet_3.png	3	16	1	closet_3	0	83		NaN	0	0		0	0	970.2637785	970.3637646	0.0999861
157966.25	0.0999762	1449	stimuli/non_foods\stim064_animate_mammal_cow_4.png	3	16	1	cow_4	0	97		NaN	0	0		0	0	970.4137976	970.5137738	0.0999762
158003.75	0.0999962	1450	stimuli/foods\lentils.jpg	3	16	1	lentils	1	177	NF_047	1	0	0		0	0	970.563772	970.6637682	0.0999962
158041.25	0.0999933	1451	stimuli/non_foods\stim035_animate_human_faces_3.png	3	16	1	faces_3	0	119		NaN	0	0		0	0	970.7137761	970.8137694	0.0999933
158078.75	0.099987	1452	stimuli/foods\cherry.jpg	3	16	1	cherry	1	64	NF_027	1	0	0		0	0	970.8637819	970.9637689	0.099987
158116.25	0.0999901	1453	stimuli/non_foods\stim127_inanimate_plants_cactus_3.png	3	16	1	cactus_3	0	51		NaN	0	0		0	0	971.0137743	971.1137644	0.0999901
158153.75	0.0999924	1454	stimuli/foods\green_beans.jpg	3	16	1	green_beans	1	147	NF_034	1	0	0		0	0	971.1637755	971.2637679	0.0999924
158191.25	0.099996	1455	stimuli/foods\hazelnuts.jpg	3	16	1	hazelnuts	1	159	NF_065	1	0	0		0	0	971.3137753	971.4137713	0.099996
158228.75	0.1000056	1456	stimuli/non_foods\stim077_animate_mammal_rhino_1.png	3	16	1	rhino_1	0	246		NaN	0	0		0	0	971.4637677	971.5637733	0.1000056
158266.25	0.0999986	1457	stimuli/non_foods\stim149_inanimate_tools_pan_1.png	3	16	1	pan_1	0	205		NaN	0	0		0	0	971.6137661	971.7137647	0.0999986
158303.75	0.099996	1458	stimuli/non_foods\stim089_inanimate_clothing_jeans_1.png	3	16	1	jeans_1	0	164		NaN	0	0		0	0	971.7637654	971.8637614	0.099996
158341.25	0.0999909	1459	stimuli/foods\cinnamon_sroll.jpg	3	16	1	cinnamon_sroll	1	80	TF_021	0	0	0		0	0	971.913771	972.0137619	0.0999909
158378.75	0.100016	1460	stimuli/foods\omelette.jpg	3	16	1	omelette	1	199	TF_057	0	0	0		0	0	972.0637624	972.1637784	0.100016
158416.25	0.0999691	1461	stimuli/foods\kiwi.jpg	3	16	1	kiwi	1	172	NF_044	1	0	0		0	0	972.2137863	972.3137554	0.0999691
158453.75	0.0999982	1462	stimuli/non_foods\stim038_animate_human_sports_2.png	3	16	1	sports_2	0	279		NaN	0	0		0	0	972.3637596	972.4637578	0.0999982
158491.25	0.0999859	1463	stimuli/foods\potato_and_green_bean_salad.jpg	3	16	1	potato_and_green_bean_salad	1	235	TF_072	0	0	0		0	0	972.5137653	972.6137512	0.0999859
158528.75	0.0999883	1464	stimuli/foods\papaya.jpg	3	16	1	papaya	1	210	NF_069	1	0	0		0	0	972.6637686	972.7637569	0.0999883
158566.25	0.09999	1465	stimuli/foods\potatoes.jpg	3	16	1	potatoes	1	237	NF_071	1	0	0		0	0	972.8137637	972.9137537	0.09999
158603.75	0.0999977	1466	stimuli/non_foods\stim020_animate_bird_penguin_4.png	3	16	1	penguin_4	0	228		NaN	0	0		0	0	972.9637552	973.0637529	0.0999977
158641.25	0.0999966	1467	stimuli/non_foods\stim122_inanimate_plants_bush_2.png	3	16	1	bush_2	0	41		NaN	0	0		0	0	973.1137562	973.2137528	0.0999966
158678.75	0.0999724	1468	stimuli/foods\pork_and_rice.jpg	3	16	1	pork_and_rice	1	233	TF_080	0	0	0		0	0	973.2637715	973.3637439	0.0999724
158716.25	0.099995	1469	stimuli/non_foods\stim025_animate_human_child_1.png	3	16	1	child_1	0	70		NaN	0	0		0	0	973.4137525	973.5137475	0.099995
158753.75	0.099989	1470	stimuli/foods\nectarine.jpg	3	16	1	nectarine	1	196	NF_078	1	0	0		0	0	973.5637597	973.6637487	0.099989
158791.25	0.0999918	1471	stimuli/non_foods\stim106_inanimate_furniture_chair_2.png	3	16	1	chair_2	0	61		NaN	0	0		0	0	973.7137504	973.8137422	0.0999918
158828.75	0.1000168	1472	stimuli/foods\blackberry.jpg	3	16	1	blackberry	1	24	NF_063	1	0	0		0	0	973.8637576	973.9637744	0.1000168
158866.25	0.0999943	1473	stimuli/non_foods\stim134_inanimate_plants_tree_2.png	3	16	1	tree_2	0	300		NaN	0	0		0	0	974.0137492	974.1137435	0.0999943
158903.75	0.0999995	1474	stimuli/non_foods\stim042_animate_insect_ant_2.png	3	16	1	ant_2	0	2		NaN	0	0		0	0	974.1637435	974.263743	0.0999995
158941.25	0.099996	1475	stimuli/foods\wafer.jpg	3	16	1	wafer	1	307	TF_155	0	0	0		0	0	974.3137458	974.4137418	0.099996
158978.75	0.0999873	1476	stimuli/foods\bagel.jpg	3	16	1	bagel	1	14	TF_005	0	0	0		0	0	974.4637495	974.5637368	0.0999873
159016.25	0.0999965	1477	stimuli/non_foods\stim088_inanimate_clothing_hat_4.png	3	16	1	hat_4	0	158		NaN	0	0		0	0	974.6137406	974.7137371	0.0999965
159053.75	0.0999867	1478	stimuli/foods\honey.jpg	3	16	1	honey	1	160	NF_062	1	0	0		0	0	974.7637489	974.8637356	0.0999867
159091.25	0.0999943	1479	stimuli/non_foods\stim024_animate_human_baby_4.png	3	16	1	baby_4	0	13		NaN	1	0		0	0	974.9137404	975.0137347	0.0999943
159128.75	0.0999933	1480	stimuli/foods\corncob.jpg	3	16	1	corncob	1	93	NF_051	1	0	0		0	0	975.0637441	975.1637374	0.0999933
159166.25	0.0999882	1481	stimuli/foods\raw_sausage.jpg	3	16	1	raw_sausage	1	243	TF_131	0	0	0		0	0	975.2137443	975.3137325	0.0999882
159203.75	0.099958	1482	stimuli/foods\chocolate_bar.jpg	3	16	1	chocolate_bar	1	75	TF_033	0	0	1	s	0.4423881	1	975.3637464	975.4637044	0.099958
159241.25	0.0999902	1483	stimuli/foods\baguette.jpg	3	16	1	baguette	1	15	TF_006	0	0	0		0	0	975.5137449	975.6137351	0.0999902
159278.75	0.100007	1484	stimuli/foods\celery.jpg	3	16	1	celery	1	58	NF_092	1	0	0		0	0	975.6637394	975.7637464	0.100007
159316.25	0.0999985	1485	stimuli/non_foods\stim115_inanimate_furniture_sofa_3.png	3	16	1	sofa_3	0	273		NaN	0	0		0	0	975.813731	975.9137295	0.0999985
159353.75	0.0999995	1486	stimuli/non_foods\stim125_inanimate_plants_cactus_1.png	3	16	1	cactus_1	0	49		NaN	0	0		0	0	975.9637292	976.0637287	0.0999995
159391.25	0.0999888	1487	stimuli/foods\dates.jpg	3	16	1	dates	1	104	NF_032	1	0	0		0	0	976.1137347	976.2137235	0.0999888
159428.75	0.0999944	1488	stimuli/non_foods\stim135_inanimate_plants_tree_3.png	3	16	1	tree_3	0	301		NaN	0	0		0	0	976.2637291	976.3637235	0.0999944
159466.25	0.0999944	1489	stimuli/non_foods\stim045_animate_insect_bug_1.png	3	16	1	bug_1	0	36		NaN	0	0		0	0	976.4137314	976.5137258	0.0999944
159503.75	0.0999959	1490	stimuli/non_foods\stim113_inanimate_furniture_sofa_1.png	3	16	1	sofa_1	0	271		NaN	0	0		0	0	976.5637242	976.6637201	0.0999959
159541.25	0.0999898	1491	stimuli/non_foods\stim027_animate_human_child_3.png	3	16	1	child_3	0	72		NaN	0	0		0	0	976.7137268	976.8137166	0.0999898
159578.75	0.1000036	1492	stimuli/non_foods\stim146_inanimate_tools_hammer_2.png	3	16	1	hammer_2	0	152		NaN	0	0		0	0	976.8637232	976.9637268	0.1000036
159616.25	0.0999989	1493	stimuli/non_foods\stim057_animate_insect_grasshopper_1.png	3	16	1	grasshopper_1	0	143		NaN	0	0		0	0	977.0137206	977.1137195	0.0999989
159653.75	0.0999866	1494	stimuli/foods\mussels.jpg	3	16	1	mussels	1	195	TF_042	0	0	0		0	0	977.163733	977.2637196	0.0999866
159691.25	0.0999973	1495	stimuli/non_foods\stim013_animate_bird_peacock_1.png	3	16	1	peacock_1	0	219		NaN	0	0		0	0	977.3137202	977.4137175	0.0999973
159728.75	0.1000095	1496	stimuli/non_foods\stim071_animate_mammal_kangaroo_3.png	3	16	1	kangaroo_3	0	170		NaN	0	0		0	0	977.4637065	977.563716	0.1000095
159766.25	0.099989	1497	stimuli/foods\oregano.jpg	3	16	1	oregano	1	202	NF_066	1	0	0		0	0	977.6137232	977.7137122	0.099989
159803.75	0.0999945	1498	stimuli/non_foods\stim011_animate_bird_parrot_3.png	3	16	1	parrot_3	0	214		NaN	0	0		0	0	977.7637178	977.8637123	0.0999945
159841.25	0.0999935	1499	stimuli/non_foods\stim104_inanimate_furniture_bed_4.png	3	16	1	bed_4	0	22		NaN	0	0		0	0	977.9137199	978.0137134	0.0999935
159878.75	0.0999957	1500	stimuli/non_foods\stim094_inanimate_clothing_shirt_2.png	3	16	1	shirt_2	0	263		NaN	1	0		0	0	978.0637141	978.1637098	0.0999957
159916.25	0.0999989	1501	stimuli/non_foods\stim028_animate_human_child_4.png	3	16	1	child_4	0	73		NaN	0	0		0	0	978.2137096	978.3137085	0.0999989
159953.75	0.0999817	1502	stimuli/non_foods\stim078_animate_mammal_rhino_2.png	3	16	1	rhino_2	0	247		NaN	0	0		0	0	978.3637166	978.4636983	0.0999817
159991.25	0.1000022	1503	stimuli/non_foods\stim033_animate_human_faces_1.png	3	16	1	faces_1	0	117		NaN	0	1	s	0.4423437	1	978.5137112	978.6137134	0.1000022
160028.75	0.0999775	1504	stimuli/non_foods\stim053_animate_insect_dragonfly_1.png	3	16	1	dragonfly_1	0	106		NaN	0	0		0	0	978.6637304	978.7637079	0.0999775
160066.25	0.0999918	1505	stimuli/non_foods\stim005_animate_bird_duck_1.png	3	16	1	duck_1	0	111		NaN	0	0		0	0	978.8137096	978.9137014	0.0999918
160103.75	0.0999979	1506	stimuli/non_foods\stim014_animate_bird_peacock_2.png	3	16	1	peacock_2	0	220		NaN	0	0		0	0	978.9637085	979.0637064	0.0999979
160141.25	0.0999892	1507	stimuli/non_foods\stim114_inanimate_furniture_sofa_2.png	3	16	1	sofa_2	0	272		NaN	0	0		0	0	979.1137063	979.2136955	0.0999892
160178.75	0.0999782	1508	stimuli/non_foods\stim139_inanimate_plants_tulip_3.png	3	16	1	tulip_3	0	305		NaN	0	0		0	0	979.2637213	979.3636995	0.0999782
160216.25	0.0999957	1509	stimuli/non_foods\stim110_inanimate_furniture_closet_2.png	3	16	1	closet_2	0	82		NaN	0	0		0	0	979.4137016	979.5136973	0.0999957
160253.75	0.0999888	1510	stimuli/non_foods\stim023_animate_human_baby_3.png	3	16	1	baby_3	0	12		NaN	0	0		0	0	979.5637048	979.6636936	0.0999888
160291.25	0.0999972	1511	stimuli/non_foods\stim143_inanimate_tools_broom_3.png	3	16	1	broom_3	0	32		NaN	0	0		0	0	979.7136983	979.8136955	0.0999972
160328.75	0.1000004	1512	stimuli/non_foods\stim145_inanimate_tools_hammer_1.png	3	16	1	hammer_1	0	151		NaN	0	0		0	0	979.8636988	979.9636992	0.1000004
160366.25	0.0999855	1513	stimuli/foods\taco.jpg	3	16	1	taco	1	295	TF_141	0	0	0		0	0	980.0137057	980.1136912	0.0999855
160403.75	0.0999768	1514	stimuli/foods\prawn.jpg	3	16	1	prawn	1	238	NF_041	1	0	0		0	0	980.1637179	980.2636947	0.0999768
160441.25	0.0999933	1515	stimuli/non_foods\stim081_inanimate_clothing_gloves_1.png	3	16	1	gloves_1	0	136		NaN	0	0		0	0	980.3136998	980.4136931	0.0999933
160478.75	0.0999921	1516	stimuli/non_foods\stim063_animate_mammal_cow_3.png	3	16	1	cow_3	0	96		NaN	0	0		0	0	980.4636962	980.5636883	0.0999921
160516.25	0.0999942	1517	stimuli/foods\cooked_ham.jpg	3	16	1	cooked_ham	1	91	TF_116	0	0	0		0	0	980.613699	980.7136932	0.0999942
160553.75	0.0999866	1518	stimuli/foods\fruit_pie.jpg	3	16	1	fruit_pie	1	128	TF_147	0	0	0		0	0	980.7636986	980.8636852	0.0999866
160591.25	0.1000211	1519	stimuli/non_foods\stim084_inanimate_clothing_gloves_4.png	3	16	1	gloves_4	0	139		NaN	0	0		0	0	980.9136915	981.0137126	0.1000211
160628.75	0.0999611	1520	stimuli/foods\cinnamon.jpg	3	16	1	cinnamon	1	79	NF_017	1	0	0		0	0	981.0637265	981.1636876	0.0999611
160666.25	0.0999865	1521	stimuli/foods\raw_ham.jpg	3	16	1	raw_ham	1	242	TF_117	0	0	0		0	0	981.2136965	981.313683	0.0999865
160703.75	0.099992	1522	stimuli/foods\cooked_prawn.jpg	3	16	1	cooked_prawn	1	92	TF_060	0	0	0		0	0	981.363695	981.463687	0.099992
160741.25	0.099999	1523	stimuli/non_foods\stim144_inanimate_tools_broom_4.png	3	16	1	broom_4	0	33		NaN	0	0		0	0	981.513682	981.613681	0.099999
160778.75	0.0999863	1524	stimuli/foods\waffle.jpg	3	16	1	waffle	1	308	TF_030	0	0	0		0	0	981.6636921	981.7636784	0.0999863
160816.25	0.0999932	1525	stimuli/non_foods\stim095_inanimate_clothing_shirt_3.png	3	16	1	shirt_3	0	264		NaN	0	0		0	0	981.8136868	981.91368	0.0999932
160853.75	0.0999891	1526	stimuli/foods\red_beans.jpg	3	16	1	red_beans	1	244	NF_033	1	0	0		0	0	981.963688	982.0636771	0.0999891
160891.25	0.0999779	1527	stimuli/foods\lasagna.jpg	3	16	1	lasagna	1	174	TF_076	0	0	0		0	0	982.1137091	982.213687	0.0999779
160928.75	0.0999944	1528	stimuli/non_foods\stim121_inanimate_plants_bush_1.png	3	16	1	bush_1	0	40		NaN	0	0		0	0	982.2636821	982.3636765	0.0999944
160966.25	0.0999921	1529	stimuli/foods\banana.jpg	3	16	1	banana	1	18	NF_013	1	0	0		0	0	982.4136833	982.5136754	0.0999921
161003.75	0.0999904	1530	stimuli/foods\cabbage.jpg	3	16	1	cabbage	1	48	NF_025	1	0	0		0	0	982.5636835	982.6636739	0.0999904
161041.25	0.1000083	1531	stimuli/foods\broccoli.jpg	3	16	1	broccoli	1	29	NF_016	1	0	0		0	0	982.7136831	982.8136914	0.1000083
161078.75	0.0999791	1532	stimuli/foods\brussel_sprouts.jpg	3	16	1	brussel_sprouts	1	35	NF_021	1	0	0		0	0	982.8636936	982.9636727	0.0999791
161116.25	0.1000037	1533	stimuli/foods\smoked_ham.jpg	3	16	1	smoked_ham	1	266	TF_118	0	0	0		0	0	983.0136813	983.113685	0.1000037
161153.75	0.0999935	1534	stimuli/foods\lettuce.jpg	3	16	1	lettuce	1	178	NF_046	1	0	0		0	0	983.1636777	983.2636712	0.0999935
161191.25	0.0999979	1535	stimuli/non_foods\stim029_animate_human_clown_1.png	3	16	1	clown_1	0	85		NaN	0	0		0	0	983.3136724	983.4136703	0.0999979
161228.75	0.0999855	1536	stimuli/non_foods\stim147_inanimate_tools_hammer_3.png	3	16	1	hammer_3	0	153		NaN	0	0		0	0	983.4636703	983.5636558	0.0999855
161266.25	0.1000099	1537	stimuli/non_foods\stim039_animate_human_sports_3.png	3	16	1	sports_3	0	280		NaN	0	0		0	0	983.6136582	983.7136681	0.1000099
161303.75	0.099989	1538	stimuli/foods\risotto_with_peas_and_asparagus_tips.jpg	3	16	1	risotto_with_peas_and_asparagus_tips	1	252	TF_123	0	0	0		0	0	983.7636753	983.8636643	0.099989
161341.25	0.099979	1539	stimuli/foods\rice_cake.jpg	3	16	1	rice_cake	1	251	TF_059	0	0	0		0	0	983.9136738	984.0136528	0.099979
161378.75	0.0999897	1540	stimuli/foods\cream_donuts.jpg	3	16	1	cream_donuts	1	99	TF_014	0	0	0		0	0	984.0636711	984.1636608	0.0999897
161416.25	0.0999879	1541	stimuli/foods\strawberry.jpg	3	16	1	strawberry	1	285	NF_037	1	0	0		0	0	984.2136717	984.3136596	0.0999879
161453.75	0.099994	1542	stimuli/foods\chocolate_chip_cookies.jpg	3	16	1	chocolate_chip_cookies	1	76	TF_010	0	0	0		0	0	984.3636675	984.4636615	0.099994
161491.25	0.1000181	1543	stimuli/non_foods\stim082_inanimate_clothing_gloves_2.png	3	16	1	gloves_2	0	137		NaN	0	0		0	0	984.5136647	984.6136828	0.1000181
161528.75	0.1000164	1544	stimuli/non_foods\stim058_animate_insect_grasshopper_2.png	3	16	1	grasshopper_2	0	144		NaN	0	0		0	0	984.663658	984.7636744	0.1000164
161566.25	0.0999887	1545	stimuli/foods\rice.jpg	3	16	1	rice	1	250	TF_121	0	0	0		0	0	984.8136674	984.9136561	0.0999887
161603.75	0.099994	1546	stimuli/non_foods\stim080_animate_mammal_rhino_4.png	3	16	1	rhino_4	0	249		NaN	0	0		0	0	984.9636589	985.0636529	0.099994
161641.25	0.0999952	1547	stimuli/non_foods\stim150_inanimate_tools_pan_2.png	3	16	1	pan_2	0	206		NaN	0	0		0	0	985.113657	985.2136522	0.0999952
161678.75	0.0999965	1548	stimuli/non_foods\stim044_animate_insect_ant_4.png	3	16	1	ant_4	0	4		NaN	0	0		0	0	985.2636552	985.3636517	0.0999965
161716.25	0.0999862	1549	stimuli/foods\meatballs.jpg	3	16	1	meatballs	1	186	TF_112	0	0	0		0	0	985.4136618	985.513648	0.0999862
161753.75	0.0999947	1550	stimuli/foods\museli_bars.jpg	3	16	1	museli_bars	1	193	TF_008	0	0	0		0	0	985.5636564	985.6636511	0.0999947
161791.25	0.0999963	1551	stimuli/non_foods\stim008_animate_bird_duck_4.png	3	16	1	duck_4	0	114		NaN	0	0		0	0	985.7136524	985.8136487	0.0999963
161828.75	0.1000009	1552	stimuli/non_foods\stim060_animate_insect_grasshopper_4.png	3	16	1	grasshopper_4	0	146		NaN	0	0		0	0	985.8636484	985.9636493	0.1000009
161866.25	0.0999897	1553	stimuli/foods\mushroom.jpg	3	16	1	mushroom	1	194	NF_039	1	0	0		0	0	986.0136549	986.1136446	0.0999897
161903.75	0.0999923	1554	stimuli/non_foods\stim087_inanimate_clothing_hat_3.png	3	16	1	hat_3	0	157		NaN	0	0		0	0	986.1636508	986.2636431	0.0999923
161941.25	0.1000237	1555	stimuli/non_foods\stim086_inanimate_clothing_hat_2.png	3	16	1	hat_2	0	156		NaN	1	0		0	0	986.3136331	986.4136568	0.1000237
161978.75	0.0999747	1556	stimuli/foods\salmon.jpg	3	16	1	salmon	1	256	TF_130	0	0	0		0	0	986.4636671	986.5636418	0.0999747
162016.25	0.0999889	1557	stimuli/foods\hamburger.jpg	3	16	1	hamburger	1	150	TF_069	0	0	1	s	0.3921057	1	986.6136517	986.7136406	0.0999889
162053.75	0.0999839	1558	stimuli/non_foods\stim102_inanimate_furniture_bed_2.png	3	16	1	bed_2	0	20		NaN	0	0		0	0	986.7636446	986.8636285	0.0999839
162091.25	0.0999886	1559	stimuli/foods\brownie.jpg	3	16	1	brownie	1	34	TF_011	0	0	0		0	0	986.91365	987.0136386	0.0999886
162128.75	0.0999961	1560	stimuli/non_foods\stim067_animate_mammal_giraffe_3.png	3	16	1	giraffe_3	0	134		NaN	0	0		0	0	987.0636391	987.1636352	0.0999961
162166.25	0.0999974	1561	stimuli/non_foods\stim128_inanimate_plants_cactus_4.png	3	16	1	cactus_4	0	52		NaN	0	0		0	0	987.2136398	987.3136372	0.0999974
162203.75	0.1000052	1562	stimuli/non_foods\stim048_animate_insect_bug_4.png	3	16	1	bug_4	0	39		NaN	0	0		0	0	987.3636408	987.463646	0.1000052
162241.25	0.099997	1563	stimuli/non_foods\stim133_inanimate_plants_tree_1.png	3	16	1	tree_1	0	299		NaN	0	0		0	0	987.5136364	987.6136334	0.099997
162278.75	0.0999879	1564	stimuli/foods\raisins.jpg	3	16	1	raisins	1	241	NF_096	1	0	0		0	0	987.6636418	987.7636297	0.0999879
162316.25	0.0999902	1565	stimuli/foods\garlic.jpg	3	16	1	garlic	1	130	NF_001	1	0	0		0	0	987.8136405	987.9136307	0.0999902
162353.75	0.0999916	1566	stimuli/foods\pea_pod.jpg	3	16	1	pea_pod	1	217	NF_082	1	0	0		0	0	987.9636416	988.0636332	0.0999916
163224.5	0.0999917	1567	stimuli/non_foods\stim021_animate_human_baby_1.png	3	17	1	baby_1	0	10		NaN	0	0		0	0	991.4469466	991.5469383	0.0999917
163262	0.0999911	1568	stimuli/foods\octopus.jpg	3	17	1	octopus	1	198	TF_113	0	0	0		0	0	991.5969414	991.6969325	0.0999911
163299.5	0.0999924	1569	stimuli/foods\nougat.jpg	3	17	1	nougat	1	197	TF_144	0	0	0		0	0	991.7469416	991.846934	0.0999924
163337	0.0999939	1570	stimuli/non_foods\stim136_inanimate_plants_tree_4.png	3	17	1	tree_4	0	302		NaN	0	0		0	0	991.8969355	991.9969294	0.0999939
163374.5	0.0999934	1571	stimuli/foods\pomegranate.jpg	3	17	1	pomegranate	1	232	NF_058	1	0	0		0	0	992.0469378	992.1469312	0.0999934
163412	0.0999785	1572	stimuli/foods\minestrone_soup.jpg	3	17	1	minestrone_soup	1	187	TF_160	0	0	0		0	0	992.1969413	992.2969198	0.0999785
163449.5	0.0999925	1573	stimuli/foods\mango.jpg	3	17	1	mango	1	185	NF_054	1	0	0		0	0	992.3469363	992.4469288	0.0999925
163487	0.1000001	1574	stimuli/non_foods\stim061_animate_mammal_cow_1.png	3	17	1	cow_1	0	94		NaN	0	0		0	0	992.4969307	992.5969308	0.1000001
163524.5	0.0999872	1575	stimuli/foods\donut.jpg	3	17	1	donut	1	105	TF_032	0	0	0		0	0	992.6469367	992.7469239	0.0999872
163562	0.099991	1576	stimuli/non_foods\stim018_animate_bird_penguin_2.png	3	17	1	penguin_2	0	226		NaN	0	0		0	0	992.796957	992.896948	0.099991
163599.5	0.0999737	1577	stimuli/non_foods\stim090_inanimate_clothing_jeans_2.png	3	17	1	jeans_2	0	165		NaN	0	0		0	0	992.9469488	993.0469225	0.0999737
163637	0.0999891	1578	stimuli/foods\ginger_root.jpg	3	17	1	ginger_root	1	131	NF_088	1	0	0		0	0	993.0969318	993.1969209	0.0999891
163674.5	0.0999957	1579	stimuli/non_foods\stim117_inanimate_furniture_table_1.png	3	17	1	table_1	0	291		NaN	0	0		0	0	993.2469254	993.3469211	0.0999957
163712	0.099991	1580	stimuli/foods\rockmelon.jpg	3	17	1	rockmelon	1	254	NF_060	1	0	0		0	0	993.3969303	993.4969213	0.099991
163749.5	0.0999881	1581	stimuli/non_foods\stim073_animate_mammal_monkey_1.png	3	17	1	monkey_1	0	188		NaN	0	0		0	0	993.5469299	993.646918	0.0999881
163787	0.099987	1582	stimuli/non_foods\stim130_inanimate_plants_sunflower_2.png	3	17	1	sunflower_2	0	287		NaN	0	0		0	0	993.6969199	993.7969069	0.099987
163824.5	0.0999889	1583	stimuli/foods\fried_calamari.jpg	3	17	1	fried_calamari	1	124	TF_020	0	0	0		0	0	993.8469258	993.9469147	0.0999889
163862	0.099997	1584	stimuli/non_foods\stim043_animate_insect_ant_3.png	3	17	1	ant_3	0	3		NaN	0	0		0	0	993.9969189	994.0969159	0.099997
163899.5	0.0999896	1585	stimuli/foods\chestnut.jpg	3	17	1	chestnut	1	65	NF_020	1	0	0		0	0	994.1469246	994.2469142	0.0999896
163937	0.1000048	1586	stimuli/foods\blue_cheese.jpg	3	17	1	blue_cheese	1	25	TF_066	0	0	0		0	0	994.2969098	994.3969146	0.1000048
163974.5	0.0999875	1587	stimuli/non_foods\stim096_inanimate_clothing_shirt_4.png	3	17	1	shirt_4	0	265		NaN	0	0		0	0	994.4469197	994.5469072	0.0999875
164012	0.0999865	1588	stimuli/non_foods\stim126_inanimate_plants_cactus_2.png	3	17	1	cactus_2	0	50		NaN	0	0		0	0	994.596914	994.6969005	0.0999865
164049.5	0.0999854	1589	stimuli/non_foods\stim059_animate_insect_grasshopper_3.png	3	17	1	grasshopper_3	0	145		NaN	0	0		0	0	994.7469257	994.8469111	0.0999854
164087	0.0999968	1590	stimuli/non_foods\stim051_animate_insect_butterfly_3.png	3	17	1	butterfly_3	0	46		NaN	0	0		0	0	994.8969087	994.9969055	0.0999968
164124.5	0.0999942	1591	stimuli/non_foods\stim017_animate_bird_penguin_1.png	3	17	1	penguin_1	0	225		NaN	0	0		0	0	995.0469115	995.1469057	0.0999942
164162	0.0999986	1592	stimuli/non_foods\stim153_inanimate_tools_scissors_1.png	3	17	1	scissors_1	0	258		NaN	0	0		0	0	995.1969069	995.2969055	0.0999986
164199.5	0.0999943	1593	stimuli/non_foods\stim079_animate_mammal_rhino_3.png	3	17	1	rhino_3	0	248		NaN	0	0		0	0	995.3469084	995.4469027	0.0999943
164237	0.1000002	1594	stimuli/non_foods\stim155_inanimate_tools_scissors_3.png	3	17	1	scissors_3	0	260		NaN	0	0		0	0	995.4969062	995.5969064	0.1000002
164274.5	0.099988	1595	stimuli/foods\cannoli.jpg	3	17	1	cannoli	1	54	TF_022	0	0	0		0	0	995.6469125	995.7469005	0.099988
164312	0.1000148	1596	stimuli/non_foods\stim156_inanimate_tools_scissors_4.png	3	17	1	scissors_4	0	261		NaN	0	0		0	0	995.7969037	995.8969185	0.1000148
164349.5	0.0999945	1597	stimuli/non_foods\stim092_inanimate_clothing_jeans_4.png	3	17	1	jeans_4	0	167		NaN	0	0		0	0	995.9469043	996.0468988	0.0999945
164387	0.0999806	1598	stimuli/foods\mandarin.jpg	3	17	1	mandarin	1	184	NF_052	1	0	0		0	0	996.0969168	996.1968974	0.0999806
164424.5	0.0999889	1599	stimuli/foods\hotdog.jpg	3	17	1	hotdog	1	161	TF_070	0	0	0		0	0	996.2469079	996.3468968	0.0999889
164462	0.1000045	1600	stimuli/foods\beetroots.jpg	3	17	1	beetroots	1	23	NF_015	1	0	0		0	0	996.3969085	996.496913	0.1000045
164499.5	0.0999703	1601	stimuli/non_foods\stim072_animate_mammal_kangaroo_4.png	3	17	1	kangaroo_4	0	171		NaN	0	0		0	0	996.5469214	996.6468917	0.0999703
164537	0.0999888	1602	stimuli/foods\coffee_beans.jpg	3	17	1	coffee_beans	1	90	TF_029	0	0	0		0	0	996.6969018	996.7968906	0.0999888
164574.5	0.0999887	1603	stimuli/foods\pepperoni_pizza.jpg	3	17	1	pepperoni_pizza	1	229	TF_106	0	0	0		0	0	996.8469018	996.9468905	0.0999887
164612	0.0999935	1604	stimuli/non_foods\stim093_inanimate_clothing_shirt_1.png	3	17	1	shirt_1	0	262		NaN	0	0		0	0	996.9968953	997.0968888	0.0999935
164649.5	0.0999902	1605	stimuli/non_foods\stim151_inanimate_tools_pan_3.png	3	17	1	pan_3	0	207		NaN	0	0		0	0	997.1468937	997.2468839	0.0999902
164687	0.0999976	1606	stimuli/non_foods\stim032_animate_human_clown_4.png	3	17	1	clown_4	0	88		NaN	0	0		0	0	997.2968902	997.3968878	0.0999976
164724.5	0.0999935	1607	stimuli/foods\lemon_meringue_pie.jpg	3	17	1	lemon_meringue_pie	1	176	TF_151	0	0	0		0	0	997.4468954	997.5468889	0.0999935
164762	0.0999708	1608	stimuli/non_foods\stim068_animate_mammal_giraffe_4.png	3	17	1	giraffe_4	0	135		NaN	0	0		0	0	997.5969114	997.6968822	0.0999708
164799.5	0.0999874	1609	stimuli/foods\cauliflower.jpg	3	17	1	cauliflower	1	57	NF_022	1	0	0		0	0	997.7468929	997.8468803	0.0999874
164837	0.0999958	1610	stimuli/non_foods\stim159_inanimate_tools_wrench_3.png	3	17	1	wrench_3	0	312		NaN	0	0		0	0	997.8968852	997.996881	0.0999958
164874.5	0.0999891	1611	stimuli/foods\cucumber.jpg	3	17	1	cucumber	1	101	NF_026	1	0	0		0	0	998.0468892	998.1468783	0.0999891
164912	0.1000283	1612	stimuli/non_foods\stim124_inanimate_plants_bush_4.png	3	17	1	bush_4	0	43		NaN	0	0		0	0	998.1968831	998.2969114	0.1000283
164949.5	0.0999956	1613	stimuli/foods\frankfurters.jpg	3	17	1	frankfurters	1	123	TF_156	0	0	0		0	0	998.3468833	998.4468789	0.0999956
164987	0.0999965	1614	stimuli/non_foods\stim056_animate_insect_dragonfly_4.png	3	17	1	dragonfly_4	0	109		NaN	0	0		0	0	998.4968806	998.5968771	0.0999965
165024.5	0.0999996	1615	stimuli/non_foods\stim142_inanimate_tools_broom_2.png	3	17	1	broom_2	0	31		NaN	0	0		0	0	998.6468782	998.7468778	0.0999996
165062	0.0999811	1616	stimuli/foods\capsicum.jpg	3	17	1	capsicum	1	55	NF_076	1	1	0		0	0	998.7968856	998.8968667	0.0999811
165099.5	0.099999	1617	stimuli/non_foods\stim010_animate_bird_parrot_2.png	3	17	1	parrot_2	0	213		NaN	0	0		0	0	998.9468773	999.0468763	0.099999
165137	0.0999876	1618	stimuli/foods\red_cabbage.jpg	3	17	1	red_cabbage	1	245	NF_023	1	0	0		0	0	999.0968854	999.196873	0.0999876
165174.5	0.0999868	1619	stimuli/foods\cuttlefish.jpg	3	17	1	cuttlefish	1	103	NF_093	1	0	1	s	0.4423305	1	999.2468835	999.3468703	0.0999868
165212	0.0999911	1620	stimuli/foods\stew_with_potatoes_and_carrots.jpg	3	17	1	stew_with_potatoes_and_carrots	1	284	TF_139	0	0	0		0	0	999.3968788	999.4968699	0.0999911
165249.5	0.0999782	1621	stimuli/non_foods\stim085_inanimate_clothing_hat_1.png	3	17	1	hat_1	0	155		NaN	0	0		0	0	999.546889	999.6468672	0.0999782
165287	0.099988	1622	stimuli/foods\chilli.jpg	3	17	1	chilli	1	74	NF_073	1	0	0		0	0	999.6968794	999.7968674	0.099988
165324.5	0.0999789	1623	stimuli/foods\oyster.jpg	3	17	1	oyster	1	204	NF_067	1	0	0		0	0	999.8468926	999.9468715	0.0999789
165362	0.0999328	1624	stimuli/non_foods\stim107_inanimate_furniture_chair_3.png	3	17	1	chair_3	0	62		NaN	0	0		0	0	999.9969145	1000.096847	0.0999328
165399.5	0.1000178	1625	stimuli/foods\lime.jpg	3	17	1	lime	1	180	NF_048	1	0	0		0	0	1000.146873	1000.246891	0.1000178
165437	0.0999882	1626	stimuli/foods\baked_lamb_with_potatoes.jpg	3	17	1	baked_lamb_with_potatoes	1	17	TF_001	0	0	0		0	0	1000.296873	1000.396861	0.0999882
165474.5	0.0999905	1627	stimuli/foods\pineapple.jpg	3	17	1	pineapple	1	231	NF_004	1	0	0		0	0	1000.446871	1000.546862	0.0999905
165512	0.0999937	1628	stimuli/non_foods\stim026_animate_human_child_2.png	3	17	1	child_2	0	71		NaN	0	0		0	0	1000.596866	1000.69686	0.0999937
165549.5	0.0999858	1629	stimuli/foods\spring_onions.jpg	3	17	1	spring_onions	1	282	NF_086	1	0	0		0	0	1000.746872	1000.846857	0.0999858
165587	0.0999929	1630	stimuli/foods\fruit_salad.jpg	3	17	1	fruit_salad	1	129	NF_043	1	0	0		0	0	1000.896866	1000.996859	0.0999929
165624.5	0.0999965	1631	stimuli/non_foods\stim099_inanimate_clothing_socks_3.png	3	17	1	socks_3	0	269		NaN	0	0		0	0	1001.046862	1001.146859	0.0999965
165662	0.0999877	1632	stimuli/foods\onion.jpg	3	17	1	onion	1	200	NF_029	1	0	0		0	0	1001.196867	1001.296854	0.0999877
165699.5	0.0999901	1633	stimuli/foods\fennel.jpg	3	17	1	fennel	1	121	NF_036	1	0	0		0	0	1001.346864	1001.446854	0.0999901
165737	0.0999876	1634	stimuli/foods\cupcake.jpg	3	17	1	cupcake	1	102	TF_050	0	0	0		0	0	1001.496865	1001.596853	0.0999876
165774.5	0.0999987	1635	stimuli/foods\fruit_flan.jpg	3	17	1	fruit_flan	1	127	TF_093	0	0	0		0	0	1001.646859	1001.746858	0.0999987
165812	0.0999653	1636	stimuli/foods\gnocchi.jpg	3	17	1	gnocchi	1	140	TF_064	0	0	0		0	0	1001.796883	1001.896849	0.0999653
165849.5	0.0999885	1637	stimuli/foods\roasted_chicken.jpg	3	17	1	roasted_chicken	1	253	TF_109	0	0	0		0	0	1001.946858	1002.046847	0.0999885
165887	0.0999924	1638	stimuli/foods\spaghetti_with_olives_and_capers.jpg	3	17	1	spaghetti_with_olives_and_capers	1	276	TF_135	0	0	0		0	0	1002.096858	1002.19685	0.0999924
165924.5	0.0999855	1639	stimuli/foods\toast.jpg	3	17	1	toast	1	296	TF_053	0	0	0		0	0	1002.246858	1002.346844	0.0999855
165962	0.1000176	1640	stimuli/foods\ice_cream_sandwich.jpg	3	17	1	ice_cream_sandwich	1	163	TF_061	0	0	0		0	0	1002.396849	1002.496867	0.1000176
165999.5	0.0999883	1641	stimuli/foods\green_olives.jpg	3	17	1	green_olives	1	148	TF_085	0	0	0		0	0	1002.546858	1002.646846	0.0999883
166037	0.0999898	1642	stimuli/foods\egg.jpg	3	17	1	egg	1	115	NF_095	1	0	0		0	0	1002.696852	1002.796842	0.0999898
166074.5	0.0999891	1643	stimuli/foods\potato_chips.jpg	3	17	1	potato_chips	1	236	TF_097	0	0	0		0	0	1002.846853	1002.946842	0.0999891
166112	0.0999877	1644	stimuli/foods\figs.jpg	3	17	1	figs	1	122	NF_035	1	0	0		0	0	1002.996852	1003.09684	0.0999877
166149.5	0.0999901	1645	stimuli/foods\steak.jpg	3	17	1	steak	1	283	TF_013	0	0	0		0	0	1003.14685	1003.24684	0.0999901
166187	0.0999948	1646	stimuli/non_foods\stim091_inanimate_clothing_jeans_3.png	3	17	1	jeans_3	0	166		NaN	0	0		0	0	1003.296846	1003.396841	0.0999948
166224.5	0.0999886	1647	stimuli/non_foods\stim003_animate_bird_chicken_3.png	3	17	1	chicken_3	0	68		NaN	0	0		0	0	1003.446842	1003.54683	0.0999886
166262	0.0999883	1648	stimuli/foods\asparagus.jpg	3	17	1	asparagus	1	8	NF_010	1	0	0		0	0	1003.596866	1003.696855	0.0999883
166299.5	0.099992	1649	stimuli/non_foods\stim047_animate_insect_bug_3.png	3	17	1	bug_3	0	38		NaN	0	0		0	0	1003.746841	1003.846833	0.099992
166337	0.0999867	1650	stimuli/foods\linguine_with_clams.jpg	3	17	1	linguine_with_clams	1	181	TF_077	0	0	0		0	0	1003.896847	1003.996833	0.0999867
166374.5	0.0999902	1651	stimuli/foods\lobster.jpg	3	17	1	lobster	1	182	NF_007	1	0	0		0	0	1004.046835	1004.146825	0.0999902
166412	0.0999888	1652	stimuli/foods\savory_pie.jpg	3	17	1	savory_pie	1	257	TF_146	0	0	0		0	0	1004.196842	1004.296831	0.0999888
166449.5	0.0999884	1653	stimuli/foods\baked_cod_with_carrots_and_green_beans.jpg	3	17	1	baked_cod_with_carrots_and_green_beans	1	16	TF_082	0	0	0		0	0	1004.346841	1004.44683	0.0999884
166487	0.09999	1654	stimuli/foods\apricot.jpg	3	17	1	apricot	1	6	NF_002	1	0	0		0	0	1004.496838	1004.596828	0.09999
166524.5	0.0999903	1655	stimuli/foods\bread.jpg	3	17	1	bread	1	26	TF_089	0	0	0		0	0	1004.646837	1004.746828	0.0999903
166562	0.0999895	1656	stimuli/foods\brie.jpg	3	17	1	brie	1	28	TF_016	0	0	0		0	0	1004.796837	1004.896826	0.0999895
166599.5	0.099995	1657	stimuli/non_foods\stim120_inanimate_furniture_table_4.png	3	17	1	table_4	0	294		NaN	0	0		0	0	1004.946831	1005.046826	0.099995
166637	0.1000131	1658	stimuli/non_foods\stim065_animate_mammal_giraffe_1.png	3	17	1	giraffe_1	0	132		NaN	0	0		0	0	1005.096826	1005.196839	0.1000131
166674.5	0.1000249	1659	stimuli/non_foods\stim030_animate_human_clown_2.png	3	17	1	clown_2	0	86		NaN	0	0		0	0	1005.246826	1005.34685	0.1000249
166712	0.0999498	1660	stimuli/non_foods\stim158_inanimate_tools_wrench_2.png	3	17	1	wrench_2	0	311		NaN	0	0		0	0	1005.396871	1005.496821	0.0999498
166749.5	0.0999888	1661	stimuli/foods\pasta_carbonara.jpg	3	17	1	pasta_carbonara	1	216	TF_027	0	0	0		0	0	1005.546831	1005.646819	0.0999888
166787	0.0999933	1662	stimuli/non_foods\stim131_inanimate_plants_sunflower_3.png	3	17	1	sunflower_3	0	288		NaN	0	0		0	0	1005.696824	1005.796817	0.0999933
166824.5	0.0999984	1663	stimuli/non_foods\stim019_animate_bird_penguin_3.png	3	17	1	penguin_3	0	227		NaN	0	0		0	0	1005.84682	1005.946818	0.0999984
166862	0.099999	1664	stimuli/non_foods\stim137_inanimate_plants_tulip_1.png	3	17	1	tulip_1	0	303		NaN	0	0		0	0	1005.996819	1006.096818	0.099999
166899.5	0.099985	1665	stimuli/foods\pear.jpg	3	17	1	pear	1	223	NF_077	1	0	0		0	0	1006.146828	1006.246813	0.099985
166937	0.0999958	1666	stimuli/foods\chocolate_pudding.jpg	3	17	1	chocolate_pudding	1	78	TF_018	0	0	0		0	0	1006.296818	1006.396814	0.0999958
166974.5	0.0999773	1667	stimuli/foods\carrot.jpg	3	17	1	carrot	1	56	NF_019	1	0	0		0	0	1006.446838	1006.546815	0.0999773
167012	0.0999929	1668	stimuli/non_foods\stim123_inanimate_plants_bush_3.png	3	17	1	bush_3	0	42		NaN	0	0		0	0	1006.596817	1006.696809	0.0999929
167049.5	0.0999915	1669	stimuli/foods\grapes.jpg	3	17	1	grapes	1	142	NF_098	1	0	0		0	0	1006.746819	1006.846811	0.0999915
167087	0.0999872	1670	stimuli/foods\licorice.jpg	3	17	1	licorice	1	179	TF_078	0	0	0		0	0	1006.896823	1006.99681	0.0999872
167124.5	0.1000086	1671	stimuli/foods\eggplant.jpg	3	17	1	eggplant	1	116	NF_059	1	0	0		0	0	1007.04682	1007.146828	0.1000086
167162	0.0999924	1672	stimuli/foods\cereal.jpg	3	17	1	cereal	1	59	TF_028	0	0	0		0	0	1007.196831	1007.296823	0.0999924
167199.5	0.0999949	1673	stimuli/non_foods\stim148_inanimate_tools_hammer_4.png	3	17	1	hammer_4	0	154		NaN	0	0		0	0	1007.346809	1007.446804	0.0999949
167237	0.0999996	1674	stimuli/non_foods\stim037_animate_human_sports_1.png	3	17	1	sports_1	0	278		NaN	0	0		0	0	1007.496806	1007.596806	0.0999996
167274.5	0.099995	1675	stimuli/non_foods\stim129_inanimate_plants_sunflower_1.png	3	17	1	sunflower_1	0	286		NaN	0	0		0	0	1007.646811	1007.746806	0.099995
167312	0.09999	1676	stimuli/foods\salami.jpg	3	17	1	salami	1	255	TF_127	0	0	0		0	0	1007.796812	1007.896802	0.09999
167349.5	0.0999986	1677	stimuli/foods\peas.jpg	3	17	1	peas	1	224	NF_081	1	0	0		0	0	1007.946802	1008.046801	0.0999986
167387	0.0999913	1678	stimuli/non_foods\stim103_inanimate_furniture_bed_3.png	3	17	1	bed_3	0	21		NaN	0	0		0	0	1008.096806	1008.196797	0.0999913
167424.5	0.0999905	1679	stimuli/foods\fries.jpg	3	17	1	fries	1	126	TF_094	0	0	0		0	0	1008.246807	1008.346797	0.0999905
167462	0.0999963	1680	stimuli/non_foods\stim098_inanimate_clothing_socks_2.png	3	17	1	socks_2	0	268		NaN	0	0		0	0	1008.396803	1008.4968	0.0999963
167499.5	0.0999861	1681	stimuli/foods\croissant.jpg	3	17	1	croissant	1	100	TF_037	0	0	0		0	0	1008.546809	1008.646796	0.0999861
167537	0.0999992	1682	stimuli/non_foods\stim006_animate_bird_duck_2.png	3	17	1	duck_2	0	112		NaN	0	0		0	0	1008.696796	1008.796795	0.0999992
167574.5	0.1000109	1683	stimuli/foods\avocado.jpg	3	17	1	avocado	1	9	NF_012	1	0	0		0	0	1008.846806	1008.946817	0.1000109
167612	0.0999977	1684	stimuli/non_foods\stim066_animate_mammal_giraffe_2.png	3	17	1	giraffe_2	0	133		NaN	0	0		0	0	1008.996795	1009.096793	0.0999977
167649.5	0.0999891	1685	stimuli/foods\spinach.jpg	3	17	1	spinach	1	277	NF_094	1	1	0		0	0	1009.146806	1009.246795	0.0999891
167687	0.0999885	1686	stimuli/foods\toasted_bread_with_tomatoes.jpg	3	17	1	toasted_bread_with_tomatoes	1	297	TF_017	0	0	0		0	0	1009.296801	1009.396789	0.0999885
167724.5	0.099993	1687	stimuli/foods\fried_zucchini.jpg	3	17	1	fried_zucchini	1	125	TF_159	0	0	0		0	0	1009.446799	1009.546792	0.099993
167762	0.0999951	1688	stimuli/non_foods\stim009_animate_bird_parrot_1.png	3	17	1	parrot_1	0	212		NaN	0	1	s	0.4423193	1	1009.596792	1009.696787	0.0999951
167799.5	0.0999997	1689	stimuli/non_foods\stim097_inanimate_clothing_socks_1.png	3	17	1	socks_1	0	267		NaN	0	0		0	0	1009.746786	1009.846785	0.0999997
167837	0.1000104	1690	stimuli/non_foods\stim109_inanimate_furniture_closet_1.png	3	17	1	closet_1	0	81		NaN	0	0		0	0	1009.896799	1009.996809	0.1000104
167874.5	0.0999921	1691	stimuli/non_foods\stim022_animate_human_baby_2.png	3	17	1	baby_2	0	11		NaN	0	0		0	0	1010.046791	1010.146783	0.0999921
167912	0.0999958	1692	stimuli/non_foods\stim070_animate_mammal_kangaroo_2.png	3	17	1	kangaroo_2	0	169		NaN	0	0		0	0	1010.196786	1010.296782	0.0999958
167949.5	0.0999979	1693	stimuli/non_foods\stim036_animate_human_faces_4.png	3	17	1	faces_4	0	120		NaN	0	0		0	0	1010.346785	1010.446783	0.0999979
167987	0.0999897	1694	stimuli/foods\bread_roll.jpg	3	17	1	bread_roll	1	27	TF_090	0	0	0		0	0	1010.496791	1010.596781	0.0999897
168024.5	0.1000055	1695	stimuli/foods\ice_cream.jpg	3	17	1	ice_cream	1	162	TF_062	0	0	0		0	0	1010.646778	1010.746783	0.1000055
168062	0.0999976	1696	stimuli/foods\lollies.jpg	3	17	1	lollies	1	183	TF_026	0	0	0		0	0	1010.79678	1010.896777	0.0999976
168099.5	0.1000295	1697	stimuli/non_foods\stim101_inanimate_furniture_bed_1.png	3	17	1	bed_1	0	19		NaN	0	0		0	0	1010.946781	1011.04681	0.1000295
168137	0.1000034	1698	stimuli/non_foods\stim074_animate_mammal_monkey_2.png	3	17	1	monkey_2	0	189		NaN	0	0		0	0	1011.096783	1011.196787	0.1000034
168174.5	0.0999929	1699	stimuli/non_foods\stim004_animate_bird_chicken_4.png	3	17	1	chicken_4	0	69		NaN	0	0		0	0	1011.246779	1011.346772	0.0999929
168212	0.0999934	1700	stimuli/foods\almonds.jpg	3	17	1	almonds	1	0	NF_053	1	0	0		0	0	1011.396779	1011.496772	0.0999934
168249.5	0.0999945	1701	stimuli/non_foods\stim031_animate_human_clown_3.png	3	17	1	clown_3	0	87		NaN	0	0		0	0	1011.546778	1011.646773	0.0999945
168287	0.1000039	1702	stimuli/foods\watermelon.jpg	3	17	1	watermelon	1	309	NF_005	1	0	0		0	0	1011.696779	1011.796783	0.1000039
168324.5	0.1000042	1703	stimuli/foods\lamb_chops.jpg	3	17	1	lamb_chops	1	173	TF_040	0	0	0		0	0	1011.84678	1011.946785	0.1000042
168362	0.0999791	1704	stimuli/foods\parmesan_cheese.jpg	3	17	1	parmesan_cheese	1	211	TF_091	0	0	0		0	0	1011.996789	1012.096769	0.0999791
168399.5	0.0999951	1705	stimuli/non_foods\stim041_animate_insect_ant_1.png	3	17	1	ant_1	0	1		NaN	0	0		0	0	1012.14677	1012.246765	0.0999951
168437	0.0999956	1706	stimuli/non_foods\stim049_animate_insect_butterfly_1.png	3	17	1	butterfly_1	0	44		NaN	0	0		0	0	1012.296772	1012.396768	0.0999956
168474.5	0.0999696	1707	stimuli/foods\radish.jpg	3	17	1	radish	1	240	NF_090	1	0	0		0	0	1012.446795	1012.546765	0.0999696
168512	0.0999909	1708	stimuli/foods\pickles.jpg	3	17	1	pickles	1	230	TF_134	0	0	0		0	0	1012.596773	1012.696764	0.0999909
168549.5	0.0999856	1709	stimuli/foods\pumpkin.jpg	3	17	1	pumpkin	1	239	NF_101	1	0	0		0	0	1012.746775	1012.846761	0.0999856
168587	0.0999884	1710	stimuli/foods\calamari.jpg	3	17	1	calamari	1	53	TF_019	0	0	0		0	0	1012.896772	1012.99676	0.0999884
168624.5	0.0999929	1711	stimuli/foods\pork_loin_with_peas.jpg	3	17	1	pork_loin_with_peas	1	234	TF_003	0	0	0		0	0	1013.046769	1013.146762	0.0999929
168662	0.0999971	1712	stimuli/non_foods\stim055_animate_insect_dragonfly_3.png	3	17	1	dragonfly_3	0	108		NaN	0	0		0	0	1013.196761	1013.296759	0.0999971
168699.5	0.0999873	1713	stimuli/foods\orange.jpg	3	17	1	orange	1	201	NF_008	1	0	0		0	0	1013.346768	1013.446755	0.0999873
168737	0.0999909	1714	stimuli/foods\coconut.jpg	3	17	1	coconut	1	89	NF_030	1	0	0		0	0	1013.496764	1013.596755	0.0999909
168774.5	0.0999932	1715	stimuli/non_foods\stim083_inanimate_clothing_gloves_3.png	3	17	1	gloves_3	0	138		NaN	0	0		0	0	1013.646761	1013.746755	0.0999932
168812	0.0999946	1716	stimuli/non_foods\stim116_inanimate_furniture_sofa_4.png	3	17	1	sofa_4	0	274		NaN	0	0		0	0	1013.796757	1013.896752	0.0999946
168849.5	0.0999918	1717	stimuli/non_foods\stim062_animate_mammal_cow_2.png	3	17	1	cow_2	0	95		NaN	0	0		0	0	1013.946758	1014.046749	0.0999918
168887	0.0999854	1718	stimuli/non_foods\stim040_animate_human_sports_4.png	3	17	1	sports_4	0	281		NaN	0	0		0	0	1014.096753	1014.196738	0.0999854
168924.5	0.0999636	1719	stimuli/foods\tomato.jpg	3	17	1	tomato	1	298	NF_084	1	0	0		0	0	1014.246784	1014.346748	0.0999636
168962	0.0999975	1720	stimuli/non_foods\stim001_animate_bird_chicken_1.png	3	17	1	chicken_1	0	66		NaN	0	0		0	0	1014.396752	1014.496749	0.0999975
168999.5	0.0999836	1721	stimuli/non_foods\stim034_animate_human_faces_2.png	3	17	1	faces_2	0	118		NaN	0	0		0	0	1014.546763	1014.646747	0.0999836
169037	0.099996	1722	stimuli/non_foods\stim140_inanimate_plants_tulip_4.png	3	17	1	tulip_4	0	306		NaN	0	0		0	0	1014.696749	1014.796745	0.099996
169074.5	0.0999981	1723	stimuli/non_foods\stim105_inanimate_furniture_chair_1.png	3	17	1	chair_1	0	60		NaN	0	0		0	0	1014.846748	1014.946746	0.0999981
171124.5	0.0999887	1724	stimuli/non_foods\stim138_inanimate_plants_tulip_2.png	3	18	1	tulip_2	0	304		NaN	0	0		0	0	1023.04669	1023.146679	0.0999887
171162	0.0999907	1725	stimuli/foods\avocado.jpg	3	18	1	avocado	1	9	NF_012	1	0	0		0	0	1023.196688	1023.296679	0.0999907
171199.5	0.099992	1726	stimuli/non_foods\stim101_inanimate_furniture_bed_1.png	3	18	1	bed_1	0	19		NaN	0	0		0	0	1023.346686	1023.446678	0.099992
171237	0.0999941	1727	stimuli/non_foods\stim015_animate_bird_peacock_3.png	3	18	1	peacock_3	0	221		NaN	0	0		0	0	1023.496681	1023.596675	0.0999941
171274.5	0.0999947	1728	stimuli/non_foods\stim086_inanimate_clothing_hat_2.png	3	18	1	hat_2	0	156		NaN	0	0		0	0	1023.646678	1023.746673	0.0999947
171312	0.0999924	1729	stimuli/foods\toasted_bread_with_tomatoes.jpg	3	18	1	toasted_bread_with_tomatoes	1	297	TF_017	0	0	0		0	0	1023.796677	1023.89667	0.0999924
171349.5	0.0999991	1730	stimuli/non_foods\stim143_inanimate_tools_broom_3.png	3	18	1	broom_3	0	32		NaN	0	0		0	0	1023.946672	1024.046671	0.0999991
171387	0.0999928	1731	stimuli/non_foods\stim019_animate_bird_penguin_3.png	3	18	1	penguin_3	0	227		NaN	0	0		0	0	1024.096677	1024.19667	0.0999928
171424.5	0.0999859	1732	stimuli/foods\frankfurters.jpg	3	18	1	frankfurters	1	123	TF_156	0	0	0		0	0	1024.246679	1024.346665	0.0999859
171462	0.0999984	1733	stimuli/non_foods\stim109_inanimate_furniture_closet_1.png	3	18	1	closet_1	0	81		NaN	0	0		0	0	1024.396676	1024.496675	0.0999984
171499.5	0.0999785	1734	stimuli/foods\brie.jpg	3	18	1	brie	1	28	TF_016	0	0	0		0	0	1024.546702	1024.646681	0.0999785
171537	0.0999739	1735	stimuli/non_foods\stim099_inanimate_clothing_socks_3.png	3	18	1	socks_3	0	269		NaN	0	0		0	0	1024.696694	1024.796668	0.0999739
171574.5	0.099997	1736	stimuli/non_foods\stim051_animate_insect_butterfly_3.png	3	18	1	butterfly_3	0	46		NaN	0	0		0	0	1024.846668	1024.946665	0.099997
171612	0.0999889	1737	stimuli/foods\oyster.jpg	3	18	1	oyster	1	204	NF_067	1	0	0		0	0	1024.996671	1025.09666	0.0999889
171649.5	0.0999964	1738	stimuli/non_foods\stim103_inanimate_furniture_bed_3.png	3	18	1	bed_3	0	21		NaN	0	0		0	0	1025.146665	1025.246661	0.0999964
171687	0.0999932	1739	stimuli/non_foods\stim082_inanimate_clothing_gloves_2.png	3	18	1	gloves_2	0	137		NaN	0	0		0	0	1025.296666	1025.396659	0.0999932
171724.5	0.099997	1740	stimuli/non_foods\stim145_inanimate_tools_hammer_1.png	3	18	1	hammer_1	0	151		NaN	0	0		0	0	1025.44666	1025.546657	0.099997
171762	0.100008	1741	stimuli/foods\green_olives.jpg	3	18	1	green_olives	1	148	TF_085	0	0	0		0	0	1025.596671	1025.696679	0.100008
171799.5	0.0999917	1742	stimuli/foods\bread.jpg	3	18	1	bread	1	26	TF_089	0	0	0		0	0	1025.746664	1025.846656	0.0999917
171837	0.0999987	1743	stimuli/non_foods\stim157_inanimate_tools_wrench_1.png	3	18	1	wrench_1	0	310		NaN	0	0		0	0	1025.896656	1025.996655	0.0999987
171874.5	0.0999898	1744	stimuli/foods\papaya.jpg	3	18	1	papaya	1	210	NF_069	1	0	0		0	0	1026.046665	1026.146655	0.0999898
171912	0.0999997	1745	stimuli/non_foods\stim002_animate_bird_chicken_2.png	3	18	1	chicken_2	0	67		NaN	0	0		0	0	1026.196658	1026.296658	0.0999997
171949.5	0.0999827	1746	stimuli/non_foods\stim150_inanimate_tools_pan_2.png	3	18	1	pan_2	0	206		NaN	0	0		0	0	1026.346669	1026.446652	0.0999827
171987	0.0999996	1747	stimuli/non_foods\stim038_animate_human_sports_2.png	3	18	1	sports_2	0	279		NaN	0	0		0	0	1026.496653	1026.596652	0.0999996
172024.5	0.0999971	1748	stimuli/non_foods\stim119_inanimate_furniture_table_3.png	3	18	1	table_3	0	293		NaN	0	0		0	0	1026.646652	1026.746649	0.0999971
172062	0.0999871	1749	stimuli/foods\coffee_beans.jpg	3	18	1	coffee_beans	1	90	TF_029	0	0	0		0	0	1026.79666	1026.896647	0.0999871
172099.5	0.0999974	1750	stimuli/non_foods\stim068_animate_mammal_giraffe_4.png	3	18	1	giraffe_4	0	135		NaN	0	0		0	0	1026.946648	1027.046646	0.0999974
172137	0.0999937	1751	stimuli/foods\lettuce.jpg	3	18	1	lettuce	1	178	NF_046	1	0	0		0	0	1027.096655	1027.196649	0.0999937
172174.5	0.0999863	1752	stimuli/non_foods\stim106_inanimate_furniture_chair_2.png	3	18	1	chair_2	0	61		NaN	1	0		0	0	1027.246651	1027.346637	0.0999863
172212	0.1000238	1753	stimuli/non_foods\stim158_inanimate_tools_wrench_2.png	3	18	1	wrench_2	0	311		NaN	0	0		0	0	1027.396636	1027.49666	0.1000238
172249.5	0.0999832	1754	stimuli/foods\banana.jpg	3	18	1	banana	1	18	NF_013	1	0	1	s	0.4006287	1	1027.546643	1027.646627	0.0999832
172287	0.0999859	1755	stimuli/foods\onion.jpg	3	18	1	onion	1	200	NF_029	1	0	0		0	0	1027.696652	1027.796638	0.0999859
172324.5	0.0999926	1756	stimuli/non_foods\stim075_animate_mammal_monkey_3.png	3	18	1	monkey_3	0	190		NaN	0	0		0	0	1027.846647	1027.94664	0.0999926
172362	0.1000057	1757	stimuli/non_foods\stim123_inanimate_plants_bush_3.png	3	18	1	bush_3	0	42		NaN	0	0		0	0	1027.996643	1028.096649	0.1000057
172399.5	0.0999733	1758	stimuli/non_foods\stim079_animate_mammal_rhino_3.png	3	18	1	rhino_3	0	248		NaN	0	0		0	0	1028.146663	1028.246637	0.0999733
172437	0.0999922	1759	stimuli/non_foods\stim035_animate_human_faces_3.png	3	18	1	faces_3	0	119		NaN	0	0		0	0	1028.296643	1028.396635	0.0999922
172474.5	0.0999875	1760	stimuli/foods\dried_figs.jpg	3	18	1	dried_figs	1	110	TF_054	0	0	0		0	0	1028.446646	1028.546633	0.0999875
172512	0.099991	1761	stimuli/foods\ice_cream.jpg	3	18	1	ice_cream	1	162	TF_062	0	0	0		0	0	1028.596644	1028.696635	0.099991
172549.5	0.0999894	1762	stimuli/foods\swordfish.jpg	3	18	1	swordfish	1	290	TF_101	0	0	0		0	0	1028.746643	1028.846632	0.0999894
172587	0.0999961	1763	stimuli/non_foods\stim058_animate_insect_grasshopper_2.png	3	18	1	grasshopper_2	0	144		NaN	0	0		0	0	1028.896636	1028.996632	0.0999961
172624.5	0.0999988	1764	stimuli/non_foods\stim047_animate_insect_bug_3.png	3	18	1	bug_3	0	38		NaN	0	0		0	0	1029.046631	1029.14663	0.0999988
172662	0.1000136	1765	stimuli/non_foods\stim110_inanimate_furniture_closet_2.png	3	18	1	closet_2	0	82		NaN	0	0		0	0	1029.196636	1029.29665	0.1000136
172699.5	0.0999894	1766	stimuli/foods\peach.jpg	3	18	1	peach	1	218	NF_079	1	0	0		0	0	1029.346638	1029.446628	0.0999894
172737	0.0999865	1767	stimuli/non_foods\stim024_animate_human_baby_4.png	3	18	1	baby_4	0	13		NaN	0	0		0	0	1029.496634	1029.59662	0.0999865
172774.5	0.0999909	1768	stimuli/foods\red_beans.jpg	3	18	1	red_beans	1	244	NF_033	1	0	0		0	0	1029.646636	1029.746627	0.0999909
172812	0.1000141	1769	stimuli/non_foods\stim083_inanimate_clothing_gloves_3.png	3	18	1	gloves_3	0	138		NaN	0	0		0	0	1029.79663	1029.896645	0.1000141
172849.5	0.0999726	1770	stimuli/non_foods\stim046_animate_insect_bug_2.png	3	18	1	bug_2	0	37		NaN	0	0		0	0	1029.946652	1030.046625	0.0999726
172887	0.0999892	1771	stimuli/foods\lentils.jpg	3	18	1	lentils	1	177	NF_047	1	0	0		0	0	1030.096632	1030.196622	0.0999892
172924.5	0.0999889	1772	stimuli/foods\cuttlefish.jpg	3	18	1	cuttlefish	1	103	NF_093	1	0	0		0	0	1030.246632	1030.346621	0.0999889
172962	0.0999896	1773	stimuli/non_foods\stim084_inanimate_clothing_gloves_4.png	3	18	1	gloves_4	0	139		NaN	0	0		0	0	1030.396629	1030.496618	0.0999896
172999.5	0.1000002	1774	stimuli/non_foods\stim142_inanimate_tools_broom_2.png	3	18	1	broom_2	0	31		NaN	0	0		0	0	1030.546618	1030.646618	0.1000002
173037	0.0999944	1775	stimuli/non_foods\stim004_animate_bird_chicken_4.png	3	18	1	chicken_4	0	69		NaN	0	0		0	0	1030.696622	1030.796617	0.0999944
173074.5	0.0999951	1776	stimuli/non_foods\stim021_animate_human_baby_1.png	3	18	1	baby_1	0	10		NaN	0	0		0	0	1030.84662	1030.946615	0.0999951
173112	0.0999815	1777	stimuli/non_foods\stim072_animate_mammal_kangaroo_4.png	3	18	1	kangaroo_4	0	171		NaN	0	0		0	0	1030.996639	1031.096621	0.0999815
173149.5	0.0999866	1778	stimuli/foods\almonds.jpg	3	18	1	almonds	1	0	NF_053	1	0	0		0	0	1031.146628	1031.246614	0.0999866
173187	0.0999908	1779	stimuli/foods\cauliflower.jpg	3	18	1	cauliflower	1	57	NF_022	1	0	0		0	0	1031.296621	1031.396612	0.0999908
173224.5	0.0999967	1780	stimuli/non_foods\stim054_animate_insect_dragonfly_2.png	3	18	1	dragonfly_2	0	107		NaN	0	0		0	0	1031.446615	1031.546611	0.0999967
173262	0.0999931	1781	stimuli/non_foods\stim092_inanimate_clothing_jeans_4.png	3	18	1	jeans_4	0	167		NaN	0	0		0	0	1031.596624	1031.696617	0.0999931
173299.5	0.0999898	1782	stimuli/non_foods\stim112_inanimate_furniture_closet_4.png	3	18	1	closet_4	0	84		NaN	0	0		0	0	1031.746619	1031.846609	0.0999898
173337	0.0999907	1783	stimuli/foods\pancakes.jpg	3	18	1	pancakes	1	209	TF_058	0	0	0		0	0	1031.896616	1031.996607	0.0999907
173374.5	0.0999978	1784	stimuli/non_foods\stim089_inanimate_clothing_jeans_1.png	3	18	1	jeans_1	0	164		NaN	0	0		0	0	1032.046607	1032.146605	0.0999978
173412	0.0999993	1785	stimuli/non_foods\stim069_animate_mammal_kangaroo_1.png	3	18	1	kangaroo_1	0	168		NaN	0	0		0	0	1032.196605	1032.296605	0.0999993
173449.5	0.0999876	1786	stimuli/foods\oven-roasted_tomatoes.jpg	3	18	1	oven-roasted_tomatoes	1	203	TF_114	0	0	0		0	0	1032.346615	1032.446603	0.0999876
173487	0.0999855	1787	stimuli/foods\waffle.jpg	3	18	1	waffle	1	308	TF_030	0	0	0		0	0	1032.496612	1032.596598	0.0999855
173524.5	0.0999885	1788	stimuli/foods\grapefruits.jpg	3	18	1	grapefruits	1	141	NF_085	1	0	0		0	0	1032.646612	1032.746601	0.0999885
173562	0.0999958	1789	stimuli/non_foods\stim135_inanimate_plants_tree_3.png	3	18	1	tree_3	0	301		NaN	0	0		0	0	1032.796605	1032.896601	0.0999958
173599.5	0.1000013	1790	stimuli/non_foods\stim147_inanimate_tools_hammer_3.png	3	18	1	hammer_3	0	153		NaN	0	0		0	0	1032.946598	1033.046599	0.1000013
173637	0.0999898	1791	stimuli/foods\fries.jpg	3	18	1	fries	1	126	TF_094	0	0	0		0	0	1033.09661	1033.1966	0.0999898
173674.5	0.0999945	1792	stimuli/non_foods\stim088_inanimate_clothing_hat_4.png	3	18	1	hat_4	0	158		NaN	0	0		0	0	1033.2466	1033.346595	0.0999945
173712	0.1000057	1793	stimuli/foods\cherry.jpg	3	18	1	cherry	1	64	NF_027	1	0	0		0	0	1033.39661	1033.496616	0.1000057
173749.5	0.0999869	1794	stimuli/foods\pork_loin_with_peas.jpg	3	18	1	pork_loin_with_peas	1	234	TF_003	0	0	0		0	0	1033.546604	1033.646591	0.0999869
173787	0.0999913	1795	stimuli/foods\broccoli.jpg	3	18	1	broccoli	1	29	NF_016	1	0	0		0	0	1033.696601	1033.796593	0.0999913
173824.5	0.0999892	1796	stimuli/foods\spaghetti_with_olives_and_capers.jpg	3	18	1	spaghetti_with_olives_and_capers	1	276	TF_135	0	0	0		0	0	1033.846606	1033.946595	0.0999892
173862	0.0999969	1797	stimuli/non_foods\stim090_inanimate_clothing_jeans_2.png	3	18	1	jeans_2	0	165		NaN	0	0		0	0	1033.996592	1034.096588	0.0999969
173899.5	0.0999971	1798	stimuli/non_foods\stim062_animate_mammal_cow_2.png	3	18	1	cow_2	0	95		NaN	0	0		0	0	1034.146592	1034.246589	0.0999971
173937	0.0999847	1799	stimuli/foods\brussel_sprouts.jpg	3	18	1	brussel_sprouts	1	35	NF_021	1	0	0		0	0	1034.296599	1034.396584	0.0999847
173974.5	0.1000186	1800	stimuli/non_foods\stim052_animate_insect_butterfly_4.png	3	18	1	butterfly_4	0	47		NaN	0	0		0	0	1034.44659	1034.546609	0.1000186
174012	0.0999829	1801	stimuli/foods\fruit_salad.jpg	3	18	1	fruit_salad	1	129	NF_043	1	0	0		0	0	1034.596599	1034.696582	0.0999829
174049.5	0.0999925	1802	stimuli/non_foods\stim011_animate_bird_parrot_3.png	3	18	1	parrot_3	0	214		NaN	0	0		0	0	1034.746589	1034.846581	0.0999925
174087	0.0999915	1803	stimuli/foods\figs.jpg	3	18	1	figs	1	122	NF_035	1	0	0		0	0	1034.896593	1034.996584	0.0999915
174124.5	0.1000056	1804	stimuli/non_foods\stim153_inanimate_tools_scissors_1.png	3	18	1	scissors_1	0	258		NaN	0	0		0	0	1035.046582	1035.146588	0.1000056
174162	0.0999694	1805	stimuli/foods\egg.jpg	3	18	1	egg	1	115	NF_095	1	0	0		0	0	1035.196612	1035.296582	0.0999694
174199.5	0.0999954	1806	stimuli/non_foods\stim001_animate_bird_chicken_1.png	3	18	1	chicken_1	0	66		NaN	0	0		0	0	1035.346584	1035.446579	0.0999954
174237	0.0999864	1807	stimuli/foods\blackberry.jpg	3	18	1	blackberry	1	24	NF_063	1	0	0		0	0	1035.496588	1035.596575	0.0999864
174274.5	0.0999903	1808	stimuli/foods\gnocchi.jpg	3	18	1	gnocchi	1	140	TF_064	0	0	0		0	0	1035.646586	1035.746576	0.0999903
174312	0.0999903	1809	stimuli/foods\smoked_ham.jpg	3	18	1	smoked_ham	1	266	TF_118	0	0	0		0	0	1035.796584	1035.896574	0.0999903
174349.5	0.0999901	1810	stimuli/foods\mango.jpg	3	18	1	mango	1	185	NF_054	1	0	0		0	0	1035.946583	1036.046574	0.0999901
174387	0.1000007	1811	stimuli/non_foods\stim053_animate_insect_dragonfly_1.png	3	18	1	dragonfly_1	0	106		NaN	0	0		0	0	1036.096575	1036.196576	0.1000007
174424.5	0.1000009	1812	stimuli/foods\watermelon.jpg	3	18	1	watermelon	1	309	NF_005	1	0	0		0	0	1036.246584	1036.346585	0.1000009
174462	0.0999927	1813	stimuli/non_foods\stim094_inanimate_clothing_shirt_2.png	3	18	1	shirt_2	0	263		NaN	0	0		0	0	1036.396577	1036.49657	0.0999927
174499.5	0.099994	1814	stimuli/non_foods\stim126_inanimate_plants_cactus_2.png	3	18	1	cactus_2	0	50		NaN	0	0		0	0	1036.546575	1036.646569	0.099994
174537	0.0999871	1815	stimuli/foods\pickles.jpg	3	18	1	pickles	1	230	TF_134	0	0	0		0	0	1036.696579	1036.796566	0.0999871
174574.5	0.1000063	1816	stimuli/non_foods\stim131_inanimate_plants_sunflower_3.png	3	18	1	sunflower_3	0	288		NaN	0	0		0	0	1036.846569	1036.946575	0.1000063
174612	0.0999768	1817	stimuli/non_foods\stim065_animate_mammal_giraffe_1.png	3	18	1	giraffe_1	0	132		NaN	0	0		0	0	1036.996588	1037.096565	0.0999768
174649.5	0.0999893	1818	stimuli/foods\fried_calamari.jpg	3	18	1	fried_calamari	1	124	TF_020	0	0	0		0	0	1037.146571	1037.24656	0.0999893
174687	0.0999876	1819	stimuli/foods\cooked_prawn.jpg	3	18	1	cooked_prawn	1	92	TF_060	0	0	0		0	0	1037.296576	1037.396564	0.0999876
174724.5	0.0999888	1820	stimuli/foods\pomegranate.jpg	3	18	1	pomegranate	1	232	NF_058	1	0	0		0	0	1037.446572	1037.546561	0.0999888
174762	0.0999917	1821	stimuli/foods\chestnut.jpg	3	18	1	chestnut	1	65	NF_020	1	0	0		0	0	1037.59657	1037.696561	0.0999917
174799.5	0.099989	1822	stimuli/foods\hamburger.jpg	3	18	1	hamburger	1	150	TF_069	0	0	0		0	0	1037.74657	1037.846559	0.099989
174837	0.0999915	1823	stimuli/foods\baked_cod_with_carrots_and_green_beans.jpg	3	18	1	baked_cod_with_carrots_and_green_beans	1	16	TF_082	0	0	0		0	0	1037.896568	1037.996559	0.0999915
174874.5	0.0999881	1824	stimuli/foods\linguine_with_clams.jpg	3	18	1	linguine_with_clams	1	181	TF_077	0	0	0		0	0	1038.046565	1038.146554	0.0999881
174912	0.0999895	1825	stimuli/foods\baguette.jpg	3	18	1	baguette	1	15	TF_006	0	0	0		0	0	1038.196566	1038.296556	0.0999895
174949.5	0.0999927	1826	stimuli/foods\hazelnuts.jpg	3	18	1	hazelnuts	1	159	NF_065	1	0	0		0	0	1038.346565	1038.446558	0.0999927
174987	0.0999837	1827	stimuli/non_foods\stim073_animate_mammal_monkey_1.png	3	18	1	monkey_1	0	188		NaN	0	0		0	0	1038.49656	1038.596544	0.0999837
175024.5	0.099997	1828	stimuli/non_foods\stim118_inanimate_furniture_table_2.png	3	18	1	table_2	0	292		NaN	0	0		0	0	1038.646557	1038.746554	0.099997
175062	0.0999675	1829	stimuli/foods\raw_ham.jpg	3	18	1	raw_ham	1	242	TF_117	0	0	0		0	0	1038.796582	1038.89655	0.0999675
175099.5	0.0999947	1830	stimuli/non_foods\stim043_animate_insect_ant_3.png	3	18	1	ant_3	0	3		NaN	0	0		0	0	1038.946553	1039.046548	0.0999947
175137	0.0999974	1831	stimuli/non_foods\stim156_inanimate_tools_scissors_4.png	3	18	1	scissors_4	0	261		NaN	0	0		0	0	1039.096551	1039.196549	0.0999974
175174.5	0.0999888	1832	stimuli/foods\parmesan_cheese.jpg	3	18	1	parmesan_cheese	1	211	TF_091	0	0	0		0	0	1039.246557	1039.346546	0.0999888
175212	0.0999952	1833	stimuli/non_foods\stim104_inanimate_furniture_bed_4.png	3	18	1	bed_4	0	22		NaN	0	0		0	0	1039.396551	1039.496546	0.0999952
175249.5	0.0999914	1834	stimuli/foods\nectarine.jpg	3	18	1	nectarine	1	196	NF_078	1	0	0		0	0	1039.546552	1039.646544	0.0999914
175287	0.0999909	1835	stimuli/non_foods\stim013_animate_bird_peacock_1.png	3	18	1	peacock_1	0	219		NaN	0	0		0	0	1039.696551	1039.796542	0.0999909
175324.5	0.1000138	1836	stimuli/non_foods\stim037_animate_human_sports_1.png	3	18	1	sports_1	0	278		NaN	0	0		0	0	1039.846545	1039.946559	0.1000138
175362	0.0999671	1837	stimuli/foods\coconut.jpg	3	18	1	coconut	1	89	NF_030	1	0	0		0	0	1039.996574	1040.096541	0.0999671
175399.5	0.0999941	1838	stimuli/non_foods\stim045_animate_insect_bug_1.png	3	18	1	bug_1	0	36		NaN	0	0		0	0	1040.146546	1040.24654	0.0999941
175437	0.0999946	1839	stimuli/non_foods\stim097_inanimate_clothing_socks_1.png	3	18	1	socks_1	0	267		NaN	0	0		0	0	1040.296543	1040.396538	0.0999946
175474.5	0.1000001	1840	stimuli/foods\radish.jpg	3	18	1	radish	1	240	NF_090	1	1	0		0	0	1040.446547	1040.546547	0.1000001
175512	0.0999725	1841	stimuli/non_foods\stim132_inanimate_plants_sunflower_4.png	3	18	1	sunflower_4	0	289		NaN	0	0		0	0	1040.596564	1040.696536	0.0999725
175549.5	0.0999977	1842	stimuli/non_foods\stim117_inanimate_furniture_table_1.png	3	18	1	table_1	0	291		NaN	0	1	s	0.4077883	1	1040.746539	1040.846537	0.0999977
175587	0.0999886	1843	stimuli/foods\potatoes.jpg	3	18	1	potatoes	1	237	NF_071	1	0	0		0	0	1040.896543	1040.996532	0.0999886
175624.5	0.099989	1844	stimuli/foods\asparagus.jpg	3	18	1	asparagus	1	8	NF_010	1	0	0		0	0	1041.046542	1041.146531	0.099989
175662	0.099988	1845	stimuli/foods\ice_cream_sandwich.jpg	3	18	1	ice_cream_sandwich	1	163	TF_061	0	0	0		0	0	1041.196543	1041.296531	0.099988
175699.5	0.0999958	1846	stimuli/non_foods\stim008_animate_bird_duck_4.png	3	18	1	duck_4	0	114		NaN	0	0		0	0	1041.346537	1041.446533	0.0999958
175737	0.0999897	1847	stimuli/foods\grapes.jpg	3	18	1	grapes	1	142	NF_098	1	0	0		0	0	1041.49654	1041.596529	0.0999897
175774.5	0.0999742	1848	stimuli/foods\fried_zucchini.jpg	3	18	1	fried_zucchini	1	125	TF_159	0	0	0		0	0	1041.646554	1041.746528	0.0999742
175812	0.0999965	1849	stimuli/non_foods\stim055_animate_insect_dragonfly_3.png	3	18	1	dragonfly_3	0	108		NaN	0	0		0	0	1041.796529	1041.896526	0.0999965
175849.5	0.0999916	1850	stimuli/foods\capsicum.jpg	3	18	1	capsicum	1	55	NF_076	1	0	0		0	0	1041.946534	1042.046526	0.0999916
175887	0.0999947	1851	stimuli/non_foods\stim074_animate_mammal_monkey_2.png	3	18	1	monkey_2	0	189		NaN	0	0		0	0	1042.096532	1042.196527	0.0999947
175924.5	0.1000136	1852	stimuli/foods\savory_pie.jpg	3	18	1	savory_pie	1	257	TF_146	0	0	0		0	0	1042.246542	1042.346555	0.1000136
175962	0.0999937	1853	stimuli/non_foods\stim018_animate_bird_penguin_2.png	3	18	1	penguin_2	0	226		NaN	0	0		0	0	1042.396527	1042.496521	0.0999937
175999.5	0.0999903	1854	stimuli/foods\omelette.jpg	3	18	1	omelette	1	199	TF_057	0	0	0		0	0	1042.546531	1042.646521	0.0999903
176037	0.0999933	1855	stimuli/non_foods\stim122_inanimate_plants_bush_2.png	3	18	1	bush_2	0	41		NaN	0	0		0	0	1042.696523	1042.796516	0.0999933
176074.5	0.0999875	1856	stimuli/foods\cereal.jpg	3	18	1	cereal	1	59	TF_028	0	0	0		0	0	1042.84653	1042.946518	0.0999875
176112	0.09999	1857	stimuli/foods\calamari.jpg	3	18	1	calamari	1	53	TF_019	0	0	0		0	0	1042.996526	1043.096516	0.09999
176149.5	0.0999976	1858	stimuli/non_foods\stim061_animate_mammal_cow_1.png	3	18	1	cow_1	0	94		NaN	0	0		0	0	1043.146516	1043.246514	0.0999976
176187	0.0999938	1859	stimuli/non_foods\stim063_animate_mammal_cow_3.png	3	18	1	cow_3	0	96		NaN	0	0		0	0	1043.296521	1043.396515	0.0999938
176224.5	0.100009	1860	stimuli/non_foods\stim040_animate_human_sports_4.png	3	18	1	sports_4	0	281		NaN	0	0		0	0	1043.446516	1043.546525	0.100009
176262	0.0999911	1861	stimuli/non_foods\stim076_animate_mammal_monkey_4.png	3	18	1	monkey_4	0	191		NaN	0	0		0	0	1043.596522	1043.696513	0.0999911
176299.5	0.0999898	1862	stimuli/foods\salmon.jpg	3	18	1	salmon	1	256	TF_130	0	0	0		0	0	1043.746518	1043.846507	0.0999898
176337	0.0999971	1863	stimuli/non_foods\stim066_animate_mammal_giraffe_2.png	3	18	1	giraffe_2	0	133		NaN	0	0		0	0	1043.896512	1043.996509	0.0999971
176374.5	0.0999901	1864	stimuli/non_foods\stim056_animate_insect_dragonfly_4.png	3	18	1	dragonfly_4	0	109		NaN	0	0		0	0	1044.046533	1044.146523	0.0999901
176412	0.0999966	1865	stimuli/non_foods\stim144_inanimate_tools_broom_4.png	3	18	1	broom_4	0	33		NaN	0	0		0	0	1044.196508	1044.296505	0.0999966
176449.5	0.0999641	1866	stimuli/non_foods\stim113_inanimate_furniture_sofa_1.png	3	18	1	sofa_1	0	271		NaN	0	0		0	0	1044.346545	1044.446509	0.0999641
176487	0.0999897	1867	stimuli/foods\nougat.jpg	3	18	1	nougat	1	197	TF_144	0	0	0		0	0	1044.496515	1044.596505	0.0999897
176524.5	0.0999881	1868	stimuli/foods\pasta_carbonara.jpg	3	18	1	pasta_carbonara	1	216	TF_027	0	0	0		0	0	1044.646514	1044.746502	0.0999881
176562	0.0999915	1869	stimuli/foods\chilli.jpg	3	18	1	chilli	1	74	NF_073	1	0	0		0	0	1044.796513	1044.896504	0.0999915
176599.5	0.0999892	1870	stimuli/foods\lollies.jpg	3	18	1	lollies	1	183	TF_026	0	0	0		0	0	1044.946509	1045.046499	0.0999892
176637	0.1000124	1871	stimuli/foods\apple.jpg	3	18	1	apple	1	5	NF_055	1	0	0		0	0	1045.096509	1045.196522	0.1000124
176674.5	0.0999905	1872	stimuli/foods\cooked_ham.jpg	3	18	1	cooked_ham	1	91	TF_116	0	0	0		0	0	1045.24651	1045.346501	0.0999905
176712	0.0999871	1873	stimuli/foods\honey.jpg	3	18	1	honey	1	160	NF_062	1	0	0		0	0	1045.396508	1045.496495	0.0999871
176749.5	0.0999936	1874	stimuli/foods\eggplant.jpg	3	18	1	eggplant	1	116	NF_059	1	0	0		0	0	1045.546504	1045.646498	0.0999936
176787	0.0999979	1875	stimuli/non_foods\stim064_animate_mammal_cow_4.png	3	18	1	cow_4	0	97		NaN	0	0		0	0	1045.6965	1045.796498	0.0999979
176824.5	0.0999703	1876	stimuli/non_foods\stim030_animate_human_clown_2.png	3	18	1	clown_2	0	86		NaN	0	0		0	0	1045.846525	1045.946496	0.0999703
176862	0.0999926	1877	stimuli/non_foods\stim087_inanimate_clothing_hat_3.png	3	18	1	hat_3	0	157		NaN	0	0		0	0	1045.996499	1046.096492	0.0999926
176899.5	0.0999935	1878	stimuli/non_foods\stim080_animate_mammal_rhino_4.png	3	18	1	rhino_4	0	249		NaN	0	0		0	0	1046.146495	1046.246489	0.0999935
176937	0.0999955	1879	stimuli/non_foods\stim017_animate_bird_penguin_1.png	3	18	1	penguin_1	0	225		NaN	0	0		0	0	1046.296496	1046.396491	0.0999955
176974.5	0.0999865	1880	stimuli/foods\lemon.jpg	3	18	1	lemon	1	175	NF_049	1	0	0		0	0	1046.446501	1046.546488	0.0999865
177378.75	0.0999887	1881	stimuli/non_foods\stim146_inanimate_tools_hammer_2.png	3	19	1	hammer_2	0	152		NaN	0	0		0	0	1048.063152	1048.163141	0.0999887
177416.25	0.0999832	1882	stimuli/non_foods\stim098_inanimate_clothing_socks_2.png	3	19	1	socks_2	0	268		NaN	0	0		0	0	1048.21316	1048.313143	0.0999832
177453.75	0.0999862	1883	stimuli/foods\pork_and_rice.jpg	3	19	1	pork_and_rice	1	233	TF_080	0	0	0		0	0	1048.363154	1048.463141	0.0999862
177491.25	0.1000001	1884	stimuli/non_foods\stim022_animate_human_baby_2.png	3	19	1	baby_2	0	11		NaN	0	0		0	0	1048.513141	1048.613141	0.1000001
177528.75	0.0999855	1885	stimuli/foods\pea_pod.jpg	3	19	1	pea_pod	1	217	NF_082	1	0	0		0	0	1048.663149	1048.763134	0.0999855
177566.25	0.1000123	1886	stimuli/non_foods\stim071_animate_mammal_kangaroo_3.png	3	19	1	kangaroo_3	0	170		NaN	0	0		0	0	1048.813143	1048.913155	0.1000123
177603.75	0.0999978	1887	stimuli/non_foods\stim031_animate_human_clown_3.png	3	19	1	clown_3	0	87		NaN	0	0		0	0	1048.963138	1049.063136	0.0999978
177641.25	0.0999855	1888	stimuli/foods\lasagna.jpg	3	19	1	lasagna	1	174	TF_076	0	0	0		0	0	1049.113146	1049.213132	0.0999855
177678.75	0.0999909	1889	stimuli/foods\salami.jpg	3	19	1	salami	1	255	TF_127	0	0	0		0	0	1049.263143	1049.363134	0.0999909
177716.25	0.0999908	1890	stimuli/non_foods\stim005_animate_bird_duck_1.png	3	19	1	duck_1	0	111		NaN	0	0		0	0	1049.413139	1049.51313	0.0999908
177753.75	0.099989	1891	stimuli/foods\cupcake.jpg	3	19	1	cupcake	1	102	TF_050	0	0	0		0	0	1049.563139	1049.663128	0.099989
177791.25	0.0999895	1892	stimuli/foods\chocolate_pralines.jpg	3	19	1	chocolate_pralines	1	77	TF_035	0	0	0		0	0	1049.713141	1049.81313	0.0999895
177828.75	0.1000127	1893	stimuli/foods\lime.jpg	3	19	1	lime	1	180	NF_048	1	0	0		0	0	1049.863138	1049.96315	0.1000127
177866.25	0.0999959	1894	stimuli/non_foods\stim078_animate_mammal_rhino_2.png	3	19	1	rhino_2	0	247		NaN	0	0		0	0	1050.013132	1050.113128	0.0999959
177903.75	0.0999867	1895	stimuli/foods\cinnamon.jpg	3	19	1	cinnamon	1	79	NF_017	1	0	0		0	0	1050.163137	1050.263124	0.0999867
177941.25	0.099989	1896	stimuli/foods\green_beans.jpg	3	19	1	green_beans	1	147	NF_034	1	0	0		0	0	1050.313135	1050.413124	0.099989
177978.75	0.1000015	1897	stimuli/foods\lemon_meringue_pie.jpg	3	19	1	lemon_meringue_pie	1	176	TF_151	0	0	0		0	0	1050.463132	1050.563134	0.1000015
178016.25	0.099968	1898	stimuli/foods\chocolate_bar.jpg	3	19	1	chocolate_bar	1	75	TF_033	0	0	0		0	0	1050.613157	1050.713125	0.099968
178053.75	0.0999943	1899	stimuli/foods\potato_and_green_bean_salad.jpg	3	19	1	potato_and_green_bean_salad	1	235	TF_072	0	0	0		0	0	1050.763129	1050.863124	0.0999943
178091.25	0.0999888	1900	stimuli/foods\oregano.jpg	3	19	1	oregano	1	202	NF_066	1	0	0		0	0	1050.913129	1051.013118	0.0999888
178128.75	0.0999895	1901	stimuli/foods\fennel.jpg	3	19	1	fennel	1	121	NF_036	1	0	0		0	0	1051.063128	1051.163118	0.0999895
178166.25	0.0999928	1902	stimuli/foods\rice.jpg	3	19	1	rice	1	250	TF_121	0	0	0		0	0	1051.213124	1051.313117	0.0999928
178203.75	0.0999892	1903	stimuli/non_foods\stim044_animate_insect_ant_4.png	3	19	1	ant_4	0	4		NaN	0	0		0	0	1051.363123	1051.463113	0.0999892
178241.25	0.0999961	1904	stimuli/non_foods\stim134_inanimate_plants_tree_2.png	3	19	1	tree_2	0	300		NaN	0	0		0	0	1051.513117	1051.613113	0.0999961
178278.75	0.1000092	1905	stimuli/non_foods\stim042_animate_insect_ant_2.png	3	19	1	ant_2	0	2		NaN	0	0		0	0	1051.663119	1051.763128	0.1000092
178316.25	0.0999926	1906	stimuli/foods\bread_roll.jpg	3	19	1	bread_roll	1	27	TF_090	0	1	0		0	0	1051.813121	1051.913113	0.0999926
178353.75	0.0999992	1907	stimuli/non_foods\stim160_inanimate_tools_wrench_4.png	3	19	1	wrench_4	0	313		NaN	0	0		0	0	1051.963111	1052.06311	0.0999992
178391.25	0.0999936	1908	stimuli/non_foods\stim121_inanimate_plants_bush_1.png	3	19	1	bush_1	0	40		NaN	0	1	s	0.3922031	1	1052.113117	1052.213111	0.0999936
178428.75	0.099999	1909	stimuli/foods\taco.jpg	3	19	1	taco	1	295	TF_141	0	0	0		0	0	1052.263119	1052.363117	0.099999
178466.25	0.0999702	1910	stimuli/foods\apricot.jpg	3	19	1	apricot	1	6	NF_002	1	0	0		0	0	1052.413135	1052.513105	0.0999702
178503.75	0.0999844	1911	stimuli/foods\prawn.jpg	3	19	1	prawn	1	238	NF_041	1	0	0		0	0	1052.563118	1052.663103	0.0999844
178541.25	0.0999935	1912	stimuli/foods\raisins.jpg	3	19	1	raisins	1	241	NF_096	1	0	0		0	0	1052.713112	1052.813106	0.0999935
178578.75	0.0999977	1913	stimuli/non_foods\stim039_animate_human_sports_3.png	3	19	1	sports_3	0	280		NaN	0	0		0	0	1052.863107	1052.963105	0.0999977
178616.25	0.0999924	1914	stimuli/foods\croissant.jpg	3	19	1	croissant	1	100	TF_037	0	0	0		0	0	1053.013111	1053.113103	0.0999924
178653.75	0.0999906	1915	stimuli/foods\lobster.jpg	3	19	1	lobster	1	182	NF_007	1	0	0		0	0	1053.16311	1053.2631	0.0999906
178691.25	0.0999968	1916	stimuli/non_foods\stim085_inanimate_clothing_hat_1.png	3	19	1	hat_1	0	155		NaN	0	0		0	0	1053.313104	1053.413101	0.0999968
178728.75	0.1000021	1917	stimuli/foods\museli_bars.jpg	3	19	1	museli_bars	1	193	TF_008	0	0	0		0	0	1053.463108	1053.56311	0.1000021
178766.25	0.0999916	1918	stimuli/foods\beetroots.jpg	3	19	1	beetroots	1	23	NF_015	1	0	0		0	0	1053.613108	1053.713099	0.0999916
178803.75	0.0999922	1919	stimuli/non_foods\stim048_animate_insect_bug_4.png	3	19	1	bug_4	0	39		NaN	0	0		0	0	1053.763097	1053.863089	0.0999922
178841.25	0.0999962	1920	stimuli/non_foods\stim151_inanimate_tools_pan_3.png	3	19	1	pan_3	0	207		NaN	0	0		0	0	1053.913093	1054.013089	0.0999962
178878.75	0.0999854	1921	stimuli/foods\corncob.jpg	3	19	1	corncob	1	93	NF_051	1	0	0		0	0	1054.063098	1054.163083	0.0999854
178916.25	0.0999701	1922	stimuli/foods\donut.jpg	3	19	1	donut	1	105	TF_032	0	0	0		0	0	1054.213121	1054.313091	0.0999701
178953.75	0.0999874	1923	stimuli/foods\minestrone_soup.jpg	3	19	1	minestrone_soup	1	187	TF_160	0	0	0		0	0	1054.363102	1054.46309	0.0999874
178991.25	0.0999966	1924	stimuli/non_foods\stim041_animate_insect_ant_1.png	3	19	1	ant_1	0	1		NaN	0	0		0	0	1054.513094	1054.61309	0.0999966
179028.75	0.0999922	1925	stimuli/foods\pepperoni_pizza.jpg	3	19	1	pepperoni_pizza	1	229	TF_106	0	0	0		0	0	1054.663097	1054.76309	0.0999922
179066.25	0.0999826	1926	stimuli/foods\cannoli.jpg	3	19	1	cannoli	1	54	TF_022	0	0	0		0	0	1054.813101	1054.913083	0.0999826
179103.75	0.0999897	1927	stimuli/foods\lamb_chops.jpg	3	19	1	lamb_chops	1	173	TF_040	0	0	0		0	0	1054.963096	1055.063086	0.0999897
179141.25	0.0999886	1928	stimuli/foods\spaghetti_with_meat_sauce.jpg	3	19	1	spaghetti_with_meat_sauce	1	275	TF_137	0	0	0		0	0	1055.113098	1055.213086	0.0999886
179178.75	0.0999925	1929	stimuli/non_foods\stim016_animate_bird_peacock_4.png	3	19	1	peacock_4	0	222		NaN	0	0		0	0	1055.263092	1055.363085	0.0999925
179216.25	0.0999958	1930	stimuli/non_foods\stim111_inanimate_furniture_closet_3.png	3	19	1	closet_3	0	83		NaN	0	0		0	0	1055.413085	1055.513081	0.0999958
179253.75	0.0999933	1931	stimuli/non_foods\stim023_animate_human_baby_3.png	3	19	1	baby_3	0	12		NaN	0	0		0	0	1055.563087	1055.66308	0.0999933
179291.25	0.0999873	1932	stimuli/foods\fruit_pie.jpg	3	19	1	fruit_pie	1	128	TF_147	0	0	0		0	0	1055.71309	1055.813077	0.0999873
179328.75	0.1000007	1933	stimuli/foods\peas.jpg	3	19	1	peas	1	224	NF_081	1	0	0		0	0	1055.86309	1055.96309	0.1000007
179366.25	0.0999678	1934	stimuli/foods\meatballs.jpg	3	19	1	meatballs	1	186	TF_112	0	0	0		0	0	1056.01311	1056.113077	0.0999678
179403.75	0.099999	1935	stimuli/non_foods\stim057_animate_insect_grasshopper_1.png	3	19	1	grasshopper_1	0	143		NaN	0	0		0	0	1056.163079	1056.263078	0.099999
179441.25	0.0999893	1936	stimuli/foods\mushroom.jpg	3	19	1	mushroom	1	194	NF_039	1	0	0		0	0	1056.313086	1056.413075	0.0999893
179478.75	0.0999976	1937	stimuli/non_foods\stim070_animate_mammal_kangaroo_2.png	3	19	1	kangaroo_2	0	169		NaN	0	0		0	0	1056.463076	1056.563073	0.0999976
179516.25	0.0999911	1938	stimuli/foods\blue_cheese.jpg	3	19	1	blue_cheese	1	25	TF_066	0	0	0		0	0	1056.613083	1056.713074	0.0999911
179553.75	0.0999871	1939	stimuli/foods\mussels.jpg	3	19	1	mussels	1	195	TF_042	0	0	0		0	0	1056.763086	1056.863073	0.0999871
179591.25	0.0999932	1940	stimuli/non_foods\stim125_inanimate_plants_cactus_1.png	3	19	1	cactus_1	0	49		NaN	0	0		0	0	1056.913076	1057.013069	0.0999932
179628.75	0.0999762	1941	stimuli/foods\wafer.jpg	3	19	1	wafer	1	307	TF_155	0	0	0		0	0	1057.063093	1057.163069	0.0999762
179666.25	0.0999904	1942	stimuli/foods\cracker.jpg	3	19	1	cracker	1	98	TF_043	0	1	0		0	0	1057.213076	1057.313066	0.0999904
179703.75	0.0999988	1943	stimuli/non_foods\stim155_inanimate_tools_scissors_3.png	3	19	1	scissors_3	0	260		NaN	0	0		0	0	1057.363069	1057.463068	0.0999988
179741.25	0.0999933	1944	stimuli/non_foods\stim091_inanimate_clothing_jeans_3.png	3	19	1	jeans_3	0	166		NaN	0	1	s	0.3921168	1	1057.513073	1057.613066	0.0999933
179778.75	0.1000194	1945	stimuli/non_foods\stim127_inanimate_plants_cactus_3.png	3	19	1	cactus_3	0	51		NaN	0	0		0	0	1057.663075	1057.763095	0.1000194
179816.25	0.0999843	1946	stimuli/foods\steak.jpg	3	19	1	steak	1	283	TF_013	0	0	0		0	0	1057.813074	1057.913058	0.0999843
179853.75	0.0999993	1947	stimuli/non_foods\stim032_animate_human_clown_4.png	3	19	1	clown_4	0	88		NaN	0	0		0	0	1057.963063	1058.063062	0.0999993
179891.25	0.09999	1948	stimuli/foods\spinach.jpg	3	19	1	spinach	1	277	NF_094	1	0	0		0	0	1058.113071	1058.213061	0.09999
179928.75	0.0999953	1949	stimuli/non_foods\stim105_inanimate_furniture_chair_1.png	3	19	1	chair_1	0	60		NaN	0	0		0	0	1058.263067	1058.363063	0.0999953
179966.25	0.0999897	1950	stimuli/foods\artichoke.jpg	3	19	1	artichoke	1	7	NF_018	1	0	0		0	0	1058.413066	1058.513056	0.0999897
180003.75	0.1000042	1951	stimuli/foods\orange.jpg	3	19	1	orange	1	201	NF_008	1	0	0		0	0	1058.563068	1058.663072	0.1000042
180041.25	0.0999892	1952	stimuli/foods\raw_sausage.jpg	3	19	1	raw_sausage	1	243	TF_131	0	0	0		0	0	1058.713065	1058.813054	0.0999892
180078.75	0.0999971	1953	stimuli/non_foods\stim028_animate_human_child_4.png	3	19	1	child_4	0	73		NaN	0	0		0	0	1058.863056	1058.963053	0.0999971
180116.25	0.0999886	1954	stimuli/non_foods\stim114_inanimate_furniture_sofa_2.png	3	19	1	sofa_2	0	272		NaN	0	0		0	0	1059.013063	1059.113052	0.0999886
180153.75	0.0999904	1955	stimuli/foods\cream_donuts.jpg	3	19	1	cream_donuts	1	99	TF_014	0	0	0		0	0	1059.163061	1059.263052	0.0999904
180191.25	0.0999946	1956	stimuli/non_foods\stim107_inanimate_furniture_chair_3.png	3	19	1	chair_3	0	62		NaN	0	0		0	0	1059.313058	1059.413053	0.0999946
180228.75	0.0999683	1957	stimuli/foods\roasted_chicken.jpg	3	19	1	roasted_chicken	1	253	TF_109	0	0	0		0	0	1059.463096	1059.563064	0.0999683
180266.25	0.0999947	1958	stimuli/non_foods\stim081_inanimate_clothing_gloves_1.png	3	19	1	gloves_1	0	136		NaN	0	0		0	0	1059.613054	1059.713049	0.0999947
180303.75	0.0999977	1959	stimuli/non_foods\stim124_inanimate_plants_bush_4.png	3	19	1	bush_4	0	43		NaN	0	0		0	0	1059.763053	1059.863051	0.0999977
180341.25	0.0999957	1960	stimuli/non_foods\stim026_animate_human_child_2.png	3	19	1	child_2	0	71		NaN	0	0		0	0	1059.91305	1060.013046	0.0999957
180378.75	0.0999957	1961	stimuli/non_foods\stim115_inanimate_furniture_sofa_3.png	3	19	1	sofa_3	0	273		NaN	0	0		0	0	1060.063049	1060.163045	0.0999957
180416.25	0.0999859	1962	stimuli/foods\strawberry.jpg	3	19	1	strawberry	1	285	NF_037	1	0	0		0	0	1060.213056	1060.313042	0.0999859
180453.75	0.0999915	1963	stimuli/foods\potato_chips.jpg	3	19	1	potato_chips	1	236	TF_097	0	0	0		0	0	1060.363051	1060.463042	0.0999915
180491.25	0.1000175	1964	stimuli/non_foods\stim130_inanimate_plants_sunflower_2.png	3	19	1	sunflower_2	0	287		NaN	0	0		0	0	1060.513045	1060.613063	0.1000175
180528.75	0.0999872	1965	stimuli/foods\risotto_with_peas_and_asparagus_tips.jpg	3	19	1	risotto_with_peas_and_asparagus_tips	1	252	TF_123	0	0	0		0	0	1060.663051	1060.763038	0.0999872
180566.25	0.0999958	1966	stimuli/non_foods\stim128_inanimate_plants_cactus_4.png	3	19	1	cactus_4	0	52		NaN	0	0		0	0	1060.813044	1060.91304	0.0999958
180603.75	0.1000007	1967	stimuli/non_foods\stim159_inanimate_tools_wrench_3.png	3	19	1	wrench_3	0	312		NaN	0	0		0	0	1060.963038	1061.063039	0.1000007
180641.25	0.1000003	1968	stimuli/non_foods\stim036_animate_human_faces_4.png	3	19	1	faces_4	0	120		NaN	0	0		0	0	1061.11304	1061.213041	0.1000003
180678.75	0.0999622	1969	stimuli/foods\cabbage.jpg	3	19	1	cabbage	1	48	NF_025	1	0	0		0	0	1061.263075	1061.363037	0.0999622
180716.25	0.0999886	1970	stimuli/foods\ginger_root.jpg	3	19	1	ginger_root	1	131	NF_088	1	0	0		0	0	1061.413045	1061.513033	0.0999886
180753.75	0.0999962	1971	stimuli/non_foods\stim149_inanimate_tools_pan_1.png	3	19	1	pan_1	0	205		NaN	0	0		0	0	1061.563033	1061.663029	0.0999962
180791.25	0.0999942	1972	stimuli/non_foods\stim033_animate_human_faces_1.png	3	19	1	faces_1	0	117		NaN	0	0		0	0	1061.713038	1061.813033	0.0999942
180828.75	0.0999927	1973	stimuli/non_foods\stim136_inanimate_plants_tree_4.png	3	19	1	tree_4	0	302		NaN	0	0		0	0	1061.863035	1061.963028	0.0999927
180866.25	0.0999892	1974	stimuli/foods\garlic.jpg	3	19	1	garlic	1	130	NF_001	1	0	0		0	0	1062.013039	1062.113029	0.0999892
180903.75	0.0999977	1975	stimuli/non_foods\stim154_inanimate_tools_scissors_2.png	3	19	1	scissors_2	0	259		NaN	0	0		0	0	1062.163029	1062.263027	0.0999977
180941.25	0.0999928	1976	stimuli/non_foods\stim095_inanimate_clothing_shirt_3.png	3	19	1	shirt_3	0	264		NaN	0	0		0	0	1062.313032	1062.413025	0.0999928
180978.75	0.0999691	1977	stimuli/foods\pumpkin.jpg	3	19	1	pumpkin	1	239	NF_101	1	0	0		0	0	1062.463059	1062.563029	0.0999691
181016.25	0.0999954	1978	stimuli/non_foods\stim060_animate_insect_grasshopper_4.png	3	19	1	grasshopper_4	0	146		NaN	0	0		0	0	1062.613027	1062.713022	0.0999954
181053.75	0.0999916	1979	stimuli/foods\kiwi.jpg	3	19	1	kiwi	1	172	NF_044	1	0	0		0	0	1062.763034	1062.863026	0.0999916
181091.25	0.1000121	1980	stimuli/non_foods\stim077_animate_mammal_rhino_1.png	3	19	1	rhino_1	0	246		NaN	0	0		0	0	1062.913027	1063.013039	0.1000121
181128.75	0.0999698	1981	stimuli/non_foods\stim049_animate_insect_butterfly_1.png	3	19	1	butterfly_1	0	44		NaN	0	0		0	0	1063.063047	1063.163017	0.0999698
181166.25	0.0999912	1982	stimuli/foods\octopus.jpg	3	19	1	octopus	1	198	TF_113	0	0	0		0	0	1063.213028	1063.313019	0.0999912
181203.75	0.0999932	1983	stimuli/non_foods\stim116_inanimate_furniture_sofa_4.png	3	19	1	sofa_4	0	274		NaN	0	0		0	0	1063.363023	1063.463017	0.0999932
181241.25	0.0999957	1984	stimuli/non_foods\stim050_animate_insect_butterfly_2.png	3	19	1	butterfly_2	0	45		NaN	0	0		0	0	1063.513023	1063.613019	0.0999957
181278.75	0.0999896	1985	stimuli/foods\dates.jpg	3	19	1	dates	1	104	NF_032	1	0	0		0	0	1063.663026	1063.763016	0.0999896
181316.25	0.1000857	1986	stimuli/non_foods\stim027_animate_human_child_3.png	3	19	1	child_3	0	72		NaN	0	0		0	0	1063.813018	1063.913104	0.1000857
181353.75	0.0999864	1987	stimuli/foods\hotdog.jpg	3	19	1	hotdog	1	161	TF_070	0	0	0		0	0	1063.963027	1064.063013	0.0999864
181391.25	0.099998	1988	stimuli/non_foods\stim148_inanimate_tools_hammer_4.png	3	19	1	hammer_4	0	154		NaN	0	0		0	0	1064.113015	1064.213013	0.099998
181428.75	0.0999923	1989	stimuli/foods\mandarin.jpg	3	19	1	mandarin	1	184	NF_052	1	0	0		0	0	1064.263023	1064.363015	0.0999923
181466.25	0.0999882	1990	stimuli/foods\rice_cake.jpg	3	19	1	rice_cake	1	251	TF_059	0	0	0		0	0	1064.413021	1064.513009	0.0999882
181503.75	0.0999916	1991	stimuli/foods\stew_with_potatoes_and_carrots.jpg	3	19	1	stew_with_potatoes_and_carrots	1	284	TF_139	0	0	0		0	0	1064.563015	1064.663007	0.0999916
181541.25	0.1000232	1992	stimuli/non_foods\stim100_inanimate_clothing_socks_4.png	3	19	1	socks_4	0	270		NaN	0	0		0	0	1064.713012	1064.813035	0.1000232
181578.75	0.0999533	1993	stimuli/non_foods\stim029_animate_human_clown_1.png	3	19	1	clown_1	0	85		NaN	0	0		0	0	1064.863055	1064.963008	0.0999533
181616.25	0.0999903	1994	stimuli/foods\spring_onions.jpg	3	19	1	spring_onions	1	282	NF_086	1	0	0		0	0	1065.013014	1065.113004	0.0999903
181653.75	0.0999884	1995	stimuli/foods\pear.jpg	3	19	1	pear	1	223	NF_077	1	0	0		0	0	1065.163016	1065.263004	0.0999884
181691.25	0.099997	1996	stimuli/non_foods\stim120_inanimate_furniture_table_4.png	3	19	1	table_4	0	294		NaN	0	0		0	0	1065.313003	1065.413	0.099997
181728.75	0.0999972	1997	stimuli/non_foods\stim067_animate_mammal_giraffe_3.png	3	19	1	giraffe_3	0	134		NaN	0	0		0	0	1065.463005	1065.563002	0.0999972
181766.25	0.0999866	1998	stimuli/foods\fruit_flan.jpg	3	19	1	fruit_flan	1	127	TF_093	0	0	0		0	0	1065.61301	1065.712996	0.0999866
181803.75	0.0999899	1999	stimuli/foods\carrot.jpg	3	19	1	carrot	1	56	NF_019	1	0	0		0	0	1065.763007	1065.862997	0.0999899
181841.25	0.099956	2000	stimuli/foods\toast.jpg	3	19	1	toast	1	296	TF_053	0	0	0		0	0	1065.913043	1066.012999	0.099956
181878.75	0.0999644	2001	stimuli/foods\licorice.jpg	3	19	1	licorice	1	179	TF_078	0	0	0		0	0	1066.063007	1066.162972	0.0999644
181916.25	0.0999893	2002	stimuli/foods\tomato.jpg	3	19	1	tomato	1	298	NF_084	1	0	0		0	0	1066.213008	1066.312997	0.0999893
181953.75	0.0999907	2003	stimuli/foods\bagel.jpg	3	19	1	bagel	1	14	TF_005	0	0	0		0	0	1066.363005	1066.462996	0.0999907
181991.25	0.1000039	2004	stimuli/non_foods\stim141_inanimate_tools_broom_1.png	3	19	1	broom_1	0	30		NaN	0	0		0	0	1066.512998	1066.613002	0.1000039
182028.75	0.0999852	2005	stimuli/non_foods\stim152_inanimate_tools_pan_4.png	3	19	1	pan_4	0	208		NaN	0	0		0	0	1066.663006	1066.762992	0.0999852
182066.25	0.09999	2006	stimuli/non_foods\stim003_animate_bird_chicken_3.png	3	19	1	chicken_3	0	68		NaN	0	0		0	0	1066.812996	1066.912986	0.09999
182103.75	0.0999904	2007	stimuli/foods\red_cabbage.jpg	3	19	1	red_cabbage	1	245	NF_023	1	0	0		0	0	1066.962999	1067.06299	0.0999904
182141.25	0.0999954	2008	stimuli/non_foods\stim139_inanimate_plants_tulip_3.png	3	19	1	tulip_3	0	305		NaN	0	0		0	0	1067.11299	1067.212985	0.0999954
182178.75	0.0999952	2009	stimuli/non_foods\stim007_animate_bird_duck_3.png	3	19	1	duck_3	0	113		NaN	0	0		0	0	1067.262989	1067.362984	0.0999952
182216.25	0.0999147	2010	stimuli/foods\pineapple.jpg	3	19	1	pineapple	1	231	NF_004	1	0	0		0	0	1067.413075	1067.51299	0.0999147
182253.75	0.0999906	2011	stimuli/non_foods\stim014_animate_bird_peacock_2.png	3	19	1	peacock_2	0	220		NaN	0	0		0	0	1067.562994	1067.662984	0.0999906
182291.25	0.0999774	2012	stimuli/foods\mortadella.jpg	3	19	1	mortadella	1	192	TF_083	0	0	0		0	0	1067.713003	1067.81298	0.0999774
182328.75	0.0999865	2013	stimuli/foods\baked_lamb_with_potatoes.jpg	3	19	1	baked_lamb_with_potatoes	1	17	TF_001	0	0	0		0	0	1067.862995	1067.962982	0.0999865
182366.25	0.0999945	2014	stimuli/non_foods\stim012_animate_bird_parrot_4.png	3	19	1	parrot_4	0	215		NaN	0	0		0	0	1068.012986	1068.11298	0.0999945
182403.75	0.0999874	2015	stimuli/foods\chocolate_chip_cookies.jpg	3	19	1	chocolate_chip_cookies	1	76	TF_010	0	0	0		0	0	1068.162991	1068.262979	0.0999874
182441.25	0.1000064	2016	stimuli/foods\rockmelon.jpg	3	19	1	rockmelon	1	254	NF_060	1	0	0		0	0	1068.312994	1068.413	0.1000064
182478.75	0.0999882	2017	stimuli/foods\cinnamon_sroll.jpg	3	19	1	cinnamon_sroll	1	80	TF_021	0	0	0		0	0	1068.462989	1068.562977	0.0999882
182516.25	0.0999986	2018	stimuli/non_foods\stim059_animate_insect_grasshopper_3.png	3	19	1	grasshopper_3	0	145		NaN	0	0		0	0	1068.612977	1068.712975	0.0999986
182553.75	0.0999918	2019	stimuli/non_foods\stim020_animate_bird_penguin_4.png	3	19	1	penguin_4	0	228		NaN	0	0		0	0	1068.76298	1068.862972	0.0999918
182591.25	0.0999912	2020	stimuli/non_foods\stim093_inanimate_clothing_shirt_1.png	3	19	1	shirt_1	0	262		NaN	0	0		0	0	1068.91298	1069.012971	0.0999912
182628.75	0.0999906	2021	stimuli/foods\cucumber.jpg	3	19	1	cucumber	1	101	NF_026	1	0	0		0	0	1069.062983	1069.162973	0.0999906
182666.25	0.0999962	2022	stimuli/non_foods\stim140_inanimate_plants_tulip_4.png	3	19	1	tulip_4	0	306		NaN	0	0		0	0	1069.212974	1069.31297	0.0999962
182703.75	0.0999934	2023	stimuli/non_foods\stim009_animate_bird_parrot_1.png	3	19	1	parrot_1	0	212		NaN	0	0		0	0	1069.362975	1069.462969	0.0999934
182741.25	0.0999955	2024	stimuli/non_foods\stim006_animate_bird_duck_2.png	3	19	1	duck_2	0	112		NaN	0	0		0	0	1069.512969	1069.612965	0.0999955
182778.75	0.0999951	2025	stimuli/non_foods\stim137_inanimate_plants_tulip_1.png	3	19	1	tulip_1	0	303		NaN	0	0		0	0	1069.66297	1069.762965	0.0999951
182816.25	0.099998	2026	stimuli/non_foods\stim010_animate_bird_parrot_2.png	3	19	1	parrot_2	0	213		NaN	0	0		0	0	1069.812969	1069.912967	0.099998
182853.75	0.0999956	2027	stimuli/non_foods\stim108_inanimate_furniture_chair_4.png	3	19	1	chair_4	0	63		NaN	0	0		0	0	1069.962974	1070.062969	0.0999956
182891.25	0.0999937	2028	stimuli/foods\chocolate_pudding.jpg	3	19	1	chocolate_pudding	1	78	TF_018	0	0	0		0	0	1070.112998	1070.212992	0.0999937
182928.75	0.0999902	2029	stimuli/non_foods\stim096_inanimate_clothing_shirt_4.png	3	19	1	shirt_4	0	265		NaN	0	0		0	0	1070.26297	1070.36296	0.0999902
182966.25	0.0999869	2030	stimuli/foods\grilled_chicken_breast.jpg	3	19	1	grilled_chicken_breast	1	149	TF_104	0	0	0		0	0	1070.412972	1070.512958	0.0999869
183003.75	0.0999944	2031	stimuli/non_foods\stim025_animate_human_child_1.png	3	19	1	child_1	0	70		NaN	0	0		0	0	1070.562964	1070.662958	0.0999944
183041.25	0.0999911	2032	stimuli/non_foods\stim133_inanimate_plants_tree_1.png	3	19	1	tree_1	0	299		NaN	0	0		0	0	1070.712963	1070.812954	0.0999911
183078.75	0.0999954	2033	stimuli/non_foods\stim102_inanimate_furniture_bed_2.png	3	19	1	bed_2	0	20		NaN	0	0		0	0	1070.862962	1070.962958	0.0999954
183116.25	0.1000028	2034	stimuli/non_foods\stim034_animate_human_faces_2.png	3	19	1	faces_2	0	118		NaN	0	0		0	0	1071.012962	1071.112965	0.1000028
183153.75	0.1000002	2035	stimuli/foods\celery.jpg	3	19	1	celery	1	58	NF_092	1	0	0		0	0	1071.162966	1071.262966	0.1000002
183191.25	0.0999903	2036	stimuli/foods\brownie.jpg	3	19	1	brownie	1	34	TF_011	0	0	0		0	0	1071.312963	1071.412953	0.0999903
183228.75	0.0999906	2037	stimuli/non_foods\stim129_inanimate_plants_sunflower_1.png	3	19	1	sunflower_1	0	286		NaN	0	0		0	0	1071.46296	1071.562951	0.0999906
185812	0.1166504	2038	stimuli/foods\minestrone_soup.jpg	4	20	0	minestrone_soup	1	187	TF_160	0	0	NaN	f	0.459423	1	1081.796218	1081.912868	0.1166504
186212	0.11665	2039	stimuli/foods\prawn.jpg	4	20	0	prawn	1	238	NF_041	1	0	NaN	a	0.4644553	1	1083.396209	1083.512859	0.11665
186549.5	0.1166525	2040	stimuli/foods\nectarine.jpg	4	20	0	nectarine	1	196	NF_078	1	0	NaN	a	0.4944599	1	1084.746194	1084.862846	0.1166525
186953.75	0.1166466	2041	stimuli/foods\almonds.jpg	4	20	0	almonds	1	0	NF_053	1	0	NaN	a	0.4177787	1	1086.362853	1086.479499	0.1166466
187337	0.1166467	2042	stimuli/foods\fried_calamari.jpg	4	20	0	fried_calamari	1	124	TF_020	0	0	NaN	f	0.4325038	1	1087.896174	1088.012821	0.1166467
187787	0.1166508	2043	stimuli/foods\egg.jpg	4	20	0	egg	1	115	NF_095	1	0	NaN	a	0.3865525	1	1089.696155	1089.812806	0.1166508
188120.25	0.116674	2044	stimuli/foods\bread.jpg	4	20	0	bread	1	26	TF_089	0	0	NaN	f	0.367155	1	1091.029477	1091.146151	0.116674
188441.25	0.1166494	2045	stimuli/foods\mango.jpg	4	20	0	mango	1	185	NF_054	1	0	NaN	a	0.330898	1	1092.312801	1092.42945	0.1166494
188816.25	0.1166484	2046	stimuli/foods\strawberry.jpg	4	20	0	strawberry	1	285	NF_037	1	0	NaN	a	0.3168536	1	1093.812791	1093.929439	0.1166484
189237	0.1166445	2047	stimuli/foods\smoked_ham.jpg	4	20	0	smoked_ham	1	266	TF_118	0	0	NaN	f	0.3155439	1	1095.496112	1095.612757	0.1166445
189603.75	0.1166516	2048	stimuli/foods\fruit_pie.jpg	4	20	0	fruit_pie	1	128	TF_147	0	0	NaN	f	0.4688722	1	1096.962768	1097.07942	0.1166516
189945.25	0.1166512	2049	stimuli/foods\omelette.jpg	4	20	0	omelette	1	199	TF_057	0	0	NaN	f	0.3232136	1	1098.329421	1098.446072	0.1166512
190320.25	0.1166547	2050	stimuli/foods\rice.jpg	4	20	0	rice	1	250	TF_121	0	0	NaN	f	0.4382347	1	1099.829408	1099.946063	0.1166547
190691.25	0.116649	2051	stimuli/foods\cinnamon.jpg	4	20	0	cinnamon	1	79	NF_017	1	0	NaN	f	0.2889258	0	1101.31273	1101.429379	0.116649
190991.25	0.1166508	2052	stimuli/foods\donut.jpg	4	20	0	donut	1	105	TF_032	0	0	NaN	f	0.4659049	1	1102.512717	1102.629368	0.1166508
191399.5	0.1166492	2053	stimuli/foods\avocado.jpg	4	20	0	avocado	1	9	NF_012	1	0	NaN	a	0.2976106	1	1104.146039	1104.262688	0.1166492
191766.25	0.1166519	2054	stimuli/foods\toast.jpg	4	20	0	toast	1	296	TF_053	0	0	NaN	f	0.4019423	1	1105.612694	1105.729346	0.1166519
192103.75	0.1166555	2055	stimuli/foods\brussel_sprouts.jpg	4	20	0	brussel_sprouts	1	35	NF_021	1	0	NaN	a	0.4029658	1	1106.96268	1107.079336	0.1166555
192507.75	0.1166455	2056	stimuli/foods\spaghetti_with_olives_and_capers.jpg	4	20	0	spaghetti_with_olives_and_capers	1	276	TF_135	0	0	NaN	a	0.4163181	0	1108.579339	1108.695984	0.1166455
192882.75	0.1166341	2057	stimuli/foods\peach.jpg	4	20	0	peach	1	218	NF_079	1	0	NaN	a	0.2963218	1	1110.079341	1110.195975	0.1166341
193253.75	0.1166343	2058	stimuli/foods\roasted_chicken.jpg	4	20	0	roasted_chicken	1	253	TF_109	0	0	NaN	f	0.6350302	1	1111.562662	1111.679296	0.1166343
193670.25	0.116662	2059	stimuli/foods\capsicum.jpg	4	20	0	capsicum	1	55	NF_076	1	0	NaN	a	0.4013425	1	1113.229299	1113.345961	0.116662
198012	0.1166397	2060	stimuli/foods\bread_roll.jpg	4	21	0	bread_roll	1	27	TF_090	0	0	NaN	a	0.5768807	0	1130.595836	1130.712475	0.1166397
198399.5	0.1166418	2061	stimuli/foods\pork_loin_with_peas.jpg	4	21	0	pork_loin_with_peas	1	234	TF_003	0	0	NaN	f	0.4858458	1	1132.145821	1132.262463	0.1166418
198857.75	0.1166569	2062	stimuli/foods\chilli.jpg	4	21	0	chilli	1	74	NF_073	1	0	NaN	f	0.2775218	0	1133.979125	1134.095782	0.1166569
199203.75	0.1166507	2063	stimuli/foods\beetroots.jpg	4	21	0	beetroots	1	23	NF_015	1	0	NaN	a	0.5172212	1	1135.362454	1135.479104	0.1166507
199666.25	0.1166395	2064	stimuli/foods\cupcake.jpg	4	21	0	cupcake	1	102	TF_050	0	0	NaN	f	0.4672547	1	1137.21244	1137.329079	0.1166395
200024.5	0.1166488	2065	stimuli/foods\lollies.jpg	4	21	0	lollies	1	183	TF_026	0	0	NaN	f	0.500901	1	1138.645763	1138.762411	0.1166488
200366.25	0.1166498	2066	stimuli/foods\rockmelon.jpg	4	21	0	rockmelon	1	254	NF_060	1	0	NaN	a	0.3712421	1	1140.012417	1140.129067	0.1166498
200699.5	0.1166562	2067	stimuli/foods\oven-roasted_tomatoes.jpg	4	21	0	oven-roasted_tomatoes	1	203	TF_114	0	0	NaN	a	0.4099278	0	1141.345732	1141.462388	0.1166562
201024.5	0.1166546	2068	stimuli/foods\chocolate_pudding.jpg	4	21	0	chocolate_pudding	1	78	TF_018	0	0	NaN	f	0.3989704	1	1142.645723	1142.762378	0.1166546
201391.25	0.1166483	2069	stimuli/foods\spring_onions.jpg	4	21	0	spring_onions	1	282	NF_086	1	0	NaN	a	0.3592797	1	1144.112384	1144.229032	0.1166483
201745.25	0.1166359	2070	stimuli/foods\pork_and_rice.jpg	4	21	0	pork_and_rice	1	233	TF_080	0	0	NaN	f	0.3956295	1	1145.529051	1145.645687	0.1166359
202116.25	0.1166456	2071	stimuli/foods\pickles.jpg	4	21	0	pickles	1	230	TF_134	0	0	NaN	a	0.3433781	0	1147.012362	1147.129008	0.1166456
202537	0.1166501	2072	stimuli/foods\oregano.jpg	4	21	0	oregano	1	202	NF_066	1	0	NaN	f	0.4709489	0	1148.695682	1148.812333	0.1166501
202891.25	0.11665	2073	stimuli/foods\baked_cod_with_carrots_and_green_beans.jpg	4	21	0	baked_cod_with_carrots_and_green_beans	1	16	TF_082	0	0	NaN	f	0.4063135	1	1150.112334	1150.228984	0.11665
203316.25	0.1166175	2074	stimuli/foods\mushroom.jpg	4	21	0	mushroom	1	194	NF_039	1	0	NaN	f	0.2883924	0	1151.812354	1151.928971	0.1166175
203607.75	0.1166709	2075	stimuli/foods\croissant.jpg	4	21	0	croissant	1	100	TF_037	0	0	NaN	f	0.6306751	1	1152.978976	1153.095647	0.1166709
203991.25	0.1166487	2076	stimuli/foods\toasted_bread_with_tomatoes.jpg	4	21	0	toasted_bread_with_tomatoes	1	297	TF_017	0	0	NaN	f	0.545368	1	1154.5123	1154.628949	0.1166487
204395.25	0.1166485	2077	stimuli/foods\banana.jpg	4	21	0	banana	1	18	NF_013	1	0	NaN	a	0.4536887	1	1156.128953	1156.245602	0.1166485
204770.25	0.1166229	2078	stimuli/foods\cucumber.jpg	4	21	0	cucumber	1	101	NF_026	1	0	NaN	a	0.2987902	1	1157.628961	1157.745584	0.1166229
205132.75	0.1166382	2079	stimuli/foods\dates.jpg	4	21	0	dates	1	104	NF_032	1	0	NaN	a	0.5417436	1	1159.07893	1159.195568	0.1166382
205591.25	0.1166284	2080	stimuli/foods\cauliflower.jpg	4	21	0	cauliflower	1	57	NF_022	1	0	NaN	a	0.429451	1	1160.912268	1161.028896	0.1166284
205932.75	0.1166944	2081	stimuli/foods\steak.jpg	4	21	0	steak	1	283	TF_013	0	0	NaN	f	0.5507172	1	1162.278903	1162.395597	0.1166944
207199.5	0.1166434	2082	stimuli/foods\honey.jpg	4	22	0	honey	1	160	NF_062	1	0	NaN		-99	0	1167.345527	1167.46217	0.1166434
208199.5	0.1165785	2083	stimuli/foods\taco.jpg	4	22	0	taco	1	295	TF_141	0	0	NaN	f	0.8511932	1	1171.345564	1171.462143	0.1165785
208724.5	0.1166466	2084	stimuli/foods\eggplant.jpg	4	22	0	eggplant	1	116	NF_059	1	0	NaN	a	0.4281987	1	1173.445481	1173.562127	0.1166466
209112	0.1166462	2085	stimuli/foods\hamburger.jpg	4	22	0	hamburger	1	150	TF_069	0	0	NaN	f	0.4291725	1	1174.99547	1175.112117	0.1166462
209437	0.1166484	2086	stimuli/foods\pasta_carbonara.jpg	4	22	0	pasta_carbonara	1	216	TF_027	0	0	NaN	f	0.3941858	1	1176.295454	1176.412102	0.1166484
209782.75	0.116651	2087	stimuli/foods\garlic.jpg	4	22	0	garlic	1	130	NF_001	1	0	NaN	a	0.434921	1	1177.678776	1177.795427	0.116651
210157.75	0.1166508	2088	stimuli/foods\spinach.jpg	4	22	0	spinach	1	277	NF_094	1	0	NaN	a	0.3168961	1	1179.178763	1179.295414	0.1166508
210466.25	0.1166524	2089	stimuli/foods\fruit_flan.jpg	4	22	0	fruit_flan	1	127	TF_093	0	0	NaN	f	0.3785734	1	1180.412092	1180.528744	0.1166524
210887	0.1166487	2090	stimuli/foods\chocolate_bar.jpg	4	22	0	chocolate_bar	1	75	TF_033	0	0	NaN	f	0.4082931	1	1182.09541	1182.212059	0.1166487
211282.75	0.1166488	2091	stimuli/foods\fruit_salad.jpg	4	22	0	fruit_salad	1	129	NF_043	1	0	NaN	f	0.5019306	0	1183.678728	1183.795377	0.1166488
211628.75	0.1166419	2092	stimuli/foods\coconut.jpg	4	22	0	coconut	1	89	NF_030	1	0	NaN	a	0.5616321	1	1185.062064	1185.178706	0.1166419
212053.75	0.1166474	2093	stimuli/foods\mussels.jpg	4	22	0	mussels	1	195	TF_042	0	0	NaN	f	0.5216647	1	1186.762037	1186.878684	0.1166474
212428.75	0.1166195	2094	stimuli/foods\raw_ham.jpg	4	22	0	raw_ham	1	242	TF_117	0	0	NaN	f	0.5317126	1	1188.262052	1188.378671	0.1166195
212841.25	0.1166529	2095	stimuli/foods\cinnamon_sroll.jpg	4	22	0	cinnamon_sroll	1	80	TF_021	0	0	NaN	f	0.4496426	1	1189.912009	1190.028662	0.1166529
213220.25	0.1166453	2096	stimuli/foods\rice_cake.jpg	4	22	0	rice_cake	1	251	TF_059	0	0	NaN	a	0.6890399	0	1191.428664	1191.545309	0.1166453
213620.25	0.1166481	2097	stimuli/foods\lasagna.jpg	4	22	0	lasagna	1	174	TF_076	0	0	NaN	f	0.6560208	1	1193.028656	1193.145304	0.1166481
214012	0.116631	2098	stimuli/foods\cannoli.jpg	4	22	0	cannoli	1	54	TF_022	0	0	NaN	f	0.3663884	1	1194.595316	1194.711947	0.116631
214399.5	0.1166473	2099	stimuli/foods\blackberry.jpg	4	22	0	blackberry	1	24	NF_063	1	0	NaN	a	0.5193783	1	1196.145298	1196.261945	0.1166473
214820.25	0.1166312	2100	stimuli/foods\pumpkin.jpg	4	22	0	pumpkin	1	239	NF_101	1	0	NaN	a	0.3910763	1	1197.828635	1197.945266	0.1166312
215157.75	0.1166365	2101	stimuli/foods\papaya.jpg	4	22	0	papaya	1	210	NF_069	1	0	NaN	a	0.3460618	1	1199.178617	1199.295253	0.1166365
215482.75	0.1166537	2102	stimuli/foods\watermelon.jpg	4	22	0	watermelon	1	309	NF_005	1	0	NaN	a	0.3220773	1	1200.47859	1200.595243	0.1166537
215803.75	0.1166824	2103	stimuli/foods\fries.jpg	4	22	0	fries	1	126	TF_094	0	0	NaN	f	0.3497015	1	1201.76191	1201.878592	0.1166824
217587	0.1166504	2104	stimuli/foods\red_beans.jpg	4	23	0	red_beans	1	244	NF_033	1	0	NaN	a	0.6054807	1	1208.895191	1209.011841	0.1166504
218012	0.1166415	2105	stimuli/foods\parmesan_cheese.jpg	4	23	0	parmesan_cheese	1	211	TF_091	0	0	NaN	f	0.4744915	1	1210.595184	1210.711826	0.1166415
218445.25	0.1166487	2106	stimuli/foods\apple.jpg	4	23	0	apple	1	5	NF_055	1	0	NaN	a	0.3551802	1	1212.328497	1212.445146	0.1166487
218749.5	0.1166467	2107	stimuli/foods\linguine_with_clams.jpg	4	23	0	linguine_with_clams	1	181	TF_077	0	0	NaN	f	0.4165391	1	1213.545155	1213.661802	0.1166467
219116	0.1166515	2108	stimuli/foods\potato_chips.jpg	4	23	0	potato_chips	1	236	TF_097	0	0	NaN	a	0.4208967	0	1215.011805	1215.128457	0.1166515
219557.75	0.1166407	2109	stimuli/foods\raisins.jpg	4	23	0	raisins	1	241	NF_096	1	0	NaN	a	0.3702113	1	1216.77847	1216.89511	0.1166407
219957.75	0.1166486	2110	stimuli/foods\pancakes.jpg	4	23	0	pancakes	1	209	TF_058	0	0	NaN	f	0.3012349	1	1218.378447	1218.495095	0.1166486
220349.5	0.1166499	2111	stimuli/foods\lentils.jpg	4	23	0	lentils	1	177	NF_047	1	0	NaN	a	0.7025647	1	1219.945101	1220.061751	0.1166499
220791	0.1166503	2112	stimuli/foods\potato_and_green_bean_salad.jpg	4	23	0	potato_and_green_bean_salad	1	235	TF_072	0	0	NaN	f	0.4809292	1	1221.711753	1221.828404	0.1166503
221220.25	0.1166462	2113	stimuli/foods\kiwi.jpg	4	23	0	kiwi	1	172	NF_044	1	0	NaN	a	0.5332695	1	1223.428408	1223.545054	0.1166462
221691	0.1166496	2114	stimuli/foods\baked_lamb_with_potatoes.jpg	4	23	0	baked_lamb_with_potatoes	1	17	TF_001	0	0	NaN	f	0.4769552	1	1225.311725	1225.428375	0.1166496
222141	0.1166493	2115	stimuli/foods\cooked_ham.jpg	4	23	0	cooked_ham	1	91	TF_116	0	0	NaN	f	0.4959667	1	1227.11171	1227.22836	0.1166493
222491	0.1166439	2116	stimuli/foods\red_cabbage.jpg	4	23	0	red_cabbage	1	245	NF_023	1	0	NaN	a	0.4999984	1	1228.511703	1228.628347	0.1166439
222874.5	0.1166562	2117	stimuli/foods\cereal.jpg	4	23	0	cereal	1	59	TF_028	0	0	NaN	a	0.3826635	0	1230.045004	1230.16166	0.1166562
223228.5	0.1166483	2118	stimuli/foods\brie.jpg	4	23	0	brie	1	28	TF_016	0	0	NaN	f	0.6480522	1	1231.461674	1231.578322	0.1166483
223620.25	0.1166485	2119	stimuli/foods\coffee_beans.jpg	4	23	0	coffee_beans	1	90	TF_029	0	0	NaN	f	0.5743674	1	1233.028328	1233.144976	0.1166485
223999.5	0.1166648	2120	stimuli/foods\baguette.jpg	4	23	0	baguette	1	15	TF_006	0	0	NaN	f	0.4376655	1	1234.54498	1234.661645	0.1166648
224366	0.1166658	2121	stimuli/foods\onion.jpg	4	23	0	onion	1	200	NF_029	1	0	NaN	a	0.4880244	1	1236.011638	1236.128304	0.1166658
224824.5	0.1166517	2122	stimuli/foods\nougat.jpg	4	23	0	nougat	1	197	TF_144	0	0	NaN	f	0.5657559	1	1237.844954	1237.961606	0.1166517
225278.5	0.1166494	2123	stimuli/foods\lime.jpg	4	23	0	lime	1	180	NF_048	1	0	NaN	a	0.4860675	1	1239.661608	1239.778257	0.1166494
225674.5	0.1166545	2124	stimuli/foods\corncob.jpg	4	23	0	corncob	1	93	NF_051	1	0	NaN	a	0.3657258	1	1241.24493	1241.361585	0.1166545
226037	0.1166352	2125	stimuli/foods\hotdog.jpg	4	23	0	hotdog	1	161	TF_070	0	0	NaN	f	0.4987639	1	1242.694933	1242.811568	0.1166352
229474.5	0.116649	2126	stimuli/foods\radish.jpg	4	24	0	radish	1	240	NF_090	1	0	NaN	a	0.3888574	1	1256.444807	1256.561456	0.116649
229891	0.1166393	2127	stimuli/foods\pea_pod.jpg	4	24	0	pea_pod	1	217	NF_082	1	0	NaN	a	0.2972239	1	1258.11146	1258.228099	0.1166393
230207.75	0.1166584	2128	stimuli/foods\tomato.jpg	4	24	0	tomato	1	298	NF_084	1	0	NaN	a	0.3866291	1	1259.378106	1259.494765	0.1166584
230524.5	0.1166489	2129	stimuli/foods\licorice.jpg	4	24	0	licorice	1	179	TF_078	0	0	NaN	a	0.455913	0	1260.644772	1260.761421	0.1166489
230882.75	0.116648	2130	stimuli/foods\green_beans.jpg	4	24	0	green_beans	1	147	NF_034	1	0	NaN	a	0.4476514	1	1262.078095	1262.194743	0.116648
231332.75	0.1166589	2131	stimuli/foods\risotto_with_peas_and_asparagus_tips.jpg	4	24	0	risotto_with_peas_and_asparagus_tips	1	252	TF_123	0	0	NaN	f	0.4315914	1	1263.878069	1263.994728	0.1166589
231674.5	0.1166236	2132	stimuli/foods\pepperoni_pizza.jpg	4	24	0	pepperoni_pizza	1	229	TF_106	0	0	NaN	f	0.3899685	1	1265.244753	1265.361377	0.1166236
232087	0.1166487	2133	stimuli/foods\grapes.jpg	4	24	0	grapes	1	142	NF_098	1	0	NaN	a	0.3869637	1	1266.894722	1267.01137	0.1166487
232453.5	0.1166567	2134	stimuli/foods\stew_with_potatoes_and_carrots.jpg	4	24	0	stew_with_potatoes_and_carrots	1	284	TF_139	0	0	NaN	f	0.3963221	1	1268.361376	1268.478033	0.1166567
232807.75	0.1166737	2135	stimuli/foods\lemon_meringue_pie.jpg	4	24	0	lemon_meringue_pie	1	176	TF_151	0	0	NaN	f	0.6496227	1	1269.778032	1269.894705	0.1166737
233282.75	0.1166558	2136	stimuli/foods\pear.jpg	4	24	0	pear	1	223	NF_077	1	0	NaN	a	0.3906315	1	1271.67802	1271.794676	0.1166558
233607.75	0.1166558	2137	stimuli/foods\salmon.jpg	4	24	0	salmon	1	256	TF_130	0	0	NaN	f	0.5136666	1	1272.977998	1273.094654	0.1166558
233962	0.1166132	2138	stimuli/foods\figs.jpg	4	24	0	figs	1	122	NF_035	1	0	NaN	a	0.4640808	1	1274.394698	1274.511311	0.1166132
234416	0.1166486	2139	stimuli/foods\lobster.jpg	4	24	0	lobster	1	182	NF_007	1	0	NaN	a	0.7083761	1	1276.211316	1276.327965	0.1166486
234912	0.1166475	2140	stimuli/foods\gnocchi.jpg	4	24	0	gnocchi	1	140	TF_064	0	0	NaN	f	0.4940599	1	1278.194632	1278.311279	0.1166475
235324.5	0.1166547	2141	stimuli/foods\meatballs.jpg	4	24	0	meatballs	1	186	TF_112	0	0	NaN	f	0.3040736	1	1279.844614	1279.961268	0.1166547
235732.75	0.1166637	2142	stimuli/foods\fried_zucchini.jpg	4	24	0	fried_zucchini	1	125	TF_159	0	0	NaN	f	0.2897065	1	1281.477928	1281.594592	0.1166637
236078.5	0.1166417	2143	stimuli/foods\cabbage.jpg	4	24	0	cabbage	1	48	NF_025	1	0	NaN	a	0.4244629	1	1282.861267	1282.977909	0.1166417
236437	0.1166748	2144	stimuli/foods\mortadella.jpg	4	24	0	mortadella	1	192	TF_083	0	0	NaN	f	0.4880715	1	1284.294583	1284.411257	0.1166748
236832.75	0.116666	2145	stimuli/foods\waffle.jpg	4	24	0	waffle	1	308	TF_030	0	0	NaN	f	0.4067933	1	1285.877888	1285.994554	0.116666
237212	0.1166484	2146	stimuli/foods\brownie.jpg	4	24	0	brownie	1	34	TF_011	0	0	NaN	f	0.4691437	1	1287.394558	1287.511206	0.1166484
237628.5	0.1166493	2147	stimuli/foods\dried_figs.jpg	4	24	0	dried_figs	1	110	TF_054	0	0	NaN	f	0.3464764	1	1289.06121	1289.177859	0.1166493
238703.5	0.1166502	2148	stimuli/foods\peas.jpg	4	25	0	peas	1	224	NF_081	1	0	NaN	a	0.5125215	1	1293.361175	1293.477826	0.1166502
239062	0.1166031	2149	stimuli/foods\swordfish.jpg	4	25	0	swordfish	1	290	TF_101	0	0	NaN	f	0.4061721	1	1294.794546	1294.911149	0.1166031
239428.5	0.1166505	2150	stimuli/foods\apricot.jpg	4	25	0	apricot	1	6	NF_002	1	0	NaN	a	0.5185159	1	1296.261154	1296.377804	0.1166505
239882.75	0.1166541	2151	stimuli/foods\oyster.jpg	4	25	0	oyster	1	204	NF_067	1	0	NaN	f	0.3988892	0	1298.0778	1298.194454	0.1166541
240228.5	0.1166528	2152	stimuli/foods\frankfurters.jpg	4	25	0	frankfurters	1	123	TF_156	0	0	NaN	f	0.4915574	1	1299.461122	1299.577775	0.1166528
240578.5	0.1166476	2153	stimuli/foods\lamb_chops.jpg	4	25	0	lamb_chops	1	173	TF_040	0	0	NaN	f	0.4055639	1	1300.861115	1300.977762	0.1166476
240916	0.11665	2154	stimuli/foods\celery.jpg	4	25	0	celery	1	58	NF_092	1	0	NaN	a	0.3665887	1	1302.211095	1302.327745	0.11665
241349.5	0.1166503	2155	stimuli/foods\spaghetti_with_meat_sauce.jpg	4	25	0	spaghetti_with_meat_sauce	1	275	TF_137	0	0	NaN	f	0.5012703	1	1303.944425	1304.061075	0.1166503
241774.5	0.1166489	2156	stimuli/foods\museli_bars.jpg	4	25	0	museli_bars	1	193	TF_008	0	0	NaN	f	0.6953225	1	1305.644409	1305.761058	0.1166489
242216	0.1166489	2157	stimuli/foods\wafer.jpg	4	25	0	wafer	1	307	TF_155	0	0	NaN	f	0.4366289	1	1307.411063	1307.527712	0.1166489
242645.25	0.1166701	2158	stimuli/foods\chocolate_chip_cookies.jpg	4	25	0	chocolate_chip_cookies	1	76	TF_010	0	0	NaN	f	0.3829361	1	1309.127707	1309.244378	0.1166701
243012	0.1166462	2159	stimuli/foods\blue_cheese.jpg	4	25	0	blue_cheese	1	25	TF_066	0	0	NaN	f	0.3483551	1	1310.594371	1310.711018	0.1166462
243332.75	0.1166726	2160	stimuli/foods\chocolate_pralines.jpg	4	25	0	chocolate_pralines	1	77	TF_035	0	0	NaN	f	0.3309764	1	1311.877692	1311.994364	0.1166726
243703.5	0.1166491	2161	stimuli/foods\carrot.jpg	4	25	0	carrot	1	56	NF_019	1	0	NaN	a	0.5336669	1	1313.361017	1313.477666	0.1166491
244124.5	0.1166511	2162	stimuli/foods\orange.jpg	4	25	0	orange	1	201	NF_008	1	0	NaN	a	0.3713549	1	1315.044332	1315.160983	0.1166511
244462	0.1166467	2163	stimuli/foods\fennel.jpg	4	25	0	fennel	1	121	NF_036	1	0	NaN	a	0.3523522	1	1316.394325	1316.510972	0.1166467
244878.5	0.1166378	2164	stimuli/foods\savory_pie.jpg	4	25	0	savory_pie	1	257	TF_146	0	0	NaN	f	0.3796974	1	1318.060988	1318.177626	0.1166378
245266	0.1166701	2165	stimuli/foods\octopus.jpg	4	25	0	octopus	1	198	TF_113	0	0	NaN	f	0.4037244	1	1319.610964	1319.727634	0.1166701
245666	0.116647	2166	stimuli/foods\lemon.jpg	4	25	0	lemon	1	175	NF_049	1	0	NaN	a	0.3797576	1	1321.210954	1321.327601	0.116647
246066	0.1166528	2167	stimuli/foods\bagel.jpg	4	25	0	bagel	1	14	TF_005	0	0	NaN	f	0.431854	1	1322.810937	1322.92759	0.1166528
246487	0.1166529	2168	stimuli/foods\chestnut.jpg	4	25	0	chestnut	1	65	NF_020	1	0	NaN	a	0.4704311	1	1324.494263	1324.610916	0.1166529
246916	0.1166494	2169	stimuli/foods\potatoes.jpg	4	25	0	potatoes	1	237	NF_071	1	0	NaN	a	0.394776	1	1326.210911	1326.32756	0.1166494
249528.5	0.116639	2170	stimuli/foods\raw_sausage.jpg	4	26	0	raw_sausage	1	243	TF_131	0	0	NaN	a	0.9638646	0	1336.660829	1336.777468	0.116639
250032.75	0.116664	2171	stimuli/foods\lettuce.jpg	4	26	0	lettuce	1	178	NF_046	1	0	NaN	a	0.5031662	1	1338.677478	1338.794142	0.116664
250378.5	0.1166526	2172	stimuli/foods\pomegranate.jpg	4	26	0	pomegranate	1	232	NF_058	1	0	NaN	a	0.5449083	1	1340.060798	1340.177451	0.1166526
250807.75	0.116553	2173	stimuli/foods\ice_cream_sandwich.jpg	4	26	0	ice_cream_sandwich	1	163	TF_061	0	0	NaN	f	0.6223184	1	1341.77755	1341.894103	0.116553
251245.25	0.1166504	2174	stimuli/foods\grilled_chicken_breast.jpg	4	26	0	grilled_chicken_breast	1	149	TF_104	0	0	NaN	f	0.3873406	1	1343.527431	1343.644082	0.1166504
251620.25	0.1166283	2175	stimuli/foods\cream_donuts.jpg	4	26	0	cream_donuts	1	99	TF_014	0	0	NaN	f	0.3982847	1	1345.027455	1345.144084	0.1166283
251945.25	0.1166515	2176	stimuli/foods\salami.jpg	4	26	0	salami	1	255	TF_127	0	0	NaN	f	0.6512836	1	1346.327416	1346.444067	0.1166515
252403.5	0.1166514	2177	stimuli/foods\grapefruits.jpg	4	26	0	grapefruits	1	141	NF_085	1	0	NaN	a	0.4300395	1	1348.160734	1348.277386	0.1166514
252766	0.1166502	2178	stimuli/foods\cooked_prawn.jpg	4	26	0	cooked_prawn	1	92	TF_060	0	0	NaN	a	0.5509535	0	1349.610724	1349.727374	0.1166502
253186.75	0.1166499	2179	stimuli/foods\cracker.jpg	4	26	0	cracker	1	98	TF_043	0	0	NaN	f	0.4926663	1	1351.294044	1351.410694	0.1166499
253586.75	0.1166531	2180	stimuli/foods\broccoli.jpg	4	26	0	broccoli	1	29	NF_016	1	0	NaN	a	0.391673	1	1352.894028	1353.010681	0.1166531
253999.25	0.1166384	2181	stimuli/foods\ice_cream.jpg	4	26	0	ice_cream	1	162	TF_062	0	0	NaN	f	0.8476779	1	1354.544029	1354.660667	0.1166384
254470.25	0.1166495	2182	stimuli/foods\mandarin.jpg	4	26	0	mandarin	1	184	NF_052	1	0	NaN	a	0.4233489	1	1356.427336	1356.543985	0.1166495
254916	0.1166483	2183	stimuli/foods\cuttlefish.jpg	4	26	0	cuttlefish	1	103	NF_093	1	0	NaN	a	0.6290349	1	1358.210655	1358.327303	0.1166483
255324.25	0.1166485	2184	stimuli/foods\cherry.jpg	4	26	0	cherry	1	64	NF_027	1	0	NaN	a	0.427715	1	1359.843974	1359.960623	0.1166485
255753.5	0.1166528	2185	stimuli/foods\green_olives.jpg	4	26	0	green_olives	1	148	TF_085	0	0	NaN	a	0.3190666	0	1361.560627	1361.67728	0.1166528
256174.25	0.1166221	2186	stimuli/foods\ginger_root.jpg	4	26	0	ginger_root	1	131	NF_088	1	0	NaN	a	0.5097721	1	1363.243948	1363.36057	0.1166221
256628.5	0.1166565	2187	stimuli/foods\hazelnuts.jpg	4	26	0	hazelnuts	1	159	NF_065	1	0	NaN	a	0.3970823	1	1365.060598	1365.177255	0.1166565
256961.75	0.1166504	2188	stimuli/foods\artichoke.jpg	4	26	0	artichoke	1	7	NF_018	1	0	NaN	a	0.494792	1	1366.393921	1366.510571	0.1166504
257420.25	0.1166487	2189	stimuli/foods\pineapple.jpg	4	26	0	pineapple	1	231	NF_004	1	0	NaN	a	0.3544609	1	1368.227239	1368.343887	0.1166487
257732.75	0.1166503	2190	stimuli/foods\asparagus.jpg	4	26	0	asparagus	1	8	NF_010	1	0	NaN	a	0.3754811	1	1369.477223	1369.593874	0.1166503
258057.75	0.1166575	2191	stimuli/foods\calamari.jpg	4	26	0	calamari	1	53	TF_019	0	0	NaN	f	0.4465158	1	1370.777213	1370.89387	0.1166575
260324.25	0.1000114	2192	stimuli/foods\kiwi.jpg	5	27	1	kiwi	1	172	NF_044	1	0	0		0	0	1379.843809	1379.943821	0.1000114
260361.75	0.0999965	2193	stimuli/foods\nougat.jpg	5	27	1	nougat	1	197	TF_144	0	0	0		0	0	1379.993796	1380.093792	0.0999965
260399.25	0.0999905	2194	stimuli/non_foods\stim134_inanimate_plants_tree_2.png	5	27	1	tree_2	0	300		NaN	0	0		0	0	1380.143801	1380.243791	0.0999905
260436.75	0.099996	2195	stimuli/non_foods\stim034_animate_human_faces_2.png	5	27	1	faces_2	0	118		NaN	0	0		0	0	1380.293795	1380.393791	0.099996
260474.25	0.0999921	2196	stimuli/foods\smoked_ham.jpg	5	27	1	smoked_ham	1	266	TF_118	0	0	0		0	0	1380.443798	1380.54379	0.0999921
260511.75	0.0999907	2197	stimuli/non_foods\stim086_inanimate_clothing_hat_2.png	5	27	1	hat_2	0	156		NaN	0	0		0	0	1380.593796	1380.693787	0.0999907
260549.25	0.0999978	2198	stimuli/non_foods\stim099_inanimate_clothing_socks_3.png	5	27	1	socks_3	0	269		NaN	0	0		0	0	1380.743789	1380.843787	0.0999978
260586.75	0.1000012	2199	stimuli/foods\cupcake.jpg	5	27	1	cupcake	1	102	TF_050	0	0	0		0	0	1380.893786	1380.993788	0.1000012
260624.25	0.099989	2200	stimuli/foods\calamari.jpg	5	27	1	calamari	1	53	TF_019	0	0	0		0	0	1381.043795	1381.143784	0.099989
260661.75	0.0999934	2201	stimuli/non_foods\stim129_inanimate_plants_sunflower_1.png	5	27	1	sunflower_1	0	286		NaN	0	0		0	0	1381.19379	1381.293783	0.0999934
260699.25	0.0999901	2202	stimuli/foods\gnocchi.jpg	5	27	1	gnocchi	1	140	TF_064	0	0	0		0	0	1381.343796	1381.443786	0.0999901
260736.75	0.0999913	2203	stimuli/foods\fruit_flan.jpg	5	27	1	fruit_flan	1	127	TF_093	0	0	0		0	0	1381.493792	1381.593783	0.0999913
260774.25	0.100032	2204	stimuli/non_foods\stim074_animate_mammal_monkey_2.png	5	27	1	monkey_2	0	189		NaN	0	0		0	0	1381.643778	1381.74381	0.100032
260811.75	0.0999961	2205	stimuli/non_foods\stim118_inanimate_furniture_table_2.png	5	27	1	table_2	0	292		NaN	0	0		0	0	1381.793786	1381.893782	0.0999961
260849.25	0.0999895	2206	stimuli/foods\linguine_with_clams.jpg	5	27	1	linguine_with_clams	1	181	TF_077	0	0	0		0	0	1381.943789	1382.043778	0.0999895
260886.75	0.0999879	2207	stimuli/foods\ginger_root.jpg	5	27	1	ginger_root	1	131	NF_088	1	0	0		0	0	1382.093789	1382.193777	0.0999879
260924.25	0.0999871	2208	stimuli/foods\orange.jpg	5	27	1	orange	1	201	NF_008	1	0	0		0	0	1382.243787	1382.343775	0.0999871
260961.75	0.0999902	2209	stimuli/foods\prawn.jpg	5	27	1	prawn	1	238	NF_041	1	0	0		0	0	1382.393785	1382.493775	0.0999902
260999.25	0.099998	2210	stimuli/non_foods\stim149_inanimate_tools_pan_1.png	5	27	1	pan_1	0	205		NaN	0	0		0	0	1382.543776	1382.643774	0.099998
261036.75	0.1000054	2211	stimuli/foods\fries.jpg	5	27	1	fries	1	126	TF_094	0	0	0		0	0	1382.693782	1382.793787	0.1000054
261074.25	0.0999871	2212	stimuli/foods\rice_cake.jpg	5	27	1	rice_cake	1	251	TF_059	0	0	0		0	0	1382.843783	1382.94377	0.0999871
261111.75	0.099995	2213	stimuli/non_foods\stim063_animate_mammal_cow_3.png	5	27	1	cow_3	0	96		NaN	1	0		0	0	1382.993777	1383.093772	0.099995
261149.25	0.0999969	2214	stimuli/non_foods\stim097_inanimate_clothing_socks_1.png	5	27	1	socks_1	0	267		NaN	0	0		0	0	1383.143774	1383.243771	0.0999969
261186.75	0.1000025	2215	stimuli/non_foods\stim124_inanimate_plants_bush_4.png	5	27	1	bush_4	0	43		NaN	0	0		0	0	1383.293767	1383.39377	0.1000025
261224.25	0.1000081	2216	stimuli/non_foods\stim145_inanimate_tools_hammer_1.png	5	27	1	hammer_1	0	151		NaN	0	1	a	0.4422924	1	1383.443757	1383.543765	0.1000081
261261.75	0.0999911	2217	stimuli/foods\lemon.jpg	5	27	1	lemon	1	175	NF_049	1	0	0		0	0	1383.593776	1383.693767	0.0999911
261299.25	0.0999881	2218	stimuli/foods\pork_and_rice.jpg	5	27	1	pork_and_rice	1	233	TF_080	0	0	0		0	0	1383.743773	1383.843761	0.0999881
261336.75	0.0999973	2219	stimuli/non_foods\stim061_animate_mammal_cow_1.png	5	27	1	cow_1	0	94		NaN	0	0		0	0	1383.893766	1383.993763	0.0999973
261374.25	0.0999995	2220	stimuli/non_foods\stim136_inanimate_plants_tree_4.png	5	27	1	tree_4	0	302		NaN	0	0		0	0	1384.043763	1384.143763	0.0999995
261411.75	0.099989	2221	stimuli/foods\egg.jpg	5	27	1	egg	1	115	NF_095	1	0	0		0	0	1384.19377	1384.293759	0.099989
261449.25	0.0999924	2222	stimuli/non_foods\stim087_inanimate_clothing_hat_3.png	5	27	1	hat_3	0	157		NaN	0	0		0	0	1384.343764	1384.443757	0.0999924
261486.75	0.0999962	2223	stimuli/non_foods\stim001_animate_bird_chicken_1.png	5	27	1	chicken_1	0	66		NaN	0	0		0	0	1384.493764	1384.59376	0.0999962
261524.25	0.0999869	2224	stimuli/foods\spring_onions.jpg	5	27	1	spring_onions	1	282	NF_086	1	0	0		0	0	1384.64377	1384.743757	0.0999869
261561.75	0.099997	2225	stimuli/non_foods\stim057_animate_insect_grasshopper_1.png	5	27	1	grasshopper_1	0	143		NaN	0	0		0	0	1384.79376	1384.893757	0.099997
261599.25	0.0999946	2226	stimuli/non_foods\stim098_inanimate_clothing_socks_2.png	5	27	1	socks_2	0	268		NaN	0	0		0	0	1384.943758	1385.043753	0.0999946
261636.75	0.0999821	2227	stimuli/foods\raw_ham.jpg	5	27	1	raw_ham	1	242	TF_117	0	0	0		0	0	1385.093762	1385.193744	0.0999821
261674.25	0.0999709	2228	stimuli/foods\waffle.jpg	5	27	1	waffle	1	308	TF_030	0	0	0		0	0	1385.24378	1385.343751	0.0999709
261711.75	0.0999958	2229	stimuli/non_foods\stim048_animate_insect_bug_4.png	5	27	1	bug_4	0	39		NaN	0	0		0	0	1385.393754	1385.493749	0.0999958
261749.25	0.0999912	2230	stimuli/foods\steak.jpg	5	27	1	steak	1	283	TF_013	0	0	0		0	0	1385.54376	1385.643751	0.0999912
261786.75	0.0999803	2231	stimuli/foods\baked_lamb_with_potatoes.jpg	5	27	1	baked_lamb_with_potatoes	1	17	TF_001	0	0	0		0	0	1385.693758	1385.793738	0.0999803
261824.25	0.0999976	2232	stimuli/non_foods\stim047_animate_insect_bug_3.png	5	27	1	bug_3	0	38		NaN	0	0		0	0	1385.843749	1385.943747	0.0999976
261861.75	0.100005	2233	stimuli/non_foods\stim011_animate_bird_parrot_3.png	5	27	1	parrot_3	0	214		NaN	0	0		0	0	1385.993741	1386.093746	0.100005
261899.25	0.0999914	2234	stimuli/foods\brussel_sprouts.jpg	5	27	1	brussel_sprouts	1	35	NF_021	1	0	0		0	0	1386.143753	1386.243744	0.0999914
261936.75	0.0999976	2235	stimuli/non_foods\stim126_inanimate_plants_cactus_2.png	5	27	1	cactus_2	0	50		NaN	0	0		0	0	1386.293745	1386.393743	0.0999976
261974.25	0.0999895	2236	stimuli/foods\pea_pod.jpg	5	27	1	pea_pod	1	217	NF_082	1	0	0		0	0	1386.443752	1386.543742	0.0999895
262011.75	0.0999961	2237	stimuli/non_foods\stim002_animate_bird_chicken_2.png	5	27	1	chicken_2	0	67		NaN	0	0		0	0	1386.593746	1386.693742	0.0999961
262049.25	0.099987	2238	stimuli/foods\lemon_meringue_pie.jpg	5	27	1	lemon_meringue_pie	1	176	TF_151	0	0	0		0	0	1386.743752	1386.843739	0.099987
262086.75	0.1000143	2239	stimuli/foods\rice.jpg	5	27	1	rice	1	250	TF_121	0	0	0		0	0	1386.893748	1386.993762	0.1000143
262124.25	0.0999453	2240	stimuli/foods\ice_cream.jpg	5	27	1	ice_cream	1	162	TF_062	0	0	0		0	0	1387.043792	1387.143737	0.0999453
262161.75	0.0999875	2241	stimuli/foods\cream_donuts.jpg	5	27	1	cream_donuts	1	99	TF_014	0	0	0		0	0	1387.193746	1387.293733	0.0999875
262199.25	0.0999933	2242	stimuli/non_foods\stim033_animate_human_faces_1.png	5	27	1	faces_1	0	117		NaN	0	0		0	0	1387.343741	1387.443734	0.0999933
262236.75	0.0999991	2243	stimuli/non_foods\stim139_inanimate_plants_tulip_3.png	5	27	1	tulip_3	0	305		NaN	0	0		0	0	1387.493736	1387.593735	0.0999991
262274.25	0.1000002	2244	stimuli/non_foods\stim066_animate_mammal_giraffe_2.png	5	27	1	giraffe_2	0	133		NaN	0	0		0	0	1387.643733	1387.743733	0.1000002
262311.75	0.0999977	2245	stimuli/non_foods\stim143_inanimate_tools_broom_3.png	5	27	1	broom_3	0	32		NaN	1	0		0	0	1387.79373	1387.893728	0.0999977
262349.25	0.0999908	2246	stimuli/foods\nectarine.jpg	5	27	1	nectarine	1	196	NF_078	1	0	0		0	0	1387.943741	1388.043732	0.0999908
262386.75	0.0999666	2247	stimuli/foods\cracker.jpg	5	27	1	cracker	1	98	TF_043	0	0	1	a	0.3921597	1	1388.09376	1388.193727	0.0999666
262424.25	0.0999918	2248	stimuli/foods\chocolate_chip_cookies.jpg	5	27	1	chocolate_chip_cookies	1	76	TF_010	0	0	0		0	0	1388.243735	1388.343727	0.0999918
262461.75	0.0999845	2249	stimuli/foods\cabbage.jpg	5	27	1	cabbage	1	48	NF_025	1	0	0		0	0	1388.393738	1388.493723	0.0999845
262499.25	0.0999957	2250	stimuli/non_foods\stim060_animate_insect_grasshopper_4.png	5	27	1	grasshopper_4	0	146		NaN	0	0		0	0	1388.543726	1388.643722	0.0999957
262536.75	0.0999902	2251	stimuli/non_foods\stim005_animate_bird_duck_1.png	5	27	1	duck_1	0	111		NaN	0	0		0	0	1388.693753	1388.793743	0.0999902
262574.25	0.1000028	2252	stimuli/non_foods\stim133_inanimate_plants_tree_1.png	5	27	1	tree_1	0	299		NaN	0	0		0	0	1388.843718	1388.943721	0.1000028
262611.75	0.0999944	2253	stimuli/non_foods\stim058_animate_insect_grasshopper_2.png	5	27	1	grasshopper_2	0	144		NaN	0	0		0	0	1388.993724	1389.093718	0.0999944
262649.25	0.0999888	2254	stimuli/foods\chestnut.jpg	5	27	1	chestnut	1	65	NF_020	1	0	0		0	0	1389.143731	1389.24372	0.0999888
262686.75	0.0999846	2255	stimuli/foods\green_beans.jpg	5	27	1	green_beans	1	147	NF_034	1	0	0		0	0	1389.293726	1389.39371	0.0999846
262724.25	0.0999976	2256	stimuli/non_foods\stim093_inanimate_clothing_shirt_1.png	5	27	1	shirt_1	0	262		NaN	0	0		0	0	1389.443721	1389.543719	0.0999976
262761.75	0.0999923	2257	stimuli/non_foods\stim106_inanimate_furniture_chair_2.png	5	27	1	chair_2	0	61		NaN	0	0		0	0	1389.593725	1389.693718	0.0999923
262799.25	0.0999972	2258	stimuli/non_foods\stim142_inanimate_tools_broom_2.png	5	27	1	broom_2	0	31		NaN	0	0		0	0	1389.743716	1389.843713	0.0999972
262836.75	0.0999692	2259	stimuli/foods\honey.jpg	5	27	1	honey	1	160	NF_062	1	0	0		0	0	1389.893743	1389.993713	0.0999692
262874.25	0.0999922	2260	stimuli/non_foods\stim117_inanimate_furniture_table_1.png	5	27	1	table_1	0	291		NaN	0	0		0	0	1390.043718	1390.14371	0.0999922
262911.75	0.0999899	2261	stimuli/foods\corncob.jpg	5	27	1	corncob	1	93	NF_051	1	0	0		0	0	1390.193721	1390.293711	0.0999899
262949.25	0.1000045	2262	stimuli/non_foods\stim092_inanimate_clothing_jeans_4.png	5	27	1	jeans_4	0	167		NaN	0	0		0	0	1390.343709	1390.443714	0.1000045
262986.75	0.1000221	2263	stimuli/non_foods\stim054_animate_insect_dragonfly_2.png	5	27	1	dragonfly_2	0	107		NaN	0	0		0	0	1390.49371	1390.593732	0.1000221
263024.25	0.0999926	2264	stimuli/foods\radish.jpg	5	27	1	radish	1	240	NF_090	1	0	0		0	0	1390.643716	1390.743708	0.0999926
263061.75	0.0999948	2265	stimuli/non_foods\stim041_animate_insect_ant_1.png	5	27	1	ant_1	0	1		NaN	0	0		0	0	1390.793711	1390.893706	0.0999948
263099.25	0.0999961	2266	stimuli/non_foods\stim084_inanimate_clothing_gloves_4.png	5	27	1	gloves_4	0	139		NaN	0	0		0	0	1390.94371	1391.043706	0.0999961
263136.75	0.0999923	2267	stimuli/foods\artichoke.jpg	5	27	1	artichoke	1	7	NF_018	1	0	0		0	0	1391.093714	1391.193706	0.0999923
263174.25	0.0999958	2268	stimuli/non_foods\stim135_inanimate_plants_tree_3.png	5	27	1	tree_3	0	301		NaN	0	0		0	0	1391.243706	1391.343702	0.0999958
263211.75	0.0999932	2269	stimuli/non_foods\stim077_animate_mammal_rhino_1.png	5	27	1	rhino_1	0	246		NaN	0	0		0	0	1391.393708	1391.493702	0.0999932
263249.25	0.0999855	2270	stimuli/foods\savory_pie.jpg	5	27	1	savory_pie	1	257	TF_146	0	0	0		0	0	1391.543715	1391.6437	0.0999855
263286.75	0.1000038	2271	stimuli/non_foods\stim008_animate_bird_duck_4.png	5	27	1	duck_4	0	114		NaN	0	0		0	0	1391.693703	1391.793707	0.1000038
263324.25	0.0999888	2272	stimuli/foods\figs.jpg	5	27	1	figs	1	122	NF_035	1	0	0		0	0	1391.84371	1391.943699	0.0999888
263361.75	0.0999955	2273	stimuli/non_foods\stim091_inanimate_clothing_jeans_3.png	5	27	1	jeans_3	0	166		NaN	0	0		0	0	1391.9937	1392.093696	0.0999955
263399.25	0.099993	2274	stimuli/non_foods\stim076_animate_mammal_monkey_4.png	5	27	1	monkey_4	0	191		NaN	0	0		0	0	1392.143704	1392.243697	0.099993
263436.75	0.10001	2275	stimuli/foods\oven-roasted_tomatoes.jpg	5	27	1	oven-roasted_tomatoes	1	203	TF_114	0	0	0		0	0	1392.293689	1392.393699	0.10001
263474.25	0.1000328	2276	stimuli/non_foods\stim089_inanimate_clothing_jeans_1.png	5	27	1	jeans_1	0	164		NaN	0	0		0	0	1392.443694	1392.543727	0.1000328
263511.75	0.0999621	2277	stimuli/foods\cooked_ham.jpg	5	27	1	cooked_ham	1	91	TF_116	0	0	0		0	0	1392.593729	1392.693691	0.0999621
263549.25	0.0999951	2278	stimuli/non_foods\stim127_inanimate_plants_cactus_3.png	5	27	1	cactus_3	0	51		NaN	0	0		0	0	1392.743695	1392.84369	0.0999951
263586.75	0.1000035	2279	stimuli/non_foods\stim102_inanimate_furniture_bed_2.png	5	27	1	bed_2	0	20		NaN	0	0		0	0	1392.893687	1392.993691	0.1000035
263624.25	0.0999788	2280	stimuli/foods\frankfurters.jpg	5	27	1	frankfurters	1	123	TF_156	0	0	0		0	0	1393.0437	1393.143679	0.0999788
263661.75	0.0999978	2281	stimuli/foods\grapefruits.jpg	5	27	1	grapefruits	1	141	NF_085	1	0	0		0	0	1393.193689	1393.293686	0.0999978
263699.25	0.0999991	2282	stimuli/foods\almonds.jpg	5	27	1	almonds	1	0	NF_053	1	0	0		0	0	1393.343689	1393.443688	0.0999991
263736.75	0.0999869	2283	stimuli/non_foods\stim140_inanimate_plants_tulip_4.png	5	27	1	tulip_4	0	306		NaN	0	0		0	0	1393.493687	1393.593674	0.0999869
263774.25	0.0999973	2284	stimuli/non_foods\stim138_inanimate_plants_tulip_2.png	5	27	1	tulip_2	0	304		NaN	0	0		0	0	1393.643689	1393.743686	0.0999973
263811.75	0.0999892	2285	stimuli/foods\licorice.jpg	5	27	1	licorice	1	179	TF_078	0	0	0		0	0	1393.793696	1393.893685	0.0999892
263849.25	0.0999905	2286	stimuli/foods\mandarin.jpg	5	27	1	mandarin	1	184	NF_052	1	0	0		0	0	1393.943691	1394.043681	0.0999905
263886.75	0.0999757	2287	stimuli/non_foods\stim153_inanimate_tools_scissors_1.png	5	27	1	scissors_1	0	258		NaN	0	0		0	0	1394.093703	1394.193679	0.0999757
263924.25	0.0999887	2288	stimuli/foods\cauliflower.jpg	5	27	1	cauliflower	1	57	NF_022	1	0	0		0	0	1394.243689	1394.343678	0.0999887
263961.75	0.0999983	2289	stimuli/non_foods\stim020_animate_bird_penguin_4.png	5	27	1	penguin_4	0	228		NaN	0	0		0	0	1394.393679	1394.493677	0.0999983
263999.25	0.0999975	2290	stimuli/foods\cucumber.jpg	5	27	1	cucumber	1	101	NF_026	1	0	0		0	0	1394.54368	1394.643678	0.0999975
264036.75	0.0999893	2291	stimuli/foods\watermelon.jpg	5	27	1	watermelon	1	309	NF_005	1	0	0		0	0	1394.693684	1394.793673	0.0999893
264074.25	0.0999861	2292	stimuli/non_foods\stim014_animate_bird_peacock_2.png	5	27	1	peacock_2	0	220		NaN	0	0		0	0	1394.843679	1394.943665	0.0999861
264111.75	0.0999927	2293	stimuli/non_foods\stim132_inanimate_plants_sunflower_4.png	5	27	1	sunflower_4	0	289		NaN	0	0		0	0	1394.993678	1395.09367	0.0999927
264149.25	0.0999903	2294	stimuli/foods\swordfish.jpg	5	27	1	swordfish	1	290	TF_101	0	0	0		0	0	1395.143681	1395.243672	0.0999903
264186.75	0.099973	2295	stimuli/non_foods\stim130_inanimate_plants_sunflower_2.png	5	27	1	sunflower_2	0	287		NaN	0	0		0	0	1395.293697	1395.39367	0.099973
264224.25	0.0999913	2296	stimuli/non_foods\stim121_inanimate_plants_bush_1.png	5	27	1	bush_1	0	40		NaN	0	0		0	0	1395.443677	1395.543668	0.0999913
264261.75	0.0999907	2297	stimuli/non_foods\stim049_animate_insect_butterfly_1.png	5	27	1	butterfly_1	0	44		NaN	0	0		0	0	1395.593675	1395.693666	0.0999907
264299.25	0.0999822	2298	stimuli/non_foods\stim096_inanimate_clothing_shirt_4.png	5	27	1	shirt_4	0	265		NaN	0	0		0	0	1395.743673	1395.843655	0.0999822
264336.75	0.0999688	2299	stimuli/foods\bread.jpg	5	27	1	bread	1	26	TF_089	0	1	0		0	0	1395.893695	1395.993664	0.0999688
264374.25	0.0999861	2300	stimuli/foods\fried_calamari.jpg	5	27	1	fried_calamari	1	124	TF_020	0	0	0		0	0	1396.043676	1396.143663	0.0999861
264411.75	0.0999858	2301	stimuli/foods\cooked_prawn.jpg	5	27	1	cooked_prawn	1	92	TF_060	0	0	0		0	0	1396.193674	1396.29366	0.0999858
264449.25	0.0999915	2302	stimuli/foods\spaghetti_with_meat_sauce.jpg	5	27	1	spaghetti_with_meat_sauce	1	275	TF_137	0	0	1	a	0.4422647	1	1396.34367	1396.443661	0.0999915
264486.75	0.0999936	2303	stimuli/non_foods\stim003_animate_bird_chicken_3.png	5	27	1	chicken_3	0	68		NaN	0	0		0	0	1396.493665	1396.593659	0.0999936
264524.25	0.0999945	2304	stimuli/non_foods\stim022_animate_human_baby_2.png	5	27	1	baby_2	0	11		NaN	0	0		0	0	1396.643668	1396.743662	0.0999945
264561.75	0.0999949	2305	stimuli/non_foods\stim059_animate_insect_grasshopper_3.png	5	27	1	grasshopper_3	0	145		NaN	0	0		0	0	1396.793661	1396.893656	0.0999949
264599.25	0.0999933	2306	stimuli/non_foods\stim111_inanimate_furniture_closet_3.png	5	27	1	closet_3	0	83		NaN	0	0		0	0	1396.943663	1397.043656	0.0999933
264636.75	0.100003	2307	stimuli/non_foods\stim016_animate_bird_peacock_4.png	5	27	1	peacock_4	0	222		NaN	0	0		0	0	1397.093655	1397.193658	0.100003
264674.25	0.1000047	2308	stimuli/non_foods\stim029_animate_human_clown_1.png	5	27	1	clown_1	0	85		NaN	0	0		0	0	1397.24365	1397.343654	0.1000047
264711.75	0.0999878	2309	stimuli/foods\grilled_chicken_breast.jpg	5	27	1	grilled_chicken_breast	1	149	TF_104	0	0	0		0	0	1397.393666	1397.493654	0.0999878
264749.25	0.1000158	2310	stimuli/non_foods\stim064_animate_mammal_cow_4.png	5	27	1	cow_4	0	97		NaN	0	0		0	0	1397.54365	1397.643666	0.1000158
264786.75	0.0999734	2311	stimuli/non_foods\stim115_inanimate_furniture_sofa_3.png	5	27	1	sofa_3	0	273		NaN	0	0		0	0	1397.693678	1397.793651	0.0999734
264824.25	0.0999937	2312	stimuli/non_foods\stim053_animate_insect_dragonfly_1.png	5	27	1	dragonfly_1	0	106		NaN	0	0		0	0	1397.843653	1397.943647	0.0999937
264861.75	0.09999	2313	stimuli/foods\red_beans.jpg	5	27	1	red_beans	1	244	NF_033	1	0	0		0	0	1397.993658	1398.093648	0.09999
264899.25	0.0999857	2314	stimuli/foods\meatballs.jpg	5	27	1	meatballs	1	186	TF_112	0	0	0		0	0	1398.14366	1398.243645	0.0999857
264936.75	0.0999889	2315	stimuli/foods\lobster.jpg	5	27	1	lobster	1	182	NF_007	1	0	0		0	0	1398.293655	1398.393644	0.0999889
264974.25	0.0999917	2316	stimuli/foods\pasta_carbonara.jpg	5	27	1	pasta_carbonara	1	216	TF_027	0	0	0		0	0	1398.443653	1398.543645	0.0999917
265011.75	0.0999885	2317	stimuli/non_foods\stim062_animate_mammal_cow_2.png	5	27	1	cow_2	0	95		NaN	0	0		0	0	1398.59365	1398.693638	0.0999885
265049.25	0.0999755	2318	stimuli/non_foods\stim027_animate_human_child_3.png	5	27	1	child_3	0	72		NaN	0	0		0	0	1398.743667	1398.843642	0.0999755
265086.75	0.0999898	2319	stimuli/non_foods\stim015_animate_bird_peacock_3.png	5	27	1	peacock_3	0	221		NaN	0	0		0	0	1398.893649	1398.993638	0.0999898
265124.25	0.0999932	2320	stimuli/non_foods\stim081_inanimate_clothing_gloves_1.png	5	27	1	gloves_1	0	136		NaN	0	0		0	0	1399.043645	1399.143638	0.0999932
265161.75	0.0999885	2321	stimuli/foods\capsicum.jpg	5	27	1	capsicum	1	55	NF_076	1	0	0		0	0	1399.193648	1399.293637	0.0999885
265199.25	0.1000087	2322	stimuli/non_foods\stim107_inanimate_furniture_chair_3.png	5	27	1	chair_3	0	62		NaN	0	0		0	0	1399.343648	1399.443657	0.1000087
265236.75	0.1000389	2323	stimuli/foods\broccoli.jpg	5	27	1	broccoli	1	29	NF_016	1	0	0		0	0	1399.493646	1399.593685	0.1000389
265274.25	0.0999967	2324	stimuli/non_foods\stim042_animate_insect_ant_2.png	5	27	1	ant_2	0	2		NaN	0	0		0	0	1399.643638	1399.743635	0.0999967
265311.75	0.1000003	2325	stimuli/non_foods\stim082_inanimate_clothing_gloves_2.png	5	27	1	gloves_2	0	137		NaN	0	0		0	0	1399.793632	1399.893632	0.1000003
265349.25	0.0999988	2326	stimuli/non_foods\stim090_inanimate_clothing_jeans_2.png	5	27	1	jeans_2	0	165		NaN	0	0		0	0	1399.943634	1400.043633	0.0999988
265386.75	0.0999871	2327	stimuli/foods\bagel.jpg	5	27	1	bagel	1	14	TF_005	0	0	0		0	0	1400.093642	1400.193629	0.0999871
265424.25	0.0999903	2328	stimuli/non_foods\stim125_inanimate_plants_cactus_1.png	5	27	1	cactus_1	0	49		NaN	0	0		0	0	1400.243638	1400.343628	0.0999903
265461.75	0.0999963	2329	stimuli/non_foods\stim128_inanimate_plants_cactus_4.png	5	27	1	cactus_4	0	52		NaN	0	0		0	0	1400.393636	1400.493632	0.0999963
265499.25	0.0999788	2330	stimuli/non_foods\stim137_inanimate_plants_tulip_1.png	5	27	1	tulip_1	0	303		NaN	0	0		0	0	1400.543645	1400.643624	0.0999788
265536.75	0.0999903	2331	stimuli/foods\toast.jpg	5	27	1	toast	1	296	TF_053	0	0	0		0	0	1400.693638	1400.793628	0.0999903
265574.25	0.0999978	2332	stimuli/non_foods\stim146_inanimate_tools_hammer_2.png	5	27	1	hammer_2	0	152		NaN	0	0		0	0	1400.843628	1400.943626	0.0999978
265611.75	0.0999867	2333	stimuli/foods\coffee_beans.jpg	5	27	1	coffee_beans	1	90	TF_029	0	0	0		0	0	1400.993636	1401.093622	0.0999867
265649.25	0.1000313	2334	stimuli/non_foods\stim157_inanimate_tools_wrench_1.png	5	27	1	wrench_1	0	310		NaN	0	0		0	0	1401.143621	1401.243652	0.1000313
265686.75	0.0999883	2335	stimuli/foods\chocolate_bar.jpg	5	27	1	chocolate_bar	1	75	TF_033	0	0	0		0	0	1401.293632	1401.39362	0.0999883
265724.25	0.0999912	2336	stimuli/foods\garlic.jpg	5	27	1	garlic	1	130	NF_001	1	0	0		0	0	1401.443628	1401.543619	0.0999912
265761.75	0.0999916	2337	stimuli/foods\chilli.jpg	5	27	1	chilli	1	74	NF_073	1	0	0		0	0	1401.593629	1401.693621	0.0999916
265799.25	0.0999951	2338	stimuli/non_foods\stim035_animate_human_faces_3.png	5	27	1	faces_3	0	119		NaN	0	0		0	0	1401.743623	1401.843618	0.0999951
265836.75	0.1000091	2339	stimuli/non_foods\stim160_inanimate_tools_wrench_4.png	5	27	1	wrench_4	0	313		NaN	0	0		0	0	1401.89361	1401.993619	0.1000091
265874.25	0.0999882	2340	stimuli/foods\museli_bars.jpg	5	27	1	museli_bars	1	193	TF_008	0	0	0		0	0	1402.043628	1402.143616	0.0999882
265911.75	0.1000152	2341	stimuli/non_foods\stim045_animate_insect_bug_1.png	5	27	1	bug_1	0	36		NaN	0	0		0	0	1402.193618	1402.293633	0.1000152
265949.25	0.0999715	2342	stimuli/non_foods\stim006_animate_bird_duck_2.png	5	27	1	duck_2	0	112		NaN	0	0		0	0	1402.343642	1402.443613	0.0999715
265986.75	0.0999948	2343	stimuli/non_foods\stim019_animate_bird_penguin_3.png	5	27	1	penguin_3	0	227		NaN	0	0		0	0	1402.493615	1402.59361	0.0999948
266024.25	0.0999912	2344	stimuli/foods\red_cabbage.jpg	5	27	1	red_cabbage	1	245	NF_023	1	0	0		0	0	1402.643624	1402.743615	0.0999912
266061.75	0.0999923	2345	stimuli/foods\blackberry.jpg	5	27	1	blackberry	1	24	NF_063	1	0	0		0	0	1402.79362	1402.893612	0.0999923
266099.25	0.0999546	2346	stimuli/foods\toasted_bread_with_tomatoes.jpg	5	27	1	toasted_bread_with_tomatoes	1	297	TF_017	0	0	0		0	0	1402.943653	1403.043607	0.0999546
266136.75	0.0999911	2347	stimuli/foods\lollies.jpg	5	27	1	lollies	1	183	TF_026	0	0	0		0	0	1403.093615	1403.193606	0.0999911
266174.25	0.0999997	2348	stimuli/non_foods\stim150_inanimate_tools_pan_2.png	5	27	1	pan_2	0	206		NaN	0	0		0	0	1403.243605	1403.343605	0.0999997
267495.25	0.0999882	2349	stimuli/non_foods\stim037_animate_human_sports_1.png	5	28	1	sports_1	0	278		NaN	0	0		0	0	1408.526909	1408.626897	0.0999882
267532.75	0.0999737	2350	stimuli/non_foods\stim065_animate_mammal_giraffe_1.png	5	28	1	giraffe_1	0	132		NaN	0	0		0	0	1408.676915	1408.776889	0.0999737
267570.25	0.0999951	2351	stimuli/non_foods\stim141_inanimate_tools_broom_1.png	5	28	1	broom_1	0	30		NaN	0	0		0	0	1408.82689	1408.926885	0.0999951
267607.75	0.0999888	2352	stimuli/non_foods\stim119_inanimate_furniture_table_3.png	5	28	1	table_3	0	293		NaN	0	0		0	0	1408.976899	1409.076888	0.0999888
267645.25	0.0999951	2353	stimuli/non_foods\stim040_animate_human_sports_4.png	5	28	1	sports_4	0	281		NaN	0	0		0	0	1409.126886	1409.226881	0.0999951
267682.75	0.0999983	2354	stimuli/non_foods\stim038_animate_human_sports_2.png	5	28	1	sports_2	0	279		NaN	0	0		0	0	1409.276887	1409.376885	0.0999983
267720.25	0.0999925	2355	stimuli/foods\beetroots.jpg	5	28	1	beetroots	1	23	NF_015	1	0	0		0	0	1409.426893	1409.526885	0.0999925
267757.75	0.0999915	2356	stimuli/non_foods\stim110_inanimate_furniture_closet_2.png	5	28	1	closet_2	0	82		NaN	0	0		0	0	1409.576899	1409.67689	0.0999915
267795.25	0.099972	2357	stimuli/foods\rockmelon.jpg	5	28	1	rockmelon	1	254	NF_060	1	0	0		0	0	1409.72689	1409.826862	0.099972
267832.75	0.0999876	2358	stimuli/foods\croissant.jpg	5	28	1	croissant	1	100	TF_037	0	0	0		0	0	1409.876891	1409.976879	0.0999876
267870.25	0.0999965	2359	stimuli/foods\blue_cheese.jpg	5	28	1	blue_cheese	1	25	TF_066	0	0	0		0	0	1410.026891	1410.126887	0.0999965
267907.75	0.0999865	2360	stimuli/foods\carrot.jpg	5	28	1	carrot	1	56	NF_019	1	0	0		0	0	1410.176887	1410.276873	0.0999865
267945.25	0.0999882	2361	stimuli/foods\strawberry.jpg	5	28	1	strawberry	1	285	NF_037	1	0	0		0	0	1410.326888	1410.426876	0.0999882
267982.75	0.0999361	2362	stimuli/foods\peas.jpg	5	28	1	peas	1	224	NF_081	1	0	0		0	0	1410.476947	1410.576883	0.0999361
268020.25	0.1000026	2363	stimuli/non_foods\stim004_animate_bird_chicken_4.png	5	28	1	chicken_4	0	69		NaN	0	0		0	0	1410.626876	1410.726878	0.1000026
268057.75	0.0999917	2364	stimuli/foods\pomegranate.jpg	5	28	1	pomegranate	1	232	NF_058	1	0	0		0	0	1410.776889	1410.876881	0.0999917
268095.25	0.0999868	2365	stimuli/foods\onion.jpg	5	28	1	onion	1	200	NF_029	1	0	0		0	0	1410.926891	1411.026878	0.0999868
268132.75	0.0999949	2366	stimuli/non_foods\stim018_animate_bird_penguin_2.png	5	28	1	penguin_2	0	226		NaN	0	0		0	0	1411.076882	1411.176877	0.0999949
268170.25	0.0999945	2367	stimuli/non_foods\stim100_inanimate_clothing_socks_4.png	5	28	1	socks_4	0	270		NaN	0	0		0	0	1411.226881	1411.326876	0.0999945
268207.75	0.0999892	2368	stimuli/foods\avocado.jpg	5	28	1	avocado	1	9	NF_012	1	0	0		0	0	1411.376885	1411.476874	0.0999892
268245.25	0.0999704	2369	stimuli/non_foods\stim071_animate_mammal_kangaroo_3.png	5	28	1	kangaroo_3	0	170		NaN	0	0		0	0	1411.526895	1411.626865	0.0999704
268282.75	0.1000114	2370	stimuli/non_foods\stim101_inanimate_furniture_bed_1.png	5	28	1	bed_1	0	19		NaN	1	0		0	0	1411.676862	1411.776874	0.1000114
268320.25	0.0999864	2371	stimuli/foods\coconut.jpg	5	28	1	coconut	1	89	NF_030	1	0	0		0	0	1411.826884	1411.92687	0.0999864
268357.75	0.0999977	2372	stimuli/non_foods\stim079_animate_mammal_rhino_3.png	5	28	1	rhino_3	0	248		NaN	0	1	a	0.3921762	1	1411.976873	1412.076871	0.0999977
268395.25	0.1000212	2373	stimuli/non_foods\stim112_inanimate_furniture_closet_4.png	5	28	1	closet_4	0	84		NaN	0	0		0	0	1412.126877	1412.226899	0.1000212
268432.75	0.0999981	2374	stimuli/non_foods\stim123_inanimate_plants_bush_3.png	5	28	1	bush_3	0	42		NaN	0	0		0	0	1412.27687	1412.376868	0.0999981
268470.25	0.0999921	2375	stimuli/foods\spaghetti_with_olives_and_capers.jpg	5	28	1	spaghetti_with_olives_and_capers	1	276	TF_135	0	0	0		0	0	1412.426876	1412.526868	0.0999921
268507.75	0.099984	2376	stimuli/foods\mushroom.jpg	5	28	1	mushroom	1	194	NF_039	1	0	0		0	0	1412.576878	1412.676862	0.099984
268545.25	0.0999914	2377	stimuli/foods\pear.jpg	5	28	1	pear	1	223	NF_077	1	0	0		0	0	1412.72687	1412.826862	0.0999914
268582.75	0.1000066	2378	stimuli/foods\pancakes.jpg	5	28	1	pancakes	1	209	TF_058	0	0	0		0	0	1412.876876	1412.976882	0.1000066
268620.25	0.0999855	2379	stimuli/non_foods\stim078_animate_mammal_rhino_2.png	5	28	1	rhino_2	0	247		NaN	0	0		0	0	1413.026874	1413.12686	0.0999855
268657.75	0.0999967	2380	stimuli/non_foods\stim080_animate_mammal_rhino_4.png	5	28	1	rhino_4	0	249		NaN	0	0		0	0	1413.176862	1413.276859	0.0999967
268695.25	0.0999949	2381	stimuli/non_foods\stim012_animate_bird_parrot_4.png	5	28	1	parrot_4	0	215		NaN	0	0		0	0	1413.326863	1413.426858	0.0999949
268732.75	0.0999901	2382	stimuli/foods\mussels.jpg	5	28	1	mussels	1	195	TF_042	0	0	0		0	0	1413.476866	1413.576856	0.0999901
268770.25	0.0999895	2383	stimuli/foods\peach.jpg	5	28	1	peach	1	218	NF_079	1	0	0		0	0	1413.626867	1413.726856	0.0999895
268807.75	0.099994	2384	stimuli/non_foods\stim088_inanimate_clothing_hat_4.png	5	28	1	hat_4	0	158		NaN	0	0		0	0	1413.776861	1413.876855	0.099994
268845.25	0.1000307	2385	stimuli/non_foods\stim095_inanimate_clothing_shirt_3.png	5	28	1	shirt_3	0	264		NaN	0	0		0	0	1413.926853	1414.026884	0.1000307
268882.75	0.0999922	2386	stimuli/non_foods\stim108_inanimate_furniture_chair_4.png	5	28	1	chair_4	0	63		NaN	0	0		0	0	1414.076861	1414.176853	0.0999922
268920.25	0.0999957	2387	stimuli/foods\pumpkin.jpg	5	28	1	pumpkin	1	239	NF_101	1	0	0		0	0	1414.22686	1414.326856	0.0999957
268957.75	0.0999978	2388	stimuli/non_foods\stim094_inanimate_clothing_shirt_2.png	5	28	1	shirt_2	0	263		NaN	0	0		0	0	1414.376854	1414.476852	0.0999978
268995.25	0.0999946	2389	stimuli/non_foods\stim085_inanimate_clothing_hat_1.png	5	28	1	hat_1	0	155		NaN	0	0		0	0	1414.526853	1414.626848	0.0999946
269032.75	0.0999897	2390	stimuli/foods\roasted_chicken.jpg	5	28	1	roasted_chicken	1	253	TF_109	0	0	0		0	0	1414.676857	1414.776846	0.0999897
269070.25	0.0999994	2391	stimuli/non_foods\stim152_inanimate_tools_pan_4.png	5	28	1	pan_4	0	208		NaN	0	0		0	0	1414.82685	1414.926849	0.0999994
269107.75	0.0999934	2392	stimuli/non_foods\stim104_inanimate_furniture_bed_4.png	5	28	1	bed_4	0	22		NaN	0	0		0	0	1414.976851	1415.076844	0.0999934
269145.25	0.0999715	2393	stimuli/non_foods\stim155_inanimate_tools_scissors_3.png	5	28	1	scissors_3	0	260		NaN	0	0		0	0	1415.126871	1415.226843	0.0999715
269182.75	0.0999908	2394	stimuli/foods\celery.jpg	5	28	1	celery	1	58	NF_092	1	0	0		0	0	1415.276852	1415.376843	0.0999908
269220.25	0.0999977	2395	stimuli/non_foods\stim116_inanimate_furniture_sofa_4.png	5	28	1	sofa_4	0	274		NaN	0	0		0	0	1415.426845	1415.526843	0.0999977
269257.75	0.0999909	2396	stimuli/foods\oregano.jpg	5	28	1	oregano	1	202	NF_066	1	0	0		0	0	1415.576852	1415.676843	0.0999909
269295.25	0.0999586	2397	stimuli/foods\cherry.jpg	5	28	1	cherry	1	64	NF_027	1	0	0		0	0	1415.726881	1415.82684	0.0999586
269332.75	0.0999981	2398	stimuli/non_foods\stim044_animate_insect_ant_4.png	5	28	1	ant_4	0	4		NaN	0	0		0	0	1415.876839	1415.976837	0.0999981
269370.25	0.0999948	2399	stimuli/non_foods\stim052_animate_insect_butterfly_4.png	5	28	1	butterfly_4	0	47		NaN	0	0		0	0	1416.02684	1416.126834	0.0999948
269407.75	0.0999905	2400	stimuli/non_foods\stim131_inanimate_plants_sunflower_3.png	5	28	1	sunflower_3	0	288		NaN	0	0		0	0	1416.176837	1416.276827	0.0999905
269445.25	0.0999948	2401	stimuli/foods\cereal.jpg	5	28	1	cereal	1	59	TF_028	0	0	0		0	0	1416.326841	1416.426835	0.0999948
269482.75	0.0999899	2402	stimuli/non_foods\stim068_animate_mammal_giraffe_4.png	5	28	1	giraffe_4	0	135		NaN	0	0		0	0	1416.476839	1416.576829	0.0999899
269520.25	0.0999875	2403	stimuli/foods\brownie.jpg	5	28	1	brownie	1	34	TF_011	0	0	0		0	0	1416.626844	1416.726831	0.0999875
269557.75	0.0999892	2404	stimuli/foods\dates.jpg	5	28	1	dates	1	104	NF_032	1	0	0		0	0	1416.77684	1416.87683	0.0999892
269595.25	0.0999914	2405	stimuli/foods\risotto_with_peas_and_asparagus_tips.jpg	5	28	1	risotto_with_peas_and_asparagus_tips	1	252	TF_123	0	0	0		0	0	1416.92684	1417.026831	0.0999914
269632.75	0.099999	2406	stimuli/non_foods\stim156_inanimate_tools_scissors_4.png	5	28	1	scissors_4	0	261		NaN	0	0		0	0	1417.076829	1417.176828	0.099999
269670.25	0.0999938	2407	stimuli/non_foods\stim109_inanimate_furniture_closet_1.png	5	28	1	closet_1	0	81		NaN	0	0		0	0	1417.226833	1417.326827	0.0999938
269707.75	0.0999903	2408	stimuli/non_foods\stim105_inanimate_furniture_chair_1.png	5	28	1	chair_1	0	60		NaN	0	0		0	0	1417.376835	1417.476825	0.0999903
269745.25	0.0999631	2409	stimuli/foods\lamb_chops.jpg	5	28	1	lamb_chops	1	173	TF_040	0	0	0		0	0	1417.526855	1417.626818	0.0999631
269782.75	0.0999952	2410	stimuli/non_foods\stim025_animate_human_child_1.png	5	28	1	child_1	0	70		NaN	0	0		0	0	1417.676828	1417.776823	0.0999952
269820.25	0.099994	2411	stimuli/non_foods\stim072_animate_mammal_kangaroo_4.png	5	28	1	kangaroo_4	0	171		NaN	0	0		0	0	1417.826829	1417.926823	0.099994
269857.75	0.0999817	2412	stimuli/foods\apple.jpg	5	28	1	apple	1	5	NF_055	1	0	0		0	0	1417.976832	1418.076813	0.0999817
269895.25	0.0999838	2413	stimuli/non_foods\stim051_animate_insect_butterfly_3.png	5	28	1	butterfly_3	0	46		NaN	0	0		0	0	1418.126816	1418.2268	0.0999838
269932.75	0.0999846	2414	stimuli/non_foods\stim159_inanimate_tools_wrench_3.png	5	28	1	wrench_3	0	312		NaN	0	0		0	0	1418.276827	1418.376811	0.0999846
269970.25	0.0999932	2415	stimuli/foods\eggplant.jpg	5	28	1	eggplant	1	116	NF_059	1	0	0		0	0	1418.426817	1418.52681	0.0999932
270007.75	0.0999971	2416	stimuli/non_foods\stim113_inanimate_furniture_sofa_1.png	5	28	1	sofa_1	0	271		NaN	0	0		0	0	1418.57681	1418.676808	0.0999971
270045.25	0.0999781	2417	stimuli/non_foods\stim158_inanimate_tools_wrench_2.png	5	28	1	wrench_2	0	311		NaN	0	0		0	0	1418.72681	1418.826788	0.0999781
270082.75	0.0999919	2418	stimuli/foods\dried_figs.jpg	5	28	1	dried_figs	1	110	TF_054	0	0	0		0	0	1418.876823	1418.976814	0.0999919
270120.25	0.0999885	2419	stimuli/foods\pork_loin_with_peas.jpg	5	28	1	pork_loin_with_peas	1	234	TF_003	0	0	0		0	0	1419.026824	1419.126812	0.0999885
270157.75	0.1000176	2420	stimuli/foods\salami.jpg	5	28	1	salami	1	255	TF_127	0	0	0		0	0	1419.17682	1419.276838	0.1000176
270195.25	0.0999737	2421	stimuli/foods\baguette.jpg	5	28	1	baguette	1	15	TF_006	0	1	0		0	0	1419.32684	1419.426814	0.0999737
270232.75	0.0999896	2422	stimuli/foods\potatoes.jpg	5	28	1	potatoes	1	237	NF_071	1	0	0		0	0	1419.47682	1419.576809	0.0999896
270270.25	0.0999895	2423	stimuli/foods\octopus.jpg	5	28	1	octopus	1	198	TF_113	0	0	1	a	0.3920615	1	1419.626816	1419.726805	0.0999895
270307.75	0.0999942	2424	stimuli/foods\brie.jpg	5	28	1	brie	1	28	TF_016	0	0	0		0	0	1419.776812	1419.876806	0.0999942
270345.25	0.1000002	2425	stimuli/non_foods\stim103_inanimate_furniture_bed_3.png	5	28	1	bed_3	0	21		NaN	0	0		0	0	1419.926806	1420.026807	0.1000002
270382.75	0.0999966	2426	stimuli/non_foods\stim036_animate_human_faces_4.png	5	28	1	faces_4	0	120		NaN	0	0		0	0	1420.07681	1420.176807	0.0999966
270420.25	0.0999907	2427	stimuli/non_foods\stim075_animate_mammal_monkey_3.png	5	28	1	monkey_3	0	190		NaN	0	0		0	0	1420.22681	1420.326801	0.0999907
270457.75	0.0999846	2428	stimuli/foods\hazelnuts.jpg	5	28	1	hazelnuts	1	159	NF_065	1	0	0		0	0	1420.376831	1420.476816	0.0999846
270495.25	0.0999883	2429	stimuli/foods\cinnamon.jpg	5	28	1	cinnamon	1	79	NF_017	1	0	0		0	0	1420.52681	1420.626798	0.0999883
270532.75	0.0999964	2430	stimuli/non_foods\stim028_animate_human_child_4.png	5	28	1	child_4	0	73		NaN	0	0		0	0	1420.676801	1420.776797	0.0999964
270570.25	0.0999904	2431	stimuli/foods\mortadella.jpg	5	28	1	mortadella	1	192	TF_083	0	0	0		0	0	1420.826812	1420.926802	0.0999904
270607.75	0.1000094	2432	stimuli/foods\fennel.jpg	5	28	1	fennel	1	121	NF_036	1	0	0		0	0	1420.976807	1421.076817	0.1000094
270645.25	0.0999729	2433	stimuli/foods\cinnamon_sroll.jpg	5	28	1	cinnamon_sroll	1	80	TF_021	0	0	0		0	0	1421.12682	1421.226793	0.0999729
270682.75	0.0999881	2434	stimuli/foods\stew_with_potatoes_and_carrots.jpg	5	28	1	stew_with_potatoes_and_carrots	1	284	TF_139	0	0	0		0	0	1421.276806	1421.376794	0.0999881
270720.25	0.0999879	2435	stimuli/foods\potato_chips.jpg	5	28	1	potato_chips	1	236	TF_097	0	0	0		0	0	1421.426802	1421.52679	0.0999879
270757.75	0.0999901	2436	stimuli/foods\salmon.jpg	5	28	1	salmon	1	256	TF_130	0	0	0		0	0	1421.576804	1421.676794	0.0999901
270795.25	0.099978	2437	stimuli/foods\chocolate_pudding.jpg	5	28	1	chocolate_pudding	1	78	TF_018	0	0	0		0	0	1421.726802	1421.82678	0.099978
270832.75	0.0999892	2438	stimuli/foods\cannoli.jpg	5	28	1	cannoli	1	54	TF_022	0	0	0		0	0	1421.8768	1421.976789	0.0999892
270870.25	0.0999971	2439	stimuli/non_foods\stim122_inanimate_plants_bush_2.png	5	28	1	bush_2	0	41		NaN	0	0		0	0	1422.026794	1422.126791	0.0999971
270907.75	0.0999836	2440	stimuli/non_foods\stim083_inanimate_clothing_gloves_3.png	5	28	1	gloves_3	0	138		NaN	0	0		0	0	1422.176803	1422.276787	0.0999836
270945.25	0.0999932	2441	stimuli/foods\baked_cod_with_carrots_and_green_beans.jpg	5	28	1	baked_cod_with_carrots_and_green_beans	1	16	TF_082	0	0	0		0	0	1422.326796	1422.426789	0.0999932
270982.75	0.0999892	2442	stimuli/foods\raisins.jpg	5	28	1	raisins	1	241	NF_096	1	0	0		0	0	1422.476795	1422.576784	0.0999892
271020.25	0.0999868	2443	stimuli/foods\wafer.jpg	5	28	1	wafer	1	307	TF_155	0	0	0		0	0	1422.626794	1422.726781	0.0999868
271057.75	0.1000134	2444	stimuli/foods\raw_sausage.jpg	5	28	1	raw_sausage	1	243	TF_131	0	0	0		0	0	1422.776796	1422.87681	0.1000134
271095.25	0.0999965	2445	stimuli/non_foods\stim024_animate_human_baby_4.png	5	28	1	baby_4	0	13		NaN	0	0		0	0	1422.926785	1423.026782	0.0999965
271132.75	0.1000053	2446	stimuli/foods\fruit_pie.jpg	5	28	1	fruit_pie	1	128	TF_147	0	0	0		0	0	1423.076793	1423.176798	0.1000053
271170.25	0.0999893	2447	stimuli/foods\pineapple.jpg	5	28	1	pineapple	1	231	NF_004	1	0	0		0	0	1423.226789	1423.326778	0.0999893
271207.75	0.0999864	2448	stimuli/non_foods\stim147_inanimate_tools_hammer_3.png	5	28	1	hammer_3	0	153		NaN	0	0		0	0	1423.376788	1423.476775	0.0999864
271245.25	0.0999745	2449	stimuli/non_foods\stim030_animate_human_clown_2.png	5	28	1	clown_2	0	86		NaN	0	0		0	0	1423.52678	1423.626754	0.0999745
271282.75	0.0999689	2450	stimuli/foods\banana.jpg	5	28	1	banana	1	18	NF_013	1	0	0		0	0	1423.676781	1423.77675	0.0999689
271320.25	0.0999886	2451	stimuli/foods\hamburger.jpg	5	28	1	hamburger	1	150	TF_069	0	0	0		0	0	1423.826782	1423.92677	0.0999886
271357.75	0.099991	2452	stimuli/non_foods\stim009_animate_bird_parrot_1.png	5	28	1	parrot_1	0	212		NaN	0	0		0	0	1423.976779	1424.07677	0.099991
271395.25	0.0999979	2453	stimuli/non_foods\stim017_animate_bird_penguin_1.png	5	28	1	penguin_1	0	225		NaN	0	0		0	0	1424.126775	1424.226773	0.0999979
271432.75	0.0999862	2454	stimuli/foods\green_olives.jpg	5	28	1	green_olives	1	148	TF_085	0	0	0		0	0	1424.276784	1424.376771	0.0999862
271470.25	0.1000047	2455	stimuli/non_foods\stim067_animate_mammal_giraffe_3.png	5	28	1	giraffe_3	0	134		NaN	0	0		0	0	1424.426771	1424.526776	0.1000047
271507.75	0.1000357	2456	stimuli/foods\grapes.jpg	5	28	1	grapes	1	142	NF_098	1	0	0		0	0	1424.576766	1424.676802	0.1000357
271545.25	0.0999957	2457	stimuli/non_foods\stim073_animate_mammal_monkey_1.png	5	28	1	monkey_1	0	188		NaN	0	0		0	0	1424.726773	1424.826768	0.0999957
271582.75	0.0999853	2458	stimuli/foods\fruit_salad.jpg	5	28	1	fruit_salad	1	129	NF_043	1	0	0		0	0	1424.876779	1424.976764	0.0999853
271620.25	0.0999887	2459	stimuli/foods\ice_cream_sandwich.jpg	5	28	1	ice_cream_sandwich	1	163	TF_061	0	0	0		0	0	1425.026774	1425.126763	0.0999887
271657.75	0.0999868	2460	stimuli/foods\lettuce.jpg	5	28	1	lettuce	1	178	NF_046	1	0	0		0	0	1425.176776	1425.276763	0.0999868
271695.25	0.0999895	2461	stimuli/foods\lime.jpg	5	28	1	lime	1	180	NF_048	1	0	0		0	0	1425.326772	1425.426762	0.0999895
271732.75	0.099988	2462	stimuli/foods\lentils.jpg	5	28	1	lentils	1	177	NF_047	1	0	0		0	0	1425.476776	1425.576764	0.099988
271770.25	0.099982	2463	stimuli/foods\omelette.jpg	5	28	1	omelette	1	199	TF_057	0	0	0		0	0	1425.62677	1425.726752	0.099982
271807.75	0.0999908	2464	stimuli/foods\papaya.jpg	5	28	1	papaya	1	210	NF_069	1	0	0		0	0	1425.776769	1425.87676	0.0999908
271845.25	0.0999885	2465	stimuli/foods\spinach.jpg	5	28	1	spinach	1	277	NF_094	1	0	0		0	0	1425.926766	1426.026755	0.0999885
271882.75	0.099995	2466	stimuli/non_foods\stim114_inanimate_furniture_sofa_2.png	5	28	1	sofa_2	0	272		NaN	0	0		0	0	1426.076758	1426.176753	0.099995
271920.25	0.0999971	2467	stimuli/non_foods\stim013_animate_bird_peacock_1.png	5	28	1	peacock_1	0	219		NaN	0	0		0	0	1426.226757	1426.326754	0.0999971
271957.75	0.099975	2468	stimuli/non_foods\stim070_animate_mammal_kangaroo_2.png	5	28	1	kangaroo_2	0	169		NaN	0	0		0	0	1426.376778	1426.476753	0.099975
271995.25	0.0999963	2469	stimuli/non_foods\stim039_animate_human_sports_3.png	5	28	1	sports_3	0	280		NaN	0	0		0	0	1426.526753	1426.62675	0.0999963
272032.75	0.0999851	2470	stimuli/foods\hotdog.jpg	5	28	1	hotdog	1	161	TF_070	0	0	0		0	0	1426.676763	1426.776748	0.0999851
272070.25	0.0999941	2471	stimuli/non_foods\stim021_animate_human_baby_1.png	5	28	1	baby_1	0	10		NaN	0	0		0	0	1426.826754	1426.926748	0.0999941
272107.75	0.0999907	2472	stimuli/foods\minestrone_soup.jpg	5	28	1	minestrone_soup	1	187	TF_160	0	1	0		0	0	1426.976759	1427.07675	0.0999907
272145.25	0.0999915	2473	stimuli/non_foods\stim120_inanimate_furniture_table_4.png	5	28	1	table_4	0	294		NaN	0	0		0	0	1427.126755	1427.226746	0.0999915
272182.75	0.0999908	2474	stimuli/foods\fried_zucchini.jpg	5	28	1	fried_zucchini	1	125	TF_159	0	0	0		0	0	1427.276755	1427.376746	0.0999908
272220.25	0.0999896	2475	stimuli/foods\lasagna.jpg	5	28	1	lasagna	1	174	TF_076	0	0	1	a	0.4422882	1	1427.426756	1427.526746	0.0999896
272257.75	0.0999949	2476	stimuli/non_foods\stim055_animate_insect_dragonfly_3.png	5	28	1	dragonfly_3	0	108		NaN	0	0		0	0	1427.576747	1427.676742	0.0999949
272295.25	0.0999902	2477	stimuli/foods\cuttlefish.jpg	5	28	1	cuttlefish	1	103	NF_093	1	0	0		0	0	1427.726753	1427.826743	0.0999902
272332.75	0.099997	2478	stimuli/non_foods\stim144_inanimate_tools_broom_4.png	5	28	1	broom_4	0	33		NaN	0	0		0	0	1427.876745	1427.976742	0.099997
272370.25	0.0999772	2479	stimuli/foods\apricot.jpg	5	28	1	apricot	1	6	NF_002	1	0	0		0	0	1428.026749	1428.126726	0.0999772
272407.75	0.0999992	2480	stimuli/non_foods\stim069_animate_mammal_kangaroo_1.png	5	28	1	kangaroo_1	0	168		NaN	0	0		0	0	1428.176749	1428.276748	0.0999992
272445.25	0.0999862	2481	stimuli/foods\donut.jpg	5	28	1	donut	1	105	TF_032	0	0	0		0	0	1428.32675	1428.426736	0.0999862
272482.75	0.0999885	2482	stimuli/foods\tomato.jpg	5	28	1	tomato	1	298	NF_084	1	0	0		0	0	1428.476747	1428.576736	0.0999885
272520.25	0.0999897	2483	stimuli/foods\oyster.jpg	5	28	1	oyster	1	204	NF_067	1	0	0		0	0	1428.626748	1428.726738	0.0999897
272557.75	0.1000001	2484	stimuli/non_foods\stim148_inanimate_tools_hammer_4.png	5	28	1	hammer_4	0	154		NaN	0	0		0	0	1428.776734	1428.876734	0.1000001
272595.25	0.1000007	2485	stimuli/non_foods\stim010_animate_bird_parrot_2.png	5	28	1	parrot_2	0	213		NaN	0	0		0	0	1428.926735	1429.026736	0.1000007
272632.75	0.0999886	2486	stimuli/foods\chocolate_pralines.jpg	5	28	1	chocolate_pralines	1	77	TF_035	0	0	0		0	0	1429.076743	1429.176732	0.0999886
272670.25	0.0999892	2487	stimuli/foods\potato_and_green_bean_salad.jpg	5	28	1	potato_and_green_bean_salad	1	235	TF_072	0	0	0		0	0	1429.226741	1429.32673	0.0999892
272707.75	0.0999926	2488	stimuli/foods\pepperoni_pizza.jpg	5	28	1	pepperoni_pizza	1	229	TF_106	0	0	0		0	0	1429.376741	1429.476734	0.0999926
272745.25	0.0999966	2489	stimuli/non_foods\stim026_animate_human_child_2.png	5	28	1	child_2	0	71		NaN	0	0		0	0	1429.52673	1429.626726	0.0999966
272782.75	0.0999949	2490	stimuli/non_foods\stim046_animate_insect_bug_2.png	5	28	1	bug_2	0	37		NaN	0	0		0	0	1429.67673	1429.776725	0.0999949
272820.25	0.1000117	2491	stimuli/foods\asparagus.jpg	5	28	1	asparagus	1	8	NF_010	1	0	0		0	0	1429.826733	1429.926745	0.1000117
272857.75	0.0999676	2492	stimuli/foods\mango.jpg	5	28	1	mango	1	185	NF_054	1	0	0		0	0	1429.976755	1430.076723	0.0999676
272895.25	0.0999994	2493	stimuli/non_foods\stim043_animate_insect_ant_3.png	5	28	1	ant_3	0	3		NaN	0	0		0	0	1430.126723	1430.226722	0.0999994
272932.75	0.0999944	2494	stimuli/non_foods\stim050_animate_insect_butterfly_2.png	5	28	1	butterfly_2	0	45		NaN	0	0		0	0	1430.276729	1430.376723	0.0999944
272970.25	0.0999936	2495	stimuli/non_foods\stim007_animate_bird_duck_3.png	5	28	1	duck_3	0	113		NaN	0	0		0	0	1430.426725	1430.526718	0.0999936
273007.75	0.0999898	2496	stimuli/foods\pickles.jpg	5	28	1	pickles	1	230	TF_134	0	0	0		0	0	1430.576731	1430.676721	0.0999898
273045.25	0.0999878	2497	stimuli/foods\taco.jpg	5	28	1	taco	1	295	TF_141	0	0	0		0	0	1430.726727	1430.826714	0.0999878
273082.75	0.0999878	2498	stimuli/foods\parmesan_cheese.jpg	5	28	1	parmesan_cheese	1	211	TF_091	0	0	0		0	0	1430.876728	1430.976716	0.0999878
273120.25	0.099978	2499	stimuli/non_foods\stim056_animate_insect_dragonfly_4.png	5	28	1	dragonfly_4	0	109		NaN	0	0		0	0	1431.026742	1431.12672	0.099978
273157.75	0.0999945	2500	stimuli/non_foods\stim151_inanimate_tools_pan_3.png	5	28	1	pan_3	0	207		NaN	0	0		0	0	1431.176719	1431.276714	0.0999945
273195.25	0.0999965	2501	stimuli/non_foods\stim154_inanimate_tools_scissors_2.png	5	28	1	scissors_2	0	259		NaN	0	0		0	0	1431.326719	1431.426716	0.0999965
273232.75	0.1000033	2502	stimuli/non_foods\stim032_animate_human_clown_4.png	5	28	1	clown_4	0	88		NaN	0	0		0	0	1431.476716	1431.576719	0.1000033
273270.25	0.1000131	2503	stimuli/non_foods\stim031_animate_human_clown_3.png	5	28	1	clown_3	0	87		NaN	0	0		0	0	1431.626718	1431.726731	0.1000131
273307.75	0.0999914	2504	stimuli/non_foods\stim023_animate_human_baby_3.png	5	28	1	baby_3	0	12		NaN	0	0		0	0	1431.776717	1431.876709	0.0999914
273345.25	0.1000098	2505	stimuli/foods\bread_roll.jpg	5	28	1	bread_roll	1	27	TF_090	0	0	0		0	0	1431.926718	1432.026728	0.1000098
273816	0.0999898	2506	stimuli/non_foods\stim152_inanimate_tools_pan_4.png	5	29	1	pan_4	0	208		NaN	0	0		0	0	1433.810035	1433.910025	0.0999898
273853.5	0.0999865	2507	stimuli/foods\blue_cheese.jpg	5	29	1	blue_cheese	1	25	TF_066	0	0	0		0	0	1433.960031	1434.060018	0.0999865
273891	0.0999849	2508	stimuli/foods\apricot.jpg	5	29	1	apricot	1	6	NF_002	1	0	0		0	0	1434.110036	1434.210021	0.0999849
273928.5	0.0999662	2509	stimuli/foods\capsicum.jpg	5	29	1	capsicum	1	55	NF_076	1	0	0		0	0	1434.260065	1434.360031	0.0999662
273966	0.0999966	2510	stimuli/non_foods\stim072_animate_mammal_kangaroo_4.png	5	29	1	kangaroo_4	0	171		NaN	0	0		0	0	1434.410028	1434.510025	0.0999966
274003.5	0.0999925	2511	stimuli/non_foods\stim100_inanimate_clothing_socks_4.png	5	29	1	socks_4	0	270		NaN	0	0		0	0	1434.560028	1434.66002	0.0999925
274041	0.0999924	2512	stimuli/non_foods\stim086_inanimate_clothing_hat_2.png	5	29	1	hat_2	0	156		NaN	0	0		0	0	1434.710028	1434.81002	0.0999924
274078.5	0.0999871	2513	stimuli/non_foods\stim095_inanimate_clothing_shirt_3.png	5	29	1	shirt_3	0	264		NaN	0	0		0	0	1434.860023	1434.96001	0.0999871
274116	0.1000021	2514	stimuli/foods\artichoke.jpg	5	29	1	artichoke	1	7	NF_018	1	0	0		0	0	1435.010027	1435.110029	0.1000021
274153.5	0.0998741	2515	stimuli/non_foods\stim130_inanimate_plants_sunflower_2.png	5	29	1	sunflower_2	0	287		NaN	0	0		0	0	1435.160142	1435.260016	0.0998741
274191	0.0999919	2516	stimuli/foods\cuttlefish.jpg	5	29	1	cuttlefish	1	103	NF_093	1	0	0		0	0	1435.310023	1435.410015	0.0999919
274228.5	0.0999872	2517	stimuli/non_foods\stim001_animate_bird_chicken_1.png	5	29	1	chicken_1	0	66		NaN	0	0		0	0	1435.460022	1435.560009	0.0999872
274266	0.1000006	2518	stimuli/foods\cracker.jpg	5	29	1	cracker	1	98	TF_043	0	0	0		0	0	1435.610013	1435.710014	0.1000006
274303.5	0.0999774	2519	stimuli/foods\spaghetti_with_olives_and_capers.jpg	5	29	1	spaghetti_with_olives_and_capers	1	276	TF_135	0	0	0		0	0	1435.760023	1435.86	0.0999774
274341	0.100002	2520	stimuli/foods\gnocchi.jpg	5	29	1	gnocchi	1	140	TF_064	0	0	0		0	0	1435.91	1436.010002	0.100002
274378.5	0.0999872	2521	stimuli/foods\coconut.jpg	5	29	1	coconut	1	89	NF_030	1	0	0		0	0	1436.060019	1436.160006	0.0999872
274416	0.0999926	2522	stimuli/foods\museli_bars.jpg	5	29	1	museli_bars	1	193	TF_008	0	0	0		0	0	1436.210017	1436.31001	0.0999926
274453.5	0.1000053	2523	stimuli/non_foods\stim150_inanimate_tools_pan_2.png	5	29	1	pan_2	0	206		NaN	0	0		0	0	1436.360011	1436.460017	0.1000053
274491	0.0999864	2524	stimuli/non_foods\stim112_inanimate_furniture_closet_4.png	5	29	1	closet_4	0	84		NaN	0	0		0	0	1436.510002	1436.609988	0.0999864
274528.5	0.1000069	2525	stimuli/foods\figs.jpg	5	29	1	figs	1	122	NF_035	1	0	0		0	0	1436.659993	1436.76	0.1000069
274566	0.0999912	2526	stimuli/foods\apple.jpg	5	29	1	apple	1	5	NF_055	1	0	0		0	0	1436.810011	1436.910002	0.0999912
274603.5	0.0999955	2527	stimuli/non_foods\stim139_inanimate_plants_tulip_3.png	5	29	1	tulip_3	0	305		NaN	1	0		0	0	1436.960007	1437.060002	0.0999955
274641	0.0999908	2528	stimuli/foods\wafer.jpg	5	29	1	wafer	1	307	TF_155	0	0	0		0	0	1437.110012	1437.210003	0.0999908
274678.5	0.0999927	2529	stimuli/foods\rice_cake.jpg	5	29	1	rice_cake	1	251	TF_059	0	0	1	a	0.3920905	1	1437.260008	1437.360001	0.0999927
274716	0.0999918	2530	stimuli/foods\radish.jpg	5	29	1	radish	1	240	NF_090	1	0	0		0	0	1437.410007	1437.509999	0.0999918
274753.5	0.0999901	2531	stimuli/foods\celery.jpg	5	29	1	celery	1	58	NF_092	1	0	0		0	0	1437.560001	1437.659991	0.0999901
274791	0.0999962	2532	stimuli/non_foods\stim053_animate_insect_dragonfly_1.png	5	29	1	dragonfly_1	0	106		NaN	0	0		0	0	1437.709992	1437.809988	0.0999962
274828.5	0.0999774	2533	stimuli/foods\pickles.jpg	5	29	1	pickles	1	230	TF_134	0	0	0		0	0	1437.860007	1437.959985	0.0999774
274866	0.0999886	2534	stimuli/foods\brie.jpg	5	29	1	brie	1	28	TF_016	0	0	0		0	0	1438.010005	1438.109993	0.0999886
274903.5	0.0999862	2535	stimuli/non_foods\stim089_inanimate_clothing_jeans_1.png	5	29	1	jeans_1	0	164		NaN	0	0		0	0	1438.159997	1438.259983	0.0999862
274941	0.0999949	2536	stimuli/foods\tomato.jpg	5	29	1	tomato	1	298	NF_084	1	0	0		0	0	1438.309996	1438.409991	0.0999949
274978.5	0.0999945	2537	stimuli/non_foods\stim132_inanimate_plants_sunflower_4.png	5	29	1	sunflower_4	0	289		NaN	0	0		0	0	1438.459997	1438.559992	0.0999945
275016	0.099989	2538	stimuli/non_foods\stim099_inanimate_clothing_socks_3.png	5	29	1	socks_3	0	269		NaN	0	0		0	0	1438.609995	1438.709984	0.099989
275053.5	0.0999815	2539	stimuli/foods\blackberry.jpg	5	29	1	blackberry	1	24	NF_063	1	0	0		0	0	1438.759999	1438.85998	0.0999815
275091	0.099999	2540	stimuli/non_foods\stim123_inanimate_plants_bush_3.png	5	29	1	bush_3	0	42		NaN	0	0		0	0	1438.909982	1439.009981	0.099999
275128.5	0.0999868	2541	stimuli/non_foods\stim135_inanimate_plants_tree_3.png	5	29	1	tree_3	0	301		NaN	0	0		0	0	1439.059991	1439.159978	0.0999868
275166	0.0999947	2542	stimuli/non_foods\stim098_inanimate_clothing_socks_2.png	5	29	1	socks_2	0	268		NaN	0	0		0	0	1439.209989	1439.309984	0.0999947
275203.5	0.0999793	2543	stimuli/foods\eggplant.jpg	5	29	1	eggplant	1	116	NF_059	1	0	0		0	0	1439.359994	1439.459974	0.0999793
275241	0.0999884	2544	stimuli/foods\pepperoni_pizza.jpg	5	29	1	pepperoni_pizza	1	229	TF_106	0	0	0		0	0	1439.509994	1439.609982	0.0999884
275278.5	0.0999903	2545	stimuli/foods\meatballs.jpg	5	29	1	meatballs	1	186	TF_112	0	0	0		0	0	1439.659984	1439.759974	0.0999903
275316	0.099996	2546	stimuli/non_foods\stim042_animate_insect_ant_2.png	5	29	1	ant_2	0	2		NaN	0	0		0	0	1439.809974	1439.909971	0.099996
275353.5	0.0999881	2547	stimuli/foods\cream_donuts.jpg	5	29	1	cream_donuts	1	99	TF_014	0	0	0		0	0	1439.959986	1440.059974	0.0999881
275391	0.0999857	2548	stimuli/foods\toasted_bread_with_tomatoes.jpg	5	29	1	toasted_bread_with_tomatoes	1	297	TF_017	0	0	0		0	0	1440.109985	1440.209971	0.0999857
275428.5	0.0999949	2549	stimuli/non_foods\stim037_animate_human_sports_1.png	5	29	1	sports_1	0	278		NaN	0	0		0	0	1440.25998	1440.359975	0.0999949
275466	0.0999904	2550	stimuli/foods\lasagna.jpg	5	29	1	lasagna	1	174	TF_076	0	0	0		0	0	1440.409982	1440.509973	0.0999904
275503.5	0.0999904	2551	stimuli/foods\smoked_ham.jpg	5	29	1	smoked_ham	1	266	TF_118	0	0	0		0	0	1440.559982	1440.659973	0.0999904
275541	0.0999866	2552	stimuli/foods\fries.jpg	5	29	1	fries	1	126	TF_094	0	0	0		0	0	1440.709984	1440.80997	0.0999866
275578.5	0.0999898	2553	stimuli/foods\dates.jpg	5	29	1	dates	1	104	NF_032	1	0	0		0	0	1440.859982	1440.959972	0.0999898
275616	0.0999885	2554	stimuli/non_foods\stim079_animate_mammal_rhino_3.png	5	29	1	rhino_3	0	248		NaN	0	0		0	0	1441.009973	1441.109962	0.0999885
275653.5	0.0999979	2555	stimuli/foods\potatoes.jpg	5	29	1	potatoes	1	237	NF_071	1	0	0		0	0	1441.159971	1441.259969	0.0999979
275691	0.0999761	2556	stimuli/non_foods\stim082_inanimate_clothing_gloves_2.png	5	29	1	gloves_2	0	137		NaN	0	0		0	0	1441.309982	1441.409958	0.0999761
275728.5	0.0999934	2557	stimuli/non_foods\stim149_inanimate_tools_pan_1.png	5	29	1	pan_1	0	205		NaN	0	0		0	0	1441.459962	1441.559956	0.0999934
275766	0.1000149	2558	stimuli/foods\mortadella.jpg	5	29	1	mortadella	1	192	TF_083	0	0	0		0	0	1441.609951	1441.709966	0.1000149
275803.5	0.0999882	2559	stimuli/foods\dried_figs.jpg	5	29	1	dried_figs	1	110	TF_054	0	0	0		0	0	1441.759976	1441.859964	0.0999882
275841	0.0999926	2560	stimuli/non_foods\stim078_animate_mammal_rhino_2.png	5	29	1	rhino_2	0	247		NaN	0	0		0	0	1441.909967	1442.00996	0.0999926
275878.5	0.0999957	2561	stimuli/non_foods\stim141_inanimate_tools_broom_1.png	5	29	1	broom_1	0	30		NaN	0	0		0	0	1442.059962	1442.159958	0.0999957
275916	0.0999776	2562	stimuli/foods\hazelnuts.jpg	5	29	1	hazelnuts	1	159	NF_065	1	0	0		0	0	1442.209981	1442.309959	0.0999776
275953.5	0.099999	2563	stimuli/non_foods\stim157_inanimate_tools_wrench_1.png	5	29	1	wrench_1	0	310		NaN	0	0		0	0	1442.359949	1442.459948	0.099999
275991	0.0999928	2564	stimuli/non_foods\stim093_inanimate_clothing_shirt_1.png	5	29	1	shirt_1	0	262		NaN	0	0		0	0	1442.509955	1442.609948	0.0999928
276028.5	0.0999784	2565	stimuli/foods\hotdog.jpg	5	29	1	hotdog	1	161	TF_070	0	0	0		0	0	1442.659956	1442.759934	0.0999784
276066	0.1000232	2566	stimuli/foods\brussel_sprouts.jpg	5	29	1	brussel_sprouts	1	35	NF_021	1	0	0		0	0	1442.809939	1442.909962	0.1000232
276103.5	0.0999941	2567	stimuli/non_foods\stim005_animate_bird_duck_1.png	5	29	1	duck_1	0	111		NaN	0	0		0	0	1442.959959	1443.059953	0.0999941
276141	0.0999831	2568	stimuli/foods\croissant.jpg	5	29	1	croissant	1	100	TF_037	0	0	0		0	0	1443.109966	1443.209949	0.0999831
276178.5	0.0999928	2569	stimuli/foods\bread.jpg	5	29	1	bread	1	26	TF_089	0	0	0		0	0	1443.259959	1443.359952	0.0999928
276216	0.0999878	2570	stimuli/foods\orange.jpg	5	29	1	orange	1	201	NF_008	1	0	0		0	0	1443.409959	1443.509947	0.0999878
276253.5	0.0999871	2571	stimuli/non_foods\stim133_inanimate_plants_tree_1.png	5	29	1	tree_1	0	299		NaN	0	0		0	0	1443.559952	1443.659939	0.0999871
276291	0.0999831	2572	stimuli/foods\fried_zucchini.jpg	5	29	1	fried_zucchini	1	125	TF_159	0	0	0		0	0	1443.709967	1443.80995	0.0999831
276328.5	0.0999799	2573	stimuli/foods\asparagus.jpg	5	29	1	asparagus	1	8	NF_010	1	0	0		0	0	1443.859959	1443.959939	0.0999799
276366	0.0999875	2574	stimuli/foods\papaya.jpg	5	29	1	papaya	1	210	NF_069	1	0	0		0	0	1444.009947	1444.109934	0.0999875
276403.5	0.0999945	2575	stimuli/non_foods\stim036_animate_human_faces_4.png	5	29	1	faces_4	0	120		NaN	1	0		0	0	1444.159951	1444.259945	0.0999945
276441	0.0999908	2576	stimuli/foods\donut.jpg	5	29	1	donut	1	105	TF_032	0	0	0		0	0	1444.309942	1444.409933	0.0999908
276478.5	0.0999984	2577	stimuli/foods\cooked_prawn.jpg	5	29	1	cooked_prawn	1	92	TF_060	0	0	0		0	0	1444.459944	1444.559943	0.0999984
276516	0.0999843	2578	stimuli/foods\pumpkin.jpg	5	29	1	pumpkin	1	239	NF_101	1	0	1	a	0.442301	1	1444.609951	1444.709935	0.0999843
276553.5	0.0999879	2579	stimuli/foods\hamburger.jpg	5	29	1	hamburger	1	150	TF_069	0	0	0		0	0	1444.759947	1444.859935	0.0999879
276591	0.099996	2580	stimuli/non_foods\stim032_animate_human_clown_4.png	5	29	1	clown_4	0	88		NaN	0	0		0	0	1444.909943	1445.009939	0.099996
276628.5	0.0999973	2581	stimuli/non_foods\stim116_inanimate_furniture_sofa_4.png	5	29	1	sofa_4	0	274		NaN	0	0		0	0	1445.059939	1445.159936	0.0999973
276666	0.0999938	2582	stimuli/non_foods\stim049_animate_insect_butterfly_1.png	5	29	1	butterfly_1	0	44		NaN	0	0		0	0	1445.209942	1445.309936	0.0999938
276703.5	0.0999799	2583	stimuli/non_foods\stim018_animate_bird_penguin_2.png	5	29	1	penguin_2	0	226		NaN	0	0		0	0	1445.359952	1445.459932	0.0999799
276741	0.1000068	2584	stimuli/non_foods\stim084_inanimate_clothing_gloves_4.png	5	29	1	gloves_4	0	139		NaN	0	0		0	0	1445.509926	1445.609933	0.1000068
276778.5	0.099998	2585	stimuli/foods\red_beans.jpg	5	29	1	red_beans	1	244	NF_033	1	0	0		0	0	1445.659936	1445.759934	0.099998
276816	0.0999904	2586	stimuli/foods\cabbage.jpg	5	29	1	cabbage	1	48	NF_025	1	0	0		0	0	1445.809939	1445.90993	0.0999904
276853.5	0.0999943	2587	stimuli/non_foods\stim106_inanimate_furniture_chair_2.png	5	29	1	chair_2	0	61		NaN	0	0		0	0	1445.959935	1446.059929	0.0999943
276891	0.0999876	2588	stimuli/foods\brownie.jpg	5	29	1	brownie	1	34	TF_011	0	0	0		0	0	1446.109933	1446.20992	0.0999876
276928.5	0.0999898	2589	stimuli/foods\spring_onions.jpg	5	29	1	spring_onions	1	282	NF_086	1	0	0		0	0	1446.259938	1446.359928	0.0999898
276966	0.0999884	2590	stimuli/foods\lollies.jpg	5	29	1	lollies	1	183	TF_026	0	0	0		0	0	1446.409941	1446.50993	0.0999884
277003.5	0.0999868	2591	stimuli/non_foods\stim101_inanimate_furniture_bed_1.png	5	29	1	bed_1	0	19		NaN	0	0		0	0	1446.559931	1446.659918	0.0999868
277041	0.0999834	2592	stimuli/foods\fruit_salad.jpg	5	29	1	fruit_salad	1	129	NF_043	1	0	0		0	0	1446.709924	1446.809908	0.0999834
277078.5	0.0999891	2593	stimuli/foods\lime.jpg	5	29	1	lime	1	180	NF_048	1	0	0		0	0	1446.859932	1446.959921	0.0999891
277116	0.0999903	2594	stimuli/non_foods\stim083_inanimate_clothing_gloves_3.png	5	29	1	gloves_3	0	138		NaN	0	0		0	0	1447.009925	1447.109915	0.0999903
277153.5	0.0999888	2595	stimuli/foods\red_cabbage.jpg	5	29	1	red_cabbage	1	245	NF_023	1	0	0		0	0	1447.159933	1447.259922	0.0999888
277191	0.099984	2596	stimuli/foods\coffee_beans.jpg	5	29	1	coffee_beans	1	90	TF_029	0	1	0		0	0	1447.309933	1447.409917	0.099984
277228.5	0.099999	2597	stimuli/non_foods\stim041_animate_insect_ant_1.png	5	29	1	ant_1	0	1		NaN	0	0		0	0	1447.459918	1447.559917	0.099999
277266	0.0999953	2598	stimuli/non_foods\stim029_animate_human_clown_1.png	5	29	1	clown_1	0	85		NaN	0	0		0	0	1447.609919	1447.709915	0.0999953
277303.5	0.099996	2599	stimuli/non_foods\stim111_inanimate_furniture_closet_3.png	5	29	1	closet_3	0	83		NaN	0	1	a	0.542086	1	1447.759919	1447.859915	0.099996
277341	0.0999898	2600	stimuli/foods\mussels.jpg	5	29	1	mussels	1	195	TF_042	0	0	0		0	0	1447.909925	1448.009914	0.0999898
277378.5	0.0999899	2601	stimuli/non_foods\stim064_animate_mammal_cow_4.png	5	29	1	cow_4	0	97		NaN	0	0		0	0	1448.059919	1448.159909	0.0999899
277416	0.1000023	2602	stimuli/non_foods\stim020_animate_bird_penguin_4.png	5	29	1	penguin_4	0	228		NaN	0	0		0	0	1448.209909	1448.309911	0.1000023
277453.5	0.0999644	2603	stimuli/foods\mango.jpg	5	29	1	mango	1	185	NF_054	1	0	0		0	0	1448.359938	1448.459902	0.0999644
277491	0.0999991	2604	stimuli/foods\lentils.jpg	5	29	1	lentils	1	177	NF_047	1	0	0		0	0	1448.509911	1448.60991	0.0999991
277528.5	0.0999817	2605	stimuli/foods\oven-roasted_tomatoes.jpg	5	29	1	oven-roasted_tomatoes	1	203	TF_114	0	0	0		0	0	1448.659921	1448.759903	0.0999817
277566	0.099998	2606	stimuli/non_foods\stim044_animate_insect_ant_4.png	5	29	1	ant_4	0	4		NaN	0	0		0	0	1448.809901	1448.909899	0.099998
277603.5	0.0999862	2607	stimuli/foods\lamb_chops.jpg	5	29	1	lamb_chops	1	173	TF_040	0	0	0		0	0	1448.95991	1449.059896	0.0999862
277641	0.0999937	2608	stimuli/non_foods\stim021_animate_human_baby_1.png	5	29	1	baby_1	0	10		NaN	0	0		0	0	1449.109901	1449.209894	0.0999937
277678.5	0.099983	2609	stimuli/foods\chocolate_bar.jpg	5	29	1	chocolate_bar	1	75	TF_033	0	0	0		0	0	1449.259909	1449.359892	0.099983
277716	0.1000178	2610	stimuli/non_foods\stim014_animate_bird_peacock_2.png	5	29	1	peacock_2	0	220		NaN	0	0		0	0	1449.409886	1449.509904	0.1000178
277753.5	0.0999891	2611	stimuli/foods\peas.jpg	5	29	1	peas	1	224	NF_081	1	0	0		0	0	1449.559911	1449.6599	0.0999891
277791	0.0999867	2612	stimuli/foods\lemon_meringue_pie.jpg	5	29	1	lemon_meringue_pie	1	176	TF_151	0	0	0		0	0	1449.70991	1449.809897	0.0999867
277828.5	0.0999912	2613	stimuli/foods\spaghetti_with_meat_sauce.jpg	5	29	1	spaghetti_with_meat_sauce	1	275	TF_137	0	0	0		0	0	1449.859907	1449.959898	0.0999912
277866	0.1000034	2614	stimuli/non_foods\stim114_inanimate_furniture_sofa_2.png	5	29	1	sofa_2	0	272		NaN	0	0		0	0	1450.009896	1450.1099	0.1000034
277903.5	0.0999985	2615	stimuli/non_foods\stim117_inanimate_furniture_table_1.png	5	29	1	table_1	0	291		NaN	0	0		0	0	1450.159893	1450.259892	0.0999985
277941	0.0999895	2616	stimuli/foods\corncob.jpg	5	29	1	corncob	1	93	NF_051	1	0	0		0	0	1450.309903	1450.409893	0.0999895
277978.5	0.0999903	2617	stimuli/non_foods\stim013_animate_bird_peacock_1.png	5	29	1	peacock_1	0	219		NaN	0	0		0	0	1450.459896	1450.559887	0.0999903
278016	0.0999931	2618	stimuli/foods\pork_loin_with_peas.jpg	5	29	1	pork_loin_with_peas	1	234	TF_003	0	0	0		0	0	1450.6099	1450.709894	0.0999931
278053.5	0.0999657	2619	stimuli/non_foods\stim081_inanimate_clothing_gloves_1.png	5	29	1	gloves_1	0	136		NaN	0	0		0	0	1450.759896	1450.859861	0.0999657
278091	0.0999954	2620	stimuli/non_foods\stim146_inanimate_tools_hammer_2.png	5	29	1	hammer_2	0	152		NaN	0	0		0	0	1450.909894	1451.00989	0.0999954
278128.5	0.099998	2621	stimuli/non_foods\stim145_inanimate_tools_hammer_1.png	5	29	1	hammer_1	0	151		NaN	0	0		0	0	1451.059889	1451.159887	0.099998
278166	0.0999886	2622	stimuli/non_foods\stim125_inanimate_plants_cactus_1.png	5	29	1	cactus_1	0	49		NaN	0	0		0	0	1451.209898	1451.309887	0.0999886
278203.5	0.0999983	2623	stimuli/foods\potato_and_green_bean_salad.jpg	5	29	1	potato_and_green_bean_salad	1	235	TF_072	0	0	0		0	0	1451.35989	1451.459888	0.0999983
278241	0.0999948	2624	stimuli/non_foods\stim115_inanimate_furniture_sofa_3.png	5	29	1	sofa_3	0	273		NaN	0	0		0	0	1451.50989	1451.609885	0.0999948
278278.5	0.0999902	2625	stimuli/non_foods\stim008_animate_bird_duck_4.png	5	29	1	duck_4	0	114		NaN	0	0		0	0	1451.659888	1451.759878	0.0999902
278316	0.0999955	2626	stimuli/non_foods\stim024_animate_human_baby_4.png	5	29	1	baby_4	0	13		NaN	0	0		0	0	1451.809887	1451.909883	0.0999955
278353.5	0.1000072	2627	stimuli/non_foods\stim033_animate_human_faces_1.png	5	29	1	faces_1	0	117		NaN	0	0		0	0	1451.959873	1452.05988	0.1000072
278391	0.0999935	2628	stimuli/non_foods\stim127_inanimate_plants_cactus_3.png	5	29	1	cactus_3	0	51		NaN	0	0		0	0	1452.109887	1452.20988	0.0999935
278428.5	0.0999728	2629	stimuli/foods\baked_lamb_with_potatoes.jpg	5	29	1	baked_lamb_with_potatoes	1	17	TF_001	0	0	0		0	0	1452.2599	1452.359873	0.0999728
278466	0.0999985	2630	stimuli/non_foods\stim124_inanimate_plants_bush_4.png	5	29	1	bush_4	0	43		NaN	0	0		0	0	1452.409872	1452.509871	0.0999985
278503.5	0.0999836	2631	stimuli/foods\avocado.jpg	5	29	1	avocado	1	9	NF_012	1	0	0		0	0	1452.559882	1452.659865	0.0999836
278541	0.099994	2632	stimuli/foods\octopus.jpg	5	29	1	octopus	1	198	TF_113	0	0	0		0	0	1452.709879	1452.809873	0.099994
278578.5	0.0999885	2633	stimuli/foods\mandarin.jpg	5	29	1	mandarin	1	184	NF_052	1	0	0		0	0	1452.859885	1452.959873	0.0999885
278616	0.09999	2634	stimuli/non_foods\stim074_animate_mammal_monkey_2.png	5	29	1	monkey_2	0	189		NaN	0	0		0	0	1453.009874	1453.109864	0.09999
278653.5	0.1000045	2635	stimuli/non_foods\stim056_animate_insect_dragonfly_4.png	5	29	1	dragonfly_4	0	109		NaN	0	0		0	0	1453.159867	1453.259871	0.1000045
278691	0.0999786	2636	stimuli/foods\rockmelon.jpg	5	29	1	rockmelon	1	254	NF_060	1	0	0		0	0	1453.309882	1453.40986	0.0999786
278728.5	0.0999963	2637	stimuli/non_foods\stim017_animate_bird_penguin_1.png	5	29	1	penguin_1	0	225		NaN	0	0		0	0	1453.459866	1453.559862	0.0999963
278766	0.0999875	2638	stimuli/foods\banana.jpg	5	29	1	banana	1	18	NF_013	1	0	0		0	0	1453.609872	1453.70986	0.0999875
278803.5	0.0999928	2639	stimuli/non_foods\stim067_animate_mammal_giraffe_3.png	5	29	1	giraffe_3	0	134		NaN	0	0		0	0	1453.759863	1453.859856	0.0999928
278841	0.0999986	2640	stimuli/foods\toast.jpg	5	29	1	toast	1	296	TF_053	0	0	0		0	0	1453.909864	1454.009863	0.0999986
278878.5	0.0999997	2641	stimuli/foods\pancakes.jpg	5	29	1	pancakes	1	209	TF_058	0	0	0		0	0	1454.059864	1454.159864	0.0999997
278916	0.0999932	2642	stimuli/non_foods\stim025_animate_human_child_1.png	5	29	1	child_1	0	70		NaN	0	0		0	0	1454.209868	1454.309861	0.0999932
278953.5	0.0999934	2643	stimuli/non_foods\stim151_inanimate_tools_pan_3.png	5	29	1	pan_3	0	207		NaN	0	0		0	0	1454.359867	1454.459861	0.0999934
278991	0.0999887	2644	stimuli/foods\strawberry.jpg	5	29	1	strawberry	1	285	NF_037	1	0	0		0	0	1454.509873	1454.609862	0.0999887
279028.5	0.0999994	2645	stimuli/non_foods\stim039_animate_human_sports_3.png	5	29	1	sports_3	0	280		NaN	0	0		0	0	1454.659858	1454.759858	0.0999994
279066	0.1000001	2646	stimuli/non_foods\stim060_animate_insect_grasshopper_4.png	5	29	1	grasshopper_4	0	146		NaN	0	0		0	0	1454.80986	1454.90986	0.1000001
279103.5	0.0999931	2647	stimuli/non_foods\stim046_animate_insect_bug_2.png	5	29	1	bug_2	0	37		NaN	0	0		0	0	1454.959863	1455.059856	0.0999931
279141	0.0999924	2648	stimuli/foods\onion.jpg	5	29	1	onion	1	200	NF_029	1	0	0		0	0	1455.109863	1455.209856	0.0999924
279178.5	0.0999965	2649	stimuli/non_foods\stim061_animate_mammal_cow_1.png	5	29	1	cow_1	0	94		NaN	0	0		0	0	1455.259859	1455.359855	0.0999965
279216	0.099977	2650	stimuli/non_foods\stim015_animate_bird_peacock_3.png	5	29	1	peacock_3	0	221		NaN	0	0		0	0	1455.409862	1455.509839	0.099977
279253.5	0.0999914	2651	stimuli/foods\baguette.jpg	5	29	1	baguette	1	15	TF_006	0	1	0		0	0	1455.559863	1455.659854	0.0999914
279291	0.0999841	2652	stimuli/non_foods\stim065_animate_mammal_giraffe_1.png	5	29	1	giraffe_1	0	132		NaN	0	0		0	0	1455.709868	1455.809852	0.0999841
279328.5	0.0999894	2653	stimuli/foods\oyster.jpg	5	29	1	oyster	1	204	NF_067	1	0	0		0	0	1455.859859	1455.959849	0.0999894
279366	0.1000007	2654	stimuli/non_foods\stim147_inanimate_tools_hammer_3.png	5	29	1	hammer_3	0	153		NaN	0	1	a	0.4422843	1	1456.009847	1456.109848	0.1000007
279403.5	0.0999848	2655	stimuli/non_foods\stim128_inanimate_plants_cactus_4.png	5	29	1	cactus_4	0	52		NaN	0	0		0	0	1456.159862	1456.259847	0.0999848
279441	0.0999929	2656	stimuli/foods\honey.jpg	5	29	1	honey	1	160	NF_062	1	0	0		0	0	1456.309855	1456.409848	0.0999929
279478.5	0.0999959	2657	stimuli/non_foods\stim002_animate_bird_chicken_2.png	5	29	1	chicken_2	0	67		NaN	0	0		0	0	1456.45985	1456.559846	0.0999959
279516	0.099997	2658	stimuli/non_foods\stim058_animate_insect_grasshopper_2.png	5	29	1	grasshopper_2	0	144		NaN	0	0		0	0	1456.609846	1456.709843	0.099997
279553.5	0.099999	2659	stimuli/non_foods\stim138_inanimate_plants_tulip_2.png	5	29	1	tulip_2	0	304		NaN	0	0		0	0	1456.759846	1456.859845	0.099999
279591	0.0999998	2660	stimuli/non_foods\stim144_inanimate_tools_broom_4.png	5	29	1	broom_4	0	33		NaN	0	0		0	0	1456.909842	1457.009842	0.0999998
279628.5	0.1000081	2661	stimuli/non_foods\stim019_animate_bird_penguin_3.png	5	29	1	penguin_3	0	227		NaN	0	0		0	0	1457.059834	1457.159842	0.1000081
279666	0.0999935	2662	stimuli/non_foods\stim030_animate_human_clown_2.png	5	29	1	clown_2	0	86		NaN	0	0		0	0	1457.209845	1457.309838	0.0999935
280474.25	0.0999985	2663	stimuli/non_foods\stim031_animate_human_clown_3.png	5	30	1	clown_3	0	87		NaN	0	0		0	0	1460.443152	1460.54315	0.0999985
280511.75	0.0999891	2664	stimuli/foods\grapes.jpg	5	30	1	grapes	1	142	NF_098	1	0	0		0	0	1460.593154	1460.693143	0.0999891
280549.25	0.0999931	2665	stimuli/non_foods\stim121_inanimate_plants_bush_1.png	5	30	1	bush_1	0	40		NaN	0	0		0	0	1460.743152	1460.843146	0.0999931
280586.75	0.0999897	2666	stimuli/foods\steak.jpg	5	30	1	steak	1	283	TF_013	0	0	0		0	0	1460.893152	1460.993142	0.0999897
280624.25	0.1000074	2667	stimuli/non_foods\stim097_inanimate_clothing_socks_1.png	5	30	1	socks_1	0	267		NaN	0	0		0	0	1461.043145	1461.143152	0.1000074
280661.75	0.0999906	2668	stimuli/foods\licorice.jpg	5	30	1	licorice	1	179	TF_078	0	0	0		0	0	1461.193149	1461.29314	0.0999906
280699.25	0.0999726	2669	stimuli/non_foods\stim091_inanimate_clothing_jeans_3.png	5	30	1	jeans_3	0	166		NaN	0	0		0	0	1461.343146	1461.443119	0.0999726
280736.75	0.0999914	2670	stimuli/foods\rice.jpg	5	30	1	rice	1	250	TF_121	0	0	0		0	0	1461.493148	1461.59314	0.0999914
280774.25	0.1000105	2671	stimuli/non_foods\stim080_animate_mammal_rhino_4.png	5	30	1	rhino_4	0	249		NaN	0	0		0	0	1461.64314	1461.74315	0.1000105
280811.75	0.1000014	2672	stimuli/non_foods\stim040_animate_human_sports_4.png	5	30	1	sports_4	0	281		NaN	0	0		0	0	1461.793158	1461.893159	0.1000014
280849.25	0.099996	2673	stimuli/non_foods\stim038_animate_human_sports_2.png	5	30	1	sports_2	0	279		NaN	0	0		0	0	1461.943137	1462.043133	0.099996
280886.75	0.0999899	2674	stimuli/non_foods\stim122_inanimate_plants_bush_2.png	5	30	1	bush_2	0	41		NaN	0	0		0	0	1462.093142	1462.193132	0.0999899
280924.25	0.0999866	2675	stimuli/foods\grilled_chicken_breast.jpg	5	30	1	grilled_chicken_breast	1	149	TF_104	0	0	0		0	0	1462.243144	1462.34313	0.0999866
280961.75	0.0999919	2676	stimuli/foods\watermelon.jpg	5	30	1	watermelon	1	309	NF_005	1	0	0		0	0	1462.393141	1462.493133	0.0999919
280999.25	0.0999912	2677	stimuli/non_foods\stim052_animate_insect_butterfly_4.png	5	30	1	butterfly_4	0	47		NaN	0	0		0	0	1462.543138	1462.643129	0.0999912
281036.75	0.0999901	2678	stimuli/foods\carrot.jpg	5	30	1	carrot	1	56	NF_019	1	0	0		0	0	1462.693136	1462.793126	0.0999901
281074.25	0.100024	2679	stimuli/non_foods\stim010_animate_bird_parrot_2.png	5	30	1	parrot_2	0	213		NaN	0	0		0	0	1462.843129	1462.943153	0.100024
281111.75	0.0999912	2680	stimuli/non_foods\stim035_animate_human_faces_3.png	5	30	1	faces_3	0	119		NaN	0	0		0	0	1462.993136	1463.093127	0.0999912
281149.25	0.0999964	2681	stimuli/non_foods\stim004_animate_bird_chicken_4.png	5	30	1	chicken_4	0	69		NaN	0	0		0	0	1463.143129	1463.243125	0.0999964
281186.75	0.0999909	2682	stimuli/foods\omelette.jpg	5	30	1	omelette	1	199	TF_057	0	0	0		0	0	1463.293134	1463.393125	0.0999909
281224.25	0.100024	2683	stimuli/non_foods\stim158_inanimate_tools_wrench_2.png	5	30	1	wrench_2	0	311		NaN	0	0		0	0	1463.443123	1463.543148	0.100024
281261.75	0.0999609	2684	stimuli/foods\bread_roll.jpg	5	30	1	bread_roll	1	27	TF_090	0	0	0		0	0	1463.593159	1463.69312	0.0999609
281299.25	0.0999882	2685	stimuli/foods\chocolate_chip_cookies.jpg	5	30	1	chocolate_chip_cookies	1	76	TF_010	0	0	0		0	0	1463.743132	1463.84312	0.0999882
281336.75	0.0999914	2686	stimuli/foods\pasta_carbonara.jpg	5	30	1	pasta_carbonara	1	216	TF_027	0	0	0		0	0	1463.893127	1463.993118	0.0999914
281374.25	0.0999872	2687	stimuli/foods\cinnamon_sroll.jpg	5	30	1	cinnamon_sroll	1	80	TF_021	0	0	0		0	0	1464.043129	1464.143117	0.0999872
281411.75	0.0999961	2688	stimuli/non_foods\stim088_inanimate_clothing_hat_4.png	5	30	1	hat_4	0	158		NaN	0	0		0	0	1464.193122	1464.293118	0.0999961
281449.25	0.099995	2689	stimuli/non_foods\stim007_animate_bird_duck_3.png	5	30	1	duck_3	0	113		NaN	0	0		0	0	1464.343119	1464.443114	0.099995
281486.75	0.0999774	2690	stimuli/non_foods\stim062_animate_mammal_cow_2.png	5	30	1	cow_2	0	95		NaN	0	0		0	0	1464.493131	1464.593108	0.0999774
281524.25	0.0999982	2691	stimuli/foods\parmesan_cheese.jpg	5	30	1	parmesan_cheese	1	211	TF_091	0	0	0		0	0	1464.643114	1464.743112	0.0999982
281561.75	0.0999885	2692	stimuli/foods\spinach.jpg	5	30	1	spinach	1	277	NF_094	1	0	0		0	0	1464.793117	1464.893105	0.0999885
281599.25	0.0999957	2693	stimuli/non_foods\stim142_inanimate_tools_broom_2.png	5	30	1	broom_2	0	31		NaN	0	0		0	0	1464.943108	1465.043104	0.0999957
281636.75	0.1000138	2694	stimuli/foods\peach.jpg	5	30	1	peach	1	218	NF_079	1	0	0		0	0	1465.093097	1465.19311	0.1000138
281674.25	0.1000143	2695	stimuli/non_foods\stim054_animate_insect_dragonfly_2.png	5	30	1	dragonfly_2	0	107		NaN	0	0		0	0	1465.243116	1465.34313	0.1000143
281711.75	0.0999802	2696	stimuli/non_foods\stim071_animate_mammal_kangaroo_3.png	5	30	1	kangaroo_3	0	170		NaN	0	0		0	0	1465.393124	1465.493104	0.0999802
281749.25	0.0999859	2697	stimuli/foods\waffle.jpg	5	30	1	waffle	1	308	TF_030	0	0	0		0	0	1465.543119	1465.643105	0.0999859
281786.75	0.0999985	2698	stimuli/non_foods\stim160_inanimate_tools_wrench_4.png	5	30	1	wrench_4	0	313		NaN	0	0		0	0	1465.693105	1465.793104	0.0999985
281824.25	0.099994	2699	stimuli/non_foods\stim094_inanimate_clothing_shirt_2.png	5	30	1	shirt_2	0	263		NaN	0	0		0	0	1465.843108	1465.943102	0.099994
281861.75	0.099991	2700	stimuli/non_foods\stim109_inanimate_furniture_closet_1.png	5	30	1	closet_1	0	81		NaN	0	0		0	0	1465.99311	1466.093101	0.099991
281899.25	0.0999915	2701	stimuli/non_foods\stim129_inanimate_plants_sunflower_1.png	5	30	1	sunflower_1	0	286		NaN	0	0		0	0	1466.143108	1466.243099	0.0999915
281936.75	0.0999949	2702	stimuli/non_foods\stim136_inanimate_plants_tree_4.png	5	30	1	tree_4	0	302		NaN	0	0		0	0	1466.293104	1466.393099	0.0999949
281974.25	0.0999833	2703	stimuli/non_foods\stim126_inanimate_plants_cactus_2.png	5	30	1	cactus_2	0	50		NaN	0	0		0	0	1466.443116	1466.543099	0.0999833
282011.75	0.0999895	2704	stimuli/foods\taco.jpg	5	30	1	taco	1	295	TF_141	0	0	0		0	0	1466.593107	1466.693096	0.0999895
282049.25	0.0999907	2705	stimuli/foods\raisins.jpg	5	30	1	raisins	1	241	NF_096	1	0	0		0	0	1466.743108	1466.843099	0.0999907
282086.75	0.0999869	2706	stimuli/foods\garlic.jpg	5	30	1	garlic	1	130	NF_001	1	0	0		0	0	1466.893105	1466.993092	0.0999869
282124.25	0.1000134	2707	stimuli/foods\ginger_root.jpg	5	30	1	ginger_root	1	131	NF_088	1	0	0		0	0	1467.043105	1467.143118	0.1000134
282161.75	0.0999696	2708	stimuli/non_foods\stim057_animate_insect_grasshopper_1.png	5	30	1	grasshopper_1	0	143		NaN	0	0		0	0	1467.193124	1467.293094	0.0999696
282199.25	0.0999907	2709	stimuli/foods\linguine_with_clams.jpg	5	30	1	linguine_with_clams	1	181	TF_077	0	0	0		0	0	1467.343102	1467.443093	0.0999907
282236.75	0.099994	2710	stimuli/foods\risotto_with_peas_and_asparagus_tips.jpg	5	30	1	risotto_with_peas_and_asparagus_tips	1	252	TF_123	0	0	0		0	0	1467.493099	1467.593093	0.099994
282274.25	0.0999878	2711	stimuli/foods\egg.jpg	5	30	1	egg	1	115	NF_095	1	0	0		0	0	1467.643101	1467.743089	0.0999878
282311.75	0.0999957	2712	stimuli/non_foods\stim137_inanimate_plants_tulip_1.png	5	30	1	tulip_1	0	303		NaN	1	0		0	0	1467.793089	1467.893085	0.0999957
282349.25	0.0999962	2713	stimuli/non_foods\stim006_animate_bird_duck_2.png	5	30	1	duck_2	0	112		NaN	0	0		0	0	1467.94309	1468.043087	0.0999962
282386.75	0.0999956	2714	stimuli/non_foods\stim087_inanimate_clothing_hat_3.png	5	30	1	hat_3	0	157		NaN	0	1	a	0.4063041	1	1468.09309	1468.193086	0.0999956
282424.25	0.0999934	2715	stimuli/non_foods\stim110_inanimate_furniture_closet_2.png	5	30	1	closet_2	0	82		NaN	0	0		0	0	1468.243091	1468.343084	0.0999934
282461.75	0.0999899	2716	stimuli/foods\cauliflower.jpg	5	30	1	cauliflower	1	57	NF_022	1	0	0		0	0	1468.393094	1468.493083	0.0999899
282499.25	0.0999954	2717	stimuli/non_foods\stim012_animate_bird_parrot_4.png	5	30	1	parrot_4	0	215		NaN	0	0		0	0	1468.543083	1468.643078	0.0999954
282536.75	0.0999976	2718	stimuli/foods\raw_ham.jpg	5	30	1	raw_ham	1	242	TF_117	0	0	0		0	0	1468.693089	1468.793087	0.0999976
282574.25	0.0999638	2719	stimuli/non_foods\stim153_inanimate_tools_scissors_1.png	5	30	1	scissors_1	0	258		NaN	0	0		0	0	1468.843104	1468.943068	0.0999638
282611.75	0.0999928	2720	stimuli/non_foods\stim073_animate_mammal_monkey_1.png	5	30	1	monkey_1	0	188		NaN	0	0		0	0	1468.993085	1469.093078	0.0999928
282649.25	0.0999906	2721	stimuli/foods\bagel.jpg	5	30	1	bagel	1	14	TF_005	0	0	0		0	0	1469.143087	1469.243078	0.0999906
282686.75	0.0999847	2722	stimuli/foods\savory_pie.jpg	5	30	1	savory_pie	1	257	TF_146	0	0	0		0	0	1469.293088	1469.393072	0.0999847
282724.25	0.0999989	2723	stimuli/non_foods\stim107_inanimate_furniture_chair_3.png	5	30	1	chair_3	0	62		NaN	0	0		0	0	1469.443077	1469.543076	0.0999989
282761.75	0.0999975	2724	stimuli/non_foods\stim159_inanimate_tools_wrench_3.png	5	30	1	wrench_3	0	312		NaN	0	0		0	0	1469.593075	1469.693073	0.0999975
282799.25	0.0999981	2725	stimuli/non_foods\stim043_animate_insect_ant_3.png	5	30	1	ant_3	0	3		NaN	0	0		0	0	1469.743074	1469.843073	0.0999981
282836.75	0.1000154	2726	stimuli/non_foods\stim048_animate_insect_bug_4.png	5	30	1	bug_4	0	39		NaN	0	0		0	0	1469.89307	1469.993085	0.1000154
282874.25	0.0999895	2727	stimuli/foods\baked_cod_with_carrots_and_green_beans.jpg	5	30	1	baked_cod_with_carrots_and_green_beans	1	16	TF_082	0	0	0		0	0	1470.04308	1470.143069	0.0999895
282911.75	0.0999958	2728	stimuli/non_foods\stim016_animate_bird_peacock_4.png	5	30	1	peacock_4	0	222		NaN	0	0		0	0	1470.193072	1470.293068	0.0999958
282949.25	0.0999937	2729	stimuli/non_foods\stim092_inanimate_clothing_jeans_4.png	5	30	1	jeans_4	0	167		NaN	0	0		0	0	1470.343072	1470.443066	0.0999937
282986.75	0.1000001	2730	stimuli/non_foods\stim009_animate_bird_parrot_1.png	5	30	1	parrot_1	0	212		NaN	0	0		0	0	1470.493071	1470.593071	0.1000001
283024.25	0.0999803	2731	stimuli/non_foods\stim096_inanimate_clothing_shirt_4.png	5	30	1	shirt_4	0	265		NaN	0	0		0	0	1470.643092	1470.743072	0.0999803
283061.75	0.0999937	2732	stimuli/foods\chocolate_pralines.jpg	5	30	1	chocolate_pralines	1	77	TF_035	0	0	0		0	0	1470.79307	1470.893063	0.0999937
283099.25	0.0999954	2733	stimuli/non_foods\stim051_animate_insect_butterfly_3.png	5	30	1	butterfly_3	0	46		NaN	0	0		0	0	1470.943065	1471.04306	0.0999954
283136.75	0.0999891	2734	stimuli/foods\fennel.jpg	5	30	1	fennel	1	121	NF_036	1	0	0		0	0	1471.093074	1471.193063	0.0999891
283174.25	0.0999884	2735	stimuli/foods\ice_cream.jpg	5	30	1	ice_cream	1	162	TF_062	0	0	0		0	0	1471.243072	1471.34306	0.0999884
283211.75	0.0999981	2736	stimuli/non_foods\stim026_animate_human_child_2.png	5	30	1	child_2	0	71		NaN	0	0		0	0	1471.393062	1471.49306	0.0999981
283249.25	0.0999971	2737	stimuli/non_foods\stim050_animate_insect_butterfly_2.png	5	30	1	butterfly_2	0	45		NaN	0	0		0	0	1471.543061	1471.643058	0.0999971
283286.75	0.1000089	2738	stimuli/non_foods\stim045_animate_insect_bug_1.png	5	30	1	bug_1	0	36		NaN	0	0		0	0	1471.69306	1471.793069	0.1000089
283324.25	0.0999888	2739	stimuli/foods\green_beans.jpg	5	30	1	green_beans	1	147	NF_034	1	0	0		0	0	1471.843064	1471.943053	0.0999888
283361.75	0.0999977	2740	stimuli/foods\lemon.jpg	5	30	1	lemon	1	175	NF_049	1	0	0		0	0	1471.993064	1472.093062	0.0999977
283399.25	0.0999894	2741	stimuli/foods\potato_chips.jpg	5	30	1	potato_chips	1	236	TF_097	0	0	0		0	0	1472.143061	1472.243051	0.0999894
283436.75	0.100013	2742	stimuli/foods\almonds.jpg	5	30	1	almonds	1	0	NF_053	1	0	0		0	0	1472.293062	1472.393075	0.100013
283474.25	0.0999797	2743	stimuli/non_foods\stim143_inanimate_tools_broom_3.png	5	30	1	broom_3	0	32		NaN	0	0		0	0	1472.443071	1472.54305	0.0999797
283511.75	0.0999951	2744	stimuli/non_foods\stim047_animate_insect_bug_3.png	5	30	1	bug_3	0	38		NaN	0	0		0	0	1472.593054	1472.693049	0.0999951
283549.25	0.0999941	2745	stimuli/non_foods\stim085_inanimate_clothing_hat_1.png	5	30	1	hat_1	0	155		NaN	0	0		0	0	1472.743055	1472.843049	0.0999941
283586.75	0.0999916	2746	stimuli/non_foods\stim077_animate_mammal_rhino_1.png	5	30	1	rhino_1	0	246		NaN	0	0		0	0	1472.893051	1472.993042	0.0999916
283624.25	0.0999962	2747	stimuli/non_foods\stim105_inanimate_furniture_chair_1.png	5	30	1	chair_1	0	60		NaN	0	0		0	0	1473.04305	1473.143047	0.0999962
283661.75	0.0999947	2748	stimuli/non_foods\stim154_inanimate_tools_scissors_2.png	5	30	1	scissors_2	0	259		NaN	0	0		0	0	1473.193049	1473.293043	0.0999947
283699.25	0.0999884	2749	stimuli/foods\prawn.jpg	5	30	1	prawn	1	238	NF_041	1	0	0		0	0	1473.343051	1473.443039	0.0999884
283736.75	0.0999824	2750	stimuli/foods\cereal.jpg	5	30	1	cereal	1	59	TF_028	0	0	0		0	0	1473.493077	1473.59306	0.0999824
283774.25	0.0999883	2751	stimuli/foods\nougat.jpg	5	30	1	nougat	1	197	TF_144	0	0	0		0	0	1473.64305	1473.743038	0.0999883
283811.75	0.0999917	2752	stimuli/foods\roasted_chicken.jpg	5	30	1	roasted_chicken	1	253	TF_109	0	0	0		0	0	1473.793048	1473.89304	0.0999917
283849.25	0.0999941	2753	stimuli/non_foods\stim134_inanimate_plants_tree_2.png	5	30	1	tree_2	0	300		NaN	0	0		0	0	1473.943042	1474.043036	0.0999941
283886.75	0.1000208	2754	stimuli/non_foods\stim103_inanimate_furniture_bed_3.png	5	30	1	bed_3	0	21		NaN	0	0		0	0	1474.093039	1474.19306	0.1000208
283924.25	0.0999711	2755	stimuli/non_foods\stim023_animate_human_baby_3.png	5	30	1	baby_3	0	12		NaN	0	0		0	0	1474.243064	1474.343035	0.0999711
283961.75	0.0999929	2756	stimuli/foods\cooked_ham.jpg	5	30	1	cooked_ham	1	91	TF_116	0	0	0		0	0	1474.393042	1474.493035	0.0999929
283999.25	0.0999908	2757	stimuli/foods\grapefruits.jpg	5	30	1	grapefruits	1	141	NF_085	1	0	0		0	0	1474.543043	1474.643034	0.0999908
284036.75	0.0999885	2758	stimuli/foods\fried_calamari.jpg	5	30	1	fried_calamari	1	124	TF_020	0	0	0		0	0	1474.693043	1474.793031	0.0999885
284074.25	0.0999903	2759	stimuli/foods\frankfurters.jpg	5	30	1	frankfurters	1	123	TF_156	0	0	0		0	0	1474.84304	1474.94303	0.0999903
284111.75	0.1000002	2760	stimuli/non_foods\stim055_animate_insect_dragonfly_3.png	5	30	1	dragonfly_3	0	108		NaN	0	0		0	0	1474.993035	1475.093035	0.1000002
284149.25	0.0999931	2761	stimuli/non_foods\stim011_animate_bird_parrot_3.png	5	30	1	parrot_3	0	214		NaN	0	0		0	0	1475.143033	1475.243026	0.0999931
284186.75	0.0999774	2762	stimuli/non_foods\stim075_animate_mammal_monkey_3.png	5	30	1	monkey_3	0	190		NaN	0	0		0	0	1475.293051	1475.393029	0.0999774
284224.25	0.1000075	2763	stimuli/non_foods\stim119_inanimate_furniture_table_3.png	5	30	1	table_3	0	293		NaN	0	0		0	0	1475.44302	1475.543027	0.1000075
284261.75	0.0999921	2764	stimuli/non_foods\stim034_animate_human_faces_2.png	5	30	1	faces_2	0	118		NaN	0	0		0	0	1475.59303	1475.693023	0.0999921
284299.25	0.0999922	2765	stimuli/foods\chilli.jpg	5	30	1	chilli	1	74	NF_073	1	0	0		0	0	1475.743035	1475.843028	0.0999922
284336.75	0.100003	2766	stimuli/foods\pork_and_rice.jpg	5	30	1	pork_and_rice	1	233	TF_080	0	0	0		0	0	1475.893039	1475.993042	0.100003
284374.25	0.0999901	2767	stimuli/foods\pineapple.jpg	5	30	1	pineapple	1	231	NF_004	1	0	0		0	0	1476.043031	1476.143021	0.0999901
284411.75	0.099989	2768	stimuli/foods\minestrone_soup.jpg	5	30	1	minestrone_soup	1	187	TF_160	0	0	0		0	0	1476.193031	1476.29302	0.099989
284449.25	0.0999876	2769	stimuli/foods\ice_cream_sandwich.jpg	5	30	1	ice_cream_sandwich	1	163	TF_061	0	0	0		0	0	1476.343029	1476.443017	0.0999876
284486.75	0.0999964	2770	stimuli/non_foods\stim108_inanimate_furniture_chair_4.png	5	30	1	chair_4	0	63		NaN	0	0		0	0	1476.493026	1476.593023	0.0999964
284524.25	0.0999904	2771	stimuli/non_foods\stim113_inanimate_furniture_sofa_1.png	5	30	1	sofa_1	0	271		NaN	0	0		0	0	1476.643023	1476.743013	0.0999904
284561.75	0.0999949	2772	stimuli/non_foods\stim028_animate_human_child_4.png	5	30	1	child_4	0	73		NaN	0	0		0	0	1476.793017	1476.893012	0.0999949
284599.25	0.0999966	2773	stimuli/non_foods\stim059_animate_insect_grasshopper_3.png	5	30	1	grasshopper_3	0	145		NaN	0	0		0	0	1476.943016	1477.043012	0.0999966
284636.75	0.0999933	2774	stimuli/non_foods\stim066_animate_mammal_giraffe_2.png	5	30	1	giraffe_2	0	133		NaN	0	0		0	0	1477.093016	1477.19301	0.0999933
284674.25	0.1000077	2775	stimuli/foods\broccoli.jpg	5	30	1	broccoli	1	29	NF_016	1	0	0		0	0	1477.243025	1477.343033	0.1000077
284711.75	0.0999903	2776	stimuli/foods\pea_pod.jpg	5	30	1	pea_pod	1	217	NF_082	1	0	0		0	0	1477.393021	1477.493011	0.0999903
284749.25	0.0999887	2777	stimuli/foods\mushroom.jpg	5	30	1	mushroom	1	194	NF_039	1	0	0		0	0	1477.54302	1477.643008	0.0999887
284786.75	0.0999756	2778	stimuli/foods\chocolate_pudding.jpg	5	30	1	chocolate_pudding	1	78	TF_018	0	0	0		0	0	1477.693053	1477.793028	0.0999756
284824.25	0.0999917	2779	stimuli/non_foods\stim070_animate_mammal_kangaroo_2.png	5	30	1	kangaroo_2	0	169		NaN	0	0		0	0	1477.843012	1477.943004	0.0999917
284861.75	0.0999967	2780	stimuli/non_foods\stim063_animate_mammal_cow_3.png	5	30	1	cow_3	0	96		NaN	0	0		0	0	1477.993011	1478.093008	0.0999967
284899.25	0.0999987	2781	stimuli/non_foods\stim090_inanimate_clothing_jeans_2.png	5	30	1	jeans_2	0	165		NaN	1	0		0	0	1478.143008	1478.243007	0.0999987
284936.75	0.0999849	2782	stimuli/foods\stew_with_potatoes_and_carrots.jpg	5	30	1	stew_with_potatoes_and_carrots	1	284	TF_139	0	0	0		0	0	1478.293017	1478.393002	0.0999849
284974.25	0.1000028	2783	stimuli/non_foods\stim068_animate_mammal_giraffe_4.png	5	30	1	giraffe_4	0	135		NaN	0	1	a	0.3921447	1	1478.443003	1478.543005	0.1000028
285011.75	0.0999865	2784	stimuli/foods\beetroots.jpg	5	30	1	beetroots	1	23	NF_015	1	0	0		0	0	1478.593013	1478.693	0.0999865
285049.25	0.1000103	2785	stimuli/foods\chestnut.jpg	5	30	1	chestnut	1	65	NF_020	1	0	0		0	0	1478.743008	1478.843019	0.1000103
285086.75	0.0999905	2786	stimuli/foods\salami.jpg	5	30	1	salami	1	255	TF_127	0	0	0		0	0	1478.893008	1478.992999	0.0999905
285124.25	0.0999878	2787	stimuli/foods\cinnamon.jpg	5	30	1	cinnamon	1	79	NF_017	1	0	0		0	0	1479.043007	1479.142994	0.0999878
285161.75	0.0999905	2788	stimuli/foods\raw_sausage.jpg	5	30	1	raw_sausage	1	243	TF_131	0	0	0		0	0	1479.193006	1479.292997	0.0999905
285199.25	0.0999964	2789	stimuli/foods\swordfish.jpg	5	30	1	swordfish	1	290	TF_101	0	0	0		0	0	1479.343007	1479.443003	0.0999964
285236.75	0.09996	2790	stimuli/foods\green_olives.jpg	5	30	1	green_olives	1	148	TF_085	0	0	0		0	0	1479.493033	1479.592993	0.09996
285274.25	0.0999909	2791	stimuli/foods\salmon.jpg	5	30	1	salmon	1	256	TF_130	0	0	0		0	0	1479.643001	1479.742992	0.0999909
285311.75	0.099996	2792	stimuli/non_foods\stim069_animate_mammal_kangaroo_1.png	5	30	1	kangaroo_1	0	168		NaN	0	0		0	0	1479.792997	1479.892993	0.099996
285349.25	0.0999946	2793	stimuli/non_foods\stim027_animate_human_child_3.png	5	30	1	child_3	0	72		NaN	0	0		0	0	1479.942996	1480.04299	0.0999946
285386.75	0.099995	2794	stimuli/non_foods\stim104_inanimate_furniture_bed_4.png	5	30	1	bed_4	0	22		NaN	0	0		0	0	1480.092994	1480.192989	0.099995
285424.25	0.0999944	2795	stimuli/foods\cucumber.jpg	5	30	1	cucumber	1	101	NF_026	1	0	0		0	0	1480.242995	1480.34299	0.0999944
285461.75	0.0999896	2796	stimuli/foods\pear.jpg	5	30	1	pear	1	223	NF_077	1	0	0		0	0	1480.392997	1480.492987	0.0999896
285499.25	0.1000003	2797	stimuli/foods\pomegranate.jpg	5	30	1	pomegranate	1	232	NF_058	1	0	0		0	0	1480.542997	1480.642997	0.1000003
285536.75	0.0999865	2798	stimuli/foods\kiwi.jpg	5	30	1	kiwi	1	172	NF_044	1	0	0		0	0	1480.692996	1480.792983	0.0999865
285574.25	0.0999706	2799	stimuli/non_foods\stim120_inanimate_furniture_table_4.png	5	30	1	table_4	0	294		NaN	0	0		0	0	1480.843012	1480.942982	0.0999706
285611.75	0.0999902	2800	stimuli/foods\lettuce.jpg	5	30	1	lettuce	1	178	NF_046	1	0	0		0	0	1480.992992	1481.092982	0.0999902
285649.25	0.0999973	2801	stimuli/foods\oregano.jpg	5	30	1	oregano	1	202	NF_066	1	0	0		0	0	1481.143001	1481.242998	0.0999973
285686.75	0.0999737	2802	stimuli/non_foods\stim003_animate_bird_chicken_3.png	5	30	1	chicken_3	0	68		NaN	0	0		0	0	1481.293004	1481.392977	0.0999737
285724.25	0.0999971	2803	stimuli/non_foods\stim155_inanimate_tools_scissors_3.png	5	30	1	scissors_3	0	260		NaN	0	0		0	0	1481.442981	1481.542978	0.0999971
285761.75	0.0999952	2804	stimuli/non_foods\stim131_inanimate_plants_sunflower_3.png	5	30	1	sunflower_3	0	288		NaN	0	0		0	0	1481.592982	1481.692978	0.0999952
285799.25	0.0999893	2805	stimuli/foods\fruit_pie.jpg	5	30	1	fruit_pie	1	128	TF_147	0	0	0		0	0	1481.742988	1481.842977	0.0999893
285836.75	0.0999928	2806	stimuli/foods\calamari.jpg	5	30	1	calamari	1	53	TF_019	0	0	0		0	0	1481.892983	1481.992975	0.0999928
285874.25	0.099988	2807	stimuli/foods\fruit_flan.jpg	5	30	1	fruit_flan	1	127	TF_093	0	0	0		0	0	1482.042986	1482.142974	0.099988
285911.75	0.099988	2808	stimuli/foods\cherry.jpg	5	30	1	cherry	1	64	NF_027	1	0	0		0	0	1482.192982	1482.29297	0.099988
285949.25	0.0999999	2809	stimuli/foods\lobster.jpg	5	30	1	lobster	1	182	NF_007	1	0	0		0	0	1482.342982	1482.442981	0.0999999
285986.75	0.0999867	2810	stimuli/foods\nectarine.jpg	5	30	1	nectarine	1	196	NF_078	1	0	0		0	0	1482.492982	1482.592969	0.0999867
286024.25	0.0999887	2811	stimuli/foods\cannoli.jpg	5	30	1	cannoli	1	54	TF_022	0	0	0		0	0	1482.642979	1482.742967	0.0999887
286061.75	0.0999958	2812	stimuli/non_foods\stim148_inanimate_tools_hammer_4.png	5	30	1	hammer_4	0	154		NaN	0	0		0	0	1482.792971	1482.892967	0.0999958
286099.25	0.1000296	2813	stimuli/non_foods\stim022_animate_human_baby_2.png	5	30	1	baby_2	0	11		NaN	0	0		0	0	1482.942968	1483.042998	0.1000296
286136.75	0.0999665	2814	stimuli/non_foods\stim118_inanimate_furniture_table_2.png	5	30	1	table_2	0	292		NaN	0	0		0	0	1483.092998	1483.192965	0.0999665
286174.25	0.0999944	2815	stimuli/non_foods\stim102_inanimate_furniture_bed_2.png	5	30	1	bed_2	0	20		NaN	0	0		0	0	1483.24297	1483.342964	0.0999944
286211.75	0.0999919	2816	stimuli/foods\cupcake.jpg	5	30	1	cupcake	1	102	TF_050	0	0	0		0	0	1483.39297	1483.492962	0.0999919
286249.25	0.099995	2817	stimuli/non_foods\stim076_animate_mammal_monkey_4.png	5	30	1	monkey_4	0	191		NaN	0	0		0	0	1483.542966	1483.642961	0.099995
286286.75	0.099999	2818	stimuli/non_foods\stim140_inanimate_plants_tulip_4.png	5	30	1	tulip_4	0	306		NaN	0	0		0	0	1483.692962	1483.792961	0.099999
286324.25	0.0999959	2819	stimuli/non_foods\stim156_inanimate_tools_scissors_4.png	5	30	1	scissors_4	0	261		NaN	0	0		0	0	1483.842962	1483.942957	0.0999959
288095	0.0999835	2820	stimuli/foods\cuttlefish.jpg	5	31	1	cuttlefish	1	103	NF_093	1	0	0		0	0	1490.926253	1491.026236	0.0999835
288132.5	0.099991	2821	stimuli/non_foods\stim076_animate_mammal_monkey_4.png	5	31	1	monkey_4	0	191		NaN	0	0		0	0	1491.076244	1491.176235	0.099991
288170	0.0999932	2822	stimuli/non_foods\stim101_inanimate_furniture_bed_1.png	5	31	1	bed_1	0	19		NaN	0	0		0	0	1491.226241	1491.326234	0.0999932
288207.5	0.0999964	2823	stimuli/non_foods\stim086_inanimate_clothing_hat_2.png	5	31	1	hat_2	0	156		NaN	0	0		0	0	1491.376235	1491.476231	0.0999964
288245	0.0999561	2824	stimuli/non_foods\stim097_inanimate_clothing_socks_1.png	5	31	1	socks_1	0	267		NaN	0	0		0	0	1491.526275	1491.626231	0.0999561
288282.5	0.0999954	2825	stimuli/non_foods\stim069_animate_mammal_kangaroo_1.png	5	31	1	kangaroo_1	0	168		NaN	0	0		0	0	1491.676232	1491.776228	0.0999954
288320	0.0999894	2826	stimuli/foods\smoked_ham.jpg	5	31	1	smoked_ham	1	266	TF_118	0	0	0		0	0	1491.826239	1491.926228	0.0999894
288357.5	0.0999829	2827	stimuli/non_foods\stim159_inanimate_tools_wrench_3.png	5	31	1	wrench_3	0	312		NaN	0	0		0	0	1491.976248	1492.076231	0.0999829
288395	0.0999785	2828	stimuli/non_foods\stim024_animate_human_baby_4.png	5	31	1	baby_4	0	13		NaN	0	0		0	0	1492.126265	1492.226243	0.0999785
288432.5	0.0999942	2829	stimuli/foods\grilled_chicken_breast.jpg	5	31	1	grilled_chicken_breast	1	149	TF_104	0	0	0		0	0	1492.276233	1492.376227	0.0999942
288470	0.0999895	2830	stimuli/foods\toast.jpg	5	31	1	toast	1	296	TF_053	0	0	0		0	0	1492.426235	1492.526224	0.0999895
288507.5	0.0999914	2831	stimuli/foods\waffle.jpg	5	31	1	waffle	1	308	TF_030	0	0	0		0	0	1492.576231	1492.676223	0.0999914
288545	0.0999997	2832	stimuli/non_foods\stim041_animate_insect_ant_1.png	5	31	1	ant_1	0	1		NaN	0	0		0	0	1492.726223	1492.826223	0.0999997
288582.5	0.0999849	2833	stimuli/foods\hazelnuts.jpg	5	31	1	hazelnuts	1	159	NF_065	1	0	0		0	0	1492.876233	1492.976218	0.0999849
288620	0.099991	2834	stimuli/foods\pork_loin_with_peas.jpg	5	31	1	pork_loin_with_peas	1	234	TF_003	0	0	0		0	0	1493.026228	1493.126219	0.099991
288657.5	0.1000169	2835	stimuli/non_foods\stim080_animate_mammal_rhino_4.png	5	31	1	rhino_4	0	249		NaN	0	0		0	0	1493.176221	1493.276238	0.1000169
288695	0.0999908	2836	stimuli/non_foods\stim017_animate_bird_penguin_1.png	5	31	1	penguin_1	0	225		NaN	0	0		0	0	1493.326224	1493.426215	0.0999908
288732.5	0.0999982	2837	stimuli/non_foods\stim088_inanimate_clothing_hat_4.png	5	31	1	hat_4	0	158		NaN	0	0		0	0	1493.476218	1493.576217	0.0999982
288770	0.0999871	2838	stimuli/foods\spaghetti_with_olives_and_capers.jpg	5	31	1	spaghetti_with_olives_and_capers	1	276	TF_135	0	0	0		0	0	1493.626224	1493.726211	0.0999871
288807.5	0.1000062	2839	stimuli/non_foods\stim149_inanimate_tools_pan_1.png	5	31	1	pan_1	0	205		NaN	0	0		0	0	1493.776216	1493.876222	0.1000062
288845	0.0999836	2840	stimuli/non_foods\stim108_inanimate_furniture_chair_4.png	5	31	1	chair_4	0	63		NaN	0	0		0	0	1493.926227	1494.026211	0.0999836
288882.5	0.0999977	2841	stimuli/non_foods\stim143_inanimate_tools_broom_3.png	5	31	1	broom_3	0	32		NaN	0	0		0	0	1494.076211	1494.176209	0.0999977
288920	0.1000022	2842	stimuli/non_foods\stim013_animate_bird_peacock_1.png	5	31	1	peacock_1	0	219		NaN	0	0		0	0	1494.22621	1494.326212	0.1000022
288957.5	0.0999854	2843	stimuli/foods\egg.jpg	5	31	1	egg	1	115	NF_095	1	0	0		0	0	1494.37622	1494.476205	0.0999854
288995	0.0999915	2844	stimuli/foods\coconut.jpg	5	31	1	coconut	1	89	NF_030	1	0	0		0	0	1494.526216	1494.626208	0.0999915
289032.5	0.0999994	2845	stimuli/non_foods\stim137_inanimate_plants_tulip_1.png	5	31	1	tulip_1	0	303		NaN	0	0		0	0	1494.676207	1494.776207	0.0999994
289070	0.0999897	2846	stimuli/non_foods\stim063_animate_mammal_cow_3.png	5	31	1	cow_3	0	96		NaN	0	0		0	0	1494.826212	1494.926202	0.0999897
289107.5	0.1000133	2847	stimuli/foods\chocolate_bar.jpg	5	31	1	chocolate_bar	1	75	TF_033	0	0	0		0	0	1494.976213	1495.076226	0.1000133
289145	0.0999973	2848	stimuli/non_foods\stim098_inanimate_clothing_socks_2.png	5	31	1	socks_2	0	268		NaN	1	0		0	0	1495.126207	1495.226204	0.0999973
289182.5	0.0999917	2849	stimuli/foods\blackberry.jpg	5	31	1	blackberry	1	24	NF_063	1	0	0		0	0	1495.276209	1495.376201	0.0999917
289220	0.0999993	2850	stimuli/non_foods\stim029_animate_human_clown_1.png	5	31	1	clown_1	0	85		NaN	0	1	a	0.4031585	1	1495.426203	1495.526202	0.0999993
289257.5	0.1000222	2851	stimuli/non_foods\stim095_inanimate_clothing_shirt_3.png	5	31	1	shirt_3	0	264		NaN	0	0		0	0	1495.576205	1495.676227	0.1000222
289295	0.0999739	2852	stimuli/non_foods\stim091_inanimate_clothing_jeans_3.png	5	31	1	jeans_3	0	166		NaN	0	0		0	0	1495.726223	1495.826196	0.0999739
289332.5	0.0999911	2853	stimuli/foods\brownie.jpg	5	31	1	brownie	1	34	TF_011	0	0	0		0	0	1495.876204	1495.976196	0.0999911
289370	0.0999922	2854	stimuli/non_foods\stim002_animate_bird_chicken_2.png	5	31	1	chicken_2	0	67		NaN	0	0		0	0	1496.026203	1496.126195	0.0999922
289407.5	0.0999985	2855	stimuli/non_foods\stim158_inanimate_tools_wrench_2.png	5	31	1	wrench_2	0	311		NaN	0	0		0	0	1496.176194	1496.276193	0.0999985
289445	0.0999915	2856	stimuli/foods\eggplant.jpg	5	31	1	eggplant	1	116	NF_059	1	0	0		0	0	1496.326204	1496.426195	0.0999915
289482.5	0.0999987	2857	stimuli/non_foods\stim100_inanimate_clothing_socks_4.png	5	31	1	socks_4	0	270		NaN	0	0		0	0	1496.476193	1496.576192	0.0999987
289520	0.0999928	2858	stimuli/foods\orange.jpg	5	31	1	orange	1	201	NF_008	1	0	0		0	0	1496.626197	1496.72619	0.0999928
289557.5	0.1000009	2859	stimuli/non_foods\stim115_inanimate_furniture_sofa_3.png	5	31	1	sofa_3	0	273		NaN	0	0		0	0	1496.776196	1496.876197	0.1000009
289595	0.0999962	2860	stimuli/non_foods\stim004_animate_bird_chicken_4.png	5	31	1	chicken_4	0	69		NaN	0	0		0	0	1496.926191	1497.026187	0.0999962
289632.5	0.0999872	2861	stimuli/foods\raw_sausage.jpg	5	31	1	raw_sausage	1	243	TF_131	0	0	0		0	0	1497.076196	1497.176184	0.0999872
289670	0.0999959	2862	stimuli/non_foods\stim025_animate_human_child_1.png	5	31	1	child_1	0	70		NaN	0	0		0	0	1497.226188	1497.326184	0.0999959
289707.5	0.1000301	2863	stimuli/non_foods\stim147_inanimate_tools_hammer_3.png	5	31	1	hammer_3	0	153		NaN	0	0		0	0	1497.376186	1497.476216	0.1000301
289745	0.0999618	2864	stimuli/foods\lasagna.jpg	5	31	1	lasagna	1	174	TF_076	0	0	0		0	0	1497.526223	1497.626185	0.0999618
289782.5	0.0999872	2865	stimuli/foods\gnocchi.jpg	5	31	1	gnocchi	1	140	TF_064	0	0	0		0	0	1497.67619	1497.776178	0.0999872
289820	0.0999878	2866	stimuli/foods\meatballs.jpg	5	31	1	meatballs	1	186	TF_112	0	0	0		0	0	1497.826191	1497.926179	0.0999878
289857.5	0.0999968	2867	stimuli/non_foods\stim093_inanimate_clothing_shirt_1.png	5	31	1	shirt_1	0	262		NaN	0	0		0	0	1497.976184	1498.07618	0.0999968
289895	0.0999916	2868	stimuli/foods\apple.jpg	5	31	1	apple	1	5	NF_055	1	0	0		0	0	1498.126184	1498.226176	0.0999916
289932.5	0.0999872	2869	stimuli/foods\cinnamon_sroll.jpg	5	31	1	cinnamon_sroll	1	80	TF_021	0	0	0		0	0	1498.27619	1498.376177	0.0999872
289970	0.099999	2870	stimuli/non_foods\stim089_inanimate_clothing_jeans_1.png	5	31	1	jeans_1	0	164		NaN	0	0		0	0	1498.426177	1498.526176	0.099999
290007.5	0.0999901	2871	stimuli/non_foods\stim102_inanimate_furniture_bed_2.png	5	31	1	bed_2	0	20		NaN	0	0		0	0	1498.576197	1498.676188	0.0999901
290045	0.0999935	2872	stimuli/non_foods\stim106_inanimate_furniture_chair_2.png	5	31	1	chair_2	0	61		NaN	0	0		0	0	1498.726178	1498.826172	0.0999935
290082.5	0.0999919	2873	stimuli/non_foods\stim096_inanimate_clothing_shirt_4.png	5	31	1	shirt_4	0	265		NaN	0	0		0	0	1498.876178	1498.97617	0.0999919
290120	0.0999966	2874	stimuli/non_foods\stim045_animate_insect_bug_1.png	5	31	1	bug_1	0	36		NaN	0	0		0	0	1499.026176	1499.126172	0.0999966
290157.5	0.1000192	2875	stimuli/non_foods\stim082_inanimate_clothing_gloves_2.png	5	31	1	gloves_2	0	137		NaN	0	0		0	0	1499.176173	1499.276193	0.1000192
290195	0.0999827	2876	stimuli/non_foods\stim130_inanimate_plants_sunflower_2.png	5	31	1	sunflower_2	0	287		NaN	0	0		0	0	1499.326185	1499.426168	0.0999827
290232.5	0.0999982	2877	stimuli/non_foods\stim037_animate_human_sports_1.png	5	31	1	sports_1	0	278		NaN	0	0		0	0	1499.476168	1499.576166	0.0999982
290270	0.0999977	2878	stimuli/non_foods\stim126_inanimate_plants_cactus_2.png	5	31	1	cactus_2	0	50		NaN	0	0		0	0	1499.626168	1499.726165	0.0999977
290307.5	0.0999902	2879	stimuli/foods\pear.jpg	5	31	1	pear	1	223	NF_077	1	0	0		0	0	1499.776177	1499.876167	0.0999902
290345.25	0.099903	2880	stimuli/non_foods\stim068_animate_mammal_giraffe_4.png	5	31	1	giraffe_4	0	135		NaN	0	0		0	0	1499.926261	1500.026164	0.099903
290382.5	0.099997	2881	stimuli/non_foods\stim055_animate_insect_dragonfly_3.png	5	31	1	dragonfly_3	0	108		NaN	0	0		0	0	1500.076165	1500.176162	0.099997
290420	0.0999931	2882	stimuli/non_foods\stim077_animate_mammal_rhino_1.png	5	31	1	rhino_1	0	246		NaN	0	0		0	0	1500.226168	1500.326161	0.0999931
290457.5	0.0999815	2883	stimuli/foods\carrot.jpg	5	31	1	carrot	1	56	NF_019	1	0	0		0	0	1500.376177	1500.476159	0.0999815
290495	0.0999924	2884	stimuli/foods\pineapple.jpg	5	31	1	pineapple	1	231	NF_004	1	0	0		0	0	1500.526167	1500.62616	0.0999924
290532.5	0.0999932	2885	stimuli/non_foods\stim047_animate_insect_bug_3.png	5	31	1	bug_3	0	38		NaN	0	0		0	0	1500.676162	1500.776155	0.0999932
290570	0.0999955	2886	stimuli/non_foods\stim129_inanimate_plants_sunflower_1.png	5	31	1	sunflower_1	0	286		NaN	0	0		0	0	1500.826162	1500.926157	0.0999955
290607.5	0.1000104	2887	stimuli/foods\figs.jpg	5	31	1	figs	1	122	NF_035	1	0	0		0	0	1500.976172	1501.076182	0.1000104
290645	0.099988	2888	stimuli/foods\potato_chips.jpg	5	31	1	potato_chips	1	236	TF_097	0	0	0		0	0	1501.126164	1501.226152	0.099988
290682.5	0.0999924	2889	stimuli/foods\salami.jpg	5	31	1	salami	1	255	TF_127	0	0	0		0	0	1501.276162	1501.376155	0.0999924
290720	0.0999931	2890	stimuli/non_foods\stim105_inanimate_furniture_chair_1.png	5	31	1	chair_1	0	60		NaN	0	0		0	0	1501.426158	1501.526151	0.0999931
290757.5	0.0999886	2891	stimuli/foods\radish.jpg	5	31	1	radish	1	240	NF_090	1	0	0		0	0	1501.57616	1501.676149	0.0999886
290795	0.0999985	2892	stimuli/non_foods\stim138_inanimate_plants_tulip_2.png	5	31	1	tulip_2	0	304		NaN	0	0		0	0	1501.726154	1501.826152	0.0999985
290832.5	0.0999864	2893	stimuli/foods\almonds.jpg	5	31	1	almonds	1	0	NF_053	1	0	0		0	0	1501.876159	1501.976146	0.0999864
290870	0.1000011	2894	stimuli/foods\cooked_prawn.jpg	5	31	1	cooked_prawn	1	92	TF_060	0	0	0		0	0	1502.026156	1502.126157	0.1000011
290907.5	0.0999878	2895	stimuli/foods\lemon_meringue_pie.jpg	5	31	1	lemon_meringue_pie	1	176	TF_151	0	0	0		0	0	1502.176157	1502.276145	0.0999878
290945	0.0999923	2896	stimuli/non_foods\stim109_inanimate_furniture_closet_1.png	5	31	1	closet_1	0	81		NaN	0	0		0	0	1502.32615	1502.426143	0.0999923
290982.5	0.0999908	2897	stimuli/foods\lettuce.jpg	5	31	1	lettuce	1	178	NF_046	1	0	0		0	0	1502.476154	1502.576144	0.0999908
291020	0.0999901	2898	stimuli/foods\pea_pod.jpg	5	31	1	pea_pod	1	217	NF_082	1	0	0		0	0	1502.626154	1502.726144	0.0999901
291057.5	0.0999792	2899	stimuli/foods\chestnut.jpg	5	31	1	chestnut	1	65	NF_020	1	0	0		0	0	1502.776173	1502.876153	0.0999792
291095	0.0999724	2900	stimuli/foods\onion.jpg	5	31	1	onion	1	200	NF_029	1	0	0		0	0	1502.926167	1503.026139	0.0999724
291132.5	0.0999932	2901	stimuli/non_foods\stim021_animate_human_baby_1.png	5	31	1	baby_1	0	10		NaN	0	0		0	0	1503.076144	1503.176138	0.0999932
291170	0.0999883	2902	stimuli/foods\dried_figs.jpg	5	31	1	dried_figs	1	110	TF_054	0	0	0		0	0	1503.226148	1503.326136	0.0999883
291207.5	0.0999973	2903	stimuli/non_foods\stim066_animate_mammal_giraffe_2.png	5	31	1	giraffe_2	0	133		NaN	0	0		0	0	1503.376139	1503.476137	0.0999973
291245	0.0999935	2904	stimuli/non_foods\stim127_inanimate_plants_cactus_3.png	5	31	1	cactus_3	0	51		NaN	0	0		0	0	1503.526141	1503.626134	0.0999935
291282.5	0.0999958	2905	stimuli/non_foods\stim084_inanimate_clothing_gloves_4.png	5	31	1	gloves_4	0	139		NaN	0	0		0	0	1503.676138	1503.776134	0.0999958
291320	0.099996	2906	stimuli/foods\museli_bars.jpg	5	31	1	museli_bars	1	193	TF_008	0	0	0		0	0	1503.826145	1503.92614	0.099996
291357.5	0.0999984	2907	stimuli/non_foods\stim152_inanimate_tools_pan_4.png	5	31	1	pan_4	0	208		NaN	0	0		0	0	1503.976133	1504.076132	0.0999984
291395	0.1000008	2908	stimuli/non_foods\stim059_animate_insect_grasshopper_3.png	5	31	1	grasshopper_3	0	145		NaN	0	0		0	0	1504.126132	1504.226133	0.1000008
291432.5	0.0999936	2909	stimuli/non_foods\stim014_animate_bird_peacock_2.png	5	31	1	peacock_2	0	220		NaN	0	0		0	0	1504.276135	1504.376128	0.0999936
291470	0.0999969	2910	stimuli/foods\spinach.jpg	5	31	1	spinach	1	277	NF_094	1	0	0		0	0	1504.426135	1504.526132	0.0999969
291507.5	0.0999727	2911	stimuli/non_foods\stim040_animate_human_sports_4.png	5	31	1	sports_4	0	281		NaN	0	0		0	0	1504.576152	1504.676124	0.0999727
291545	0.0999982	2912	stimuli/non_foods\stim030_animate_human_clown_2.png	5	31	1	clown_2	0	86		NaN	0	0		0	0	1504.726128	1504.826127	0.0999982
291582.5	0.0999909	2913	stimuli/foods\pancakes.jpg	5	31	1	pancakes	1	209	TF_058	0	0	0		0	0	1504.876135	1504.976126	0.0999909
291620	0.0999903	2914	stimuli/foods\rice.jpg	5	31	1	rice	1	250	TF_121	0	0	0		0	0	1505.026131	1505.126121	0.0999903
291657.5	0.0999894	2915	stimuli/foods\lollies.jpg	5	31	1	lollies	1	183	TF_026	0	0	0		0	0	1505.176131	1505.276121	0.0999894
291695	0.1000059	2916	stimuli/non_foods\stim033_animate_human_faces_1.png	5	31	1	faces_1	0	117		NaN	0	0		0	0	1505.326125	1505.426131	0.1000059
291732.5	0.1000001	2917	stimuli/non_foods\stim038_animate_human_sports_2.png	5	31	1	sports_2	0	279		NaN	0	0		0	0	1505.476121	1505.576121	0.1000001
291770	0.1000025	2918	stimuli/foods\fruit_salad.jpg	5	31	1	fruit_salad	1	129	NF_043	1	0	0		0	0	1505.626128	1505.72613	0.1000025
291807.5	0.0999969	2919	stimuli/non_foods\stim087_inanimate_clothing_hat_3.png	5	31	1	hat_3	0	157		NaN	0	0		0	0	1505.776118	1505.876115	0.0999969
291845	0.0999932	2920	stimuli/non_foods\stim078_animate_mammal_rhino_2.png	5	31	1	rhino_2	0	247		NaN	0	0		0	0	1505.926122	1506.026115	0.0999932
291882.5	0.0999878	2921	stimuli/foods\cooked_ham.jpg	5	31	1	cooked_ham	1	91	TF_116	0	0	0		0	0	1506.076126	1506.176114	0.0999878
291920	0.0999962	2922	stimuli/foods\chocolate_pudding.jpg	5	31	1	chocolate_pudding	1	78	TF_018	0	0	0		0	0	1506.226123	1506.32612	0.0999962
291957.5	0.0999729	2923	stimuli/non_foods\stim019_animate_bird_penguin_3.png	5	31	1	penguin_3	0	227		NaN	0	0		0	0	1506.376137	1506.47611	0.0999729
291995	0.0999867	2924	stimuli/foods\cinnamon.jpg	5	31	1	cinnamon	1	79	NF_017	1	0	0		0	0	1506.526121	1506.626107	0.0999867
292032.5	0.0999925	2925	stimuli/foods\apricot.jpg	5	31	1	apricot	1	6	NF_002	1	0	0		0	0	1506.676117	1506.77611	0.0999925
292070	0.0999908	2926	stimuli/non_foods\stim031_animate_human_clown_3.png	5	31	1	clown_3	0	87		NaN	0	0		0	0	1506.826115	1506.926105	0.0999908
292107.5	0.1000025	2927	stimuli/non_foods\stim139_inanimate_plants_tulip_3.png	5	31	1	tulip_3	0	305		NaN	0	0		0	0	1506.976106	1507.076109	0.1000025
292145	0.0999932	2928	stimuli/non_foods\stim073_animate_mammal_monkey_1.png	5	31	1	monkey_1	0	188		NaN	0	0		0	0	1507.126113	1507.226106	0.0999932
292182.5	0.0999942	2929	stimuli/non_foods\stim064_animate_mammal_cow_4.png	5	31	1	cow_4	0	97		NaN	0	0		0	0	1507.276109	1507.376103	0.0999942
292220	0.1000158	2930	stimuli/non_foods\stim114_inanimate_furniture_sofa_2.png	5	31	1	sofa_2	0	272		NaN	0	0		0	0	1507.426105	1507.526121	0.1000158
292257.5	0.0999874	2931	stimuli/foods\taco.jpg	5	31	1	taco	1	295	TF_141	0	0	0		0	0	1507.576113	1507.6761	0.0999874
292295	0.0999993	2932	stimuli/non_foods\stim070_animate_mammal_kangaroo_2.png	5	31	1	kangaroo_2	0	169		NaN	0	0		0	0	1507.726103	1507.826103	0.0999993
292332.5	0.0999973	2933	stimuli/non_foods\stim081_inanimate_clothing_gloves_1.png	5	31	1	gloves_1	0	136		NaN	0	0		0	0	1507.876102	1507.976099	0.0999973
292370	0.0999988	2934	stimuli/non_foods\stim121_inanimate_plants_bush_1.png	5	31	1	bush_1	0	40		NaN	0	0		0	0	1508.026106	1508.126104	0.0999988
292407.5	0.0999676	2935	stimuli/foods\pasta_carbonara.jpg	5	31	1	pasta_carbonara	1	216	TF_027	0	0	0		0	0	1508.176129	1508.276096	0.0999676
292445	0.0999885	2936	stimuli/foods\lime.jpg	5	31	1	lime	1	180	NF_048	1	1	0		0	0	1508.32611	1508.426098	0.0999885
292482.5	0.0999962	2937	stimuli/non_foods\stim001_animate_bird_chicken_1.png	5	31	1	chicken_1	0	66		NaN	0	0		0	0	1508.476098	1508.576094	0.0999962
292520	0.0999901	2938	stimuli/foods\fruit_pie.jpg	5	31	1	fruit_pie	1	128	TF_147	0	0	0		0	0	1508.626103	1508.726093	0.0999901
292557.5	0.0999967	2939	stimuli/non_foods\stim103_inanimate_furniture_bed_3.png	5	31	1	bed_3	0	21		NaN	0	1	a	0.4422794	1	1508.776096	1508.876092	0.0999967
292595	0.0999953	2940	stimuli/non_foods\stim034_animate_human_faces_2.png	5	31	1	faces_2	0	118		NaN	0	0		0	0	1508.926094	1509.02609	0.0999953
292632.5	0.0999945	2941	stimuli/non_foods\stim003_animate_bird_chicken_3.png	5	31	1	chicken_3	0	68		NaN	0	0		0	0	1509.076093	1509.176088	0.0999945
292670	0.0999715	2942	stimuli/non_foods\stim049_animate_insect_butterfly_1.png	5	31	1	butterfly_1	0	44		NaN	0	0		0	0	1509.226116	1509.326088	0.0999715
292707.5	0.0999924	2943	stimuli/foods\pumpkin.jpg	5	31	1	pumpkin	1	239	NF_101	1	0	0		0	0	1509.376097	1509.476089	0.0999924
292745	0.0999968	2944	stimuli/non_foods\stim141_inanimate_tools_broom_1.png	5	31	1	broom_1	0	30		NaN	0	0		0	0	1509.526091	1509.626088	0.0999968
292782.5	0.099987	2945	stimuli/foods\oyster.jpg	5	31	1	oyster	1	204	NF_067	1	0	0		0	0	1509.676097	1509.776084	0.099987
292820	0.0999963	2946	stimuli/foods\lentils.jpg	5	31	1	lentils	1	177	NF_047	1	0	0		0	0	1509.826098	1509.926095	0.0999963
292857.5	0.0999881	2947	stimuli/foods\oregano.jpg	5	31	1	oregano	1	202	NF_066	1	0	0		0	0	1509.976094	1510.076082	0.0999881
292895	0.0999928	2948	stimuli/foods\mussels.jpg	5	31	1	mussels	1	195	TF_042	0	0	0		0	0	1510.126088	1510.226081	0.0999928
292932.5	0.0999937	2949	stimuli/non_foods\stim113_inanimate_furniture_sofa_1.png	5	31	1	sofa_1	0	271		NaN	0	0		0	0	1510.276086	1510.37608	0.0999937
292970	0.0999958	2950	stimuli/non_foods\stim145_inanimate_tools_hammer_1.png	5	31	1	hammer_1	0	151		NaN	0	0		0	0	1510.426081	1510.526077	0.0999958
293007.5	0.0999939	2951	stimuli/non_foods\stim131_inanimate_plants_sunflower_3.png	5	31	1	sunflower_3	0	288		NaN	0	0		0	0	1510.576083	1510.676076	0.0999939
293045	0.0999919	2952	stimuli/foods\ice_cream_sandwich.jpg	5	31	1	ice_cream_sandwich	1	163	TF_061	0	0	0		0	0	1510.726088	1510.82608	0.0999919
293082.5	0.0999874	2953	stimuli/foods\fried_calamari.jpg	5	31	1	fried_calamari	1	124	TF_020	0	0	0		0	0	1510.876085	1510.976073	0.0999874
293120	0.0999884	2954	stimuli/non_foods\stim026_animate_human_child_2.png	5	31	1	child_2	0	71		NaN	0	0		0	0	1511.026085	1511.126073	0.0999884
293157.5	0.0999952	2955	stimuli/non_foods\stim023_animate_human_baby_3.png	5	31	1	baby_3	0	12		NaN	0	0		0	0	1511.176077	1511.276072	0.0999952
293195	0.0999884	2956	stimuli/foods\licorice.jpg	5	31	1	licorice	1	179	TF_078	0	0	0		0	0	1511.326081	1511.426069	0.0999884
293232.5	0.0999905	2957	stimuli/foods\calamari.jpg	5	31	1	calamari	1	53	TF_019	0	0	0		0	0	1511.476083	1511.576073	0.0999905
293270	0.1000107	2958	stimuli/non_foods\stim020_animate_bird_penguin_4.png	5	31	1	penguin_4	0	228		NaN	0	0		0	0	1511.626076	1511.726087	0.1000107
293307.5	0.0999956	2959	stimuli/non_foods\stim035_animate_human_faces_3.png	5	31	1	faces_3	0	119		NaN	0	0		0	0	1511.776072	1511.876068	0.0999956
293345	0.099987	2960	stimuli/foods\hotdog.jpg	5	31	1	hotdog	1	161	TF_070	0	0	0		0	0	1511.926078	1512.026065	0.099987
293382.5	0.0999889	2961	stimuli/foods\chilli.jpg	5	31	1	chilli	1	74	NF_073	1	0	0		0	0	1512.076075	1512.176064	0.0999889
293420	0.0999914	2962	stimuli/foods\grapefruits.jpg	5	31	1	grapefruits	1	141	NF_085	1	0	0		0	0	1512.226074	1512.326065	0.0999914
293457.5	0.0999893	2963	stimuli/foods\red_beans.jpg	5	31	1	red_beans	1	244	NF_033	1	0	0		0	0	1512.376073	1512.476062	0.0999893
293495	0.0999897	2964	stimuli/foods\baguette.jpg	5	31	1	baguette	1	15	TF_006	0	0	0		0	0	1512.526071	1512.626061	0.0999897
293532.5	0.1000119	2965	stimuli/non_foods\stim032_animate_human_clown_4.png	5	31	1	clown_4	0	88		NaN	0	0		0	0	1512.676064	1512.776076	0.1000119
293570	0.0999929	2966	stimuli/foods\raisins.jpg	5	31	1	raisins	1	241	NF_096	1	0	0		0	0	1512.826068	1512.926061	0.0999929
293607.5	0.0999908	2967	stimuli/foods\garlic.jpg	5	31	1	garlic	1	130	NF_001	1	0	0		0	0	1512.976068	1513.076059	0.0999908
293645	0.0999954	2968	stimuli/non_foods\stim083_inanimate_clothing_gloves_3.png	5	31	1	gloves_3	0	138		NaN	0	0		0	0	1513.126062	1513.226057	0.0999954
293682.5	0.0999979	2969	stimuli/foods\lemon.jpg	5	31	1	lemon	1	175	NF_049	1	0	0		0	0	1513.276064	1513.376062	0.0999979
293720	0.0999733	2970	stimuli/non_foods\stim039_animate_human_sports_3.png	5	31	1	sports_3	0	280		NaN	0	0		0	0	1513.42608	1513.526053	0.0999733
293757.5	0.0999956	2971	stimuli/non_foods\stim075_animate_mammal_monkey_3.png	5	31	1	monkey_3	0	190		NaN	0	0		0	0	1513.576059	1513.676055	0.0999956
293795	0.0999876	2972	stimuli/foods\swordfish.jpg	5	31	1	swordfish	1	290	TF_101	0	0	0		0	0	1513.726065	1513.826053	0.0999876
293832.5	0.0999925	2973	stimuli/non_foods\stim107_inanimate_furniture_chair_3.png	5	31	1	chair_3	0	62		NaN	0	0		0	0	1513.876057	1513.97605	0.0999925
293870	0.0999964	2974	stimuli/non_foods\stim006_animate_bird_duck_2.png	5	31	1	duck_2	0	112		NaN	0	0		0	0	1514.026053	1514.12605	0.0999964
293907.5	0.0999873	2975	stimuli/foods\rockmelon.jpg	5	31	1	rockmelon	1	254	NF_060	1	0	0		0	0	1514.176061	1514.276049	0.0999873
293945	0.0999923	2976	stimuli/non_foods\stim018_animate_bird_penguin_2.png	5	31	1	penguin_2	0	226		NaN	0	0		0	0	1514.326055	1514.426047	0.0999923
296861.75	0.0999941	2977	stimuli/non_foods\stim148_inanimate_tools_hammer_4.png	5	32	1	hammer_4	0	154		NaN	0	0		0	0	1525.992627	1526.092621	0.0999941
296899.25	0.0999859	2978	stimuli/foods\baked_lamb_with_potatoes.jpg	5	32	1	baked_lamb_with_potatoes	1	17	TF_001	0	0	0		0	0	1526.142633	1526.242619	0.0999859
296936.75	0.1000486	2979	stimuli/foods\linguine_with_clams.jpg	5	32	1	linguine_with_clams	1	181	TF_077	0	0	0		0	0	1526.29263	1526.392678	0.1000486
296974.25	0.0999875	2980	stimuli/foods\capsicum.jpg	5	32	1	capsicum	1	55	NF_076	1	0	0		0	0	1526.442628	1526.542616	0.0999875
297011.75	0.099997	2981	stimuli/non_foods\stim042_animate_insect_ant_2.png	5	32	1	ant_2	0	2		NaN	0	0		0	0	1526.592619	1526.692616	0.099997
297049.25	0.0999889	2982	stimuli/foods\mango.jpg	5	32	1	mango	1	185	NF_054	1	0	0		0	0	1526.742626	1526.842615	0.0999889
297086.75	0.0999959	2983	stimuli/non_foods\stim157_inanimate_tools_wrench_1.png	5	32	1	wrench_1	0	310		NaN	0	0		0	0	1526.892617	1526.992613	0.0999959
297124.25	0.0999938	2984	stimuli/foods\fruit_flan.jpg	5	32	1	fruit_flan	1	127	TF_093	0	0	0		0	0	1527.042621	1527.142615	0.0999938
297161.75	0.0999974	2985	stimuli/non_foods\stim012_animate_bird_parrot_4.png	5	32	1	parrot_4	0	215		NaN	0	0		0	0	1527.192617	1527.292614	0.0999974
297199.25	0.0999986	2986	stimuli/non_foods\stim007_animate_bird_duck_3.png	5	32	1	duck_3	0	113		NaN	0	0		0	0	1527.342613	1527.442611	0.0999986
297236.75	0.0999935	2987	stimuli/foods\cherry.jpg	5	32	1	cherry	1	64	NF_027	1	0	0		0	0	1527.492618	1527.592612	0.0999935
297274.25	0.099989	2988	stimuli/foods\pork_and_rice.jpg	5	32	1	pork_and_rice	1	233	TF_080	0	0	0		0	0	1527.642619	1527.742608	0.099989
297311.75	0.0999889	2989	stimuli/foods\bread_roll.jpg	5	32	1	bread_roll	1	27	TF_090	0	0	0		0	0	1527.792618	1527.892607	0.0999889
297349.25	0.100003	2990	stimuli/non_foods\stim043_animate_insect_ant_3.png	5	32	1	ant_3	0	3		NaN	0	0		0	0	1527.942604	1528.042607	0.100003
297386.75	0.0999997	2991	stimuli/non_foods\stim160_inanimate_tools_wrench_4.png	5	32	1	wrench_4	0	313		NaN	0	0		0	0	1528.092606	1528.192605	0.0999997
297424.25	0.0999967	2992	stimuli/foods\parmesan_cheese.jpg	5	32	1	parmesan_cheese	1	211	TF_091	0	0	0		0	0	1528.24261	1528.342607	0.0999967
297461.75	0.0999912	2993	stimuli/foods\bagel.jpg	5	32	1	bagel	1	14	TF_005	0	0	0		0	0	1528.392613	1528.492604	0.0999912
297499.25	0.0999868	2994	stimuli/foods\brussel_sprouts.jpg	5	32	1	brussel_sprouts	1	35	NF_021	1	0	0		0	0	1528.542613	1528.6426	0.0999868
297536.75	0.0999935	2995	stimuli/non_foods\stim155_inanimate_tools_scissors_3.png	5	32	1	scissors_3	0	260		NaN	0	0		0	0	1528.692602	1528.792595	0.0999935
297574.25	0.0999963	2996	stimuli/non_foods\stim008_animate_bird_duck_4.png	5	32	1	duck_4	0	114		NaN	0	0		0	0	1528.842601	1528.942597	0.0999963
297611.75	0.0999827	2997	stimuli/foods\watermelon.jpg	5	32	1	watermelon	1	309	NF_005	1	0	0		0	0	1528.992606	1529.092589	0.0999827
297649.25	0.0999934	2998	stimuli/non_foods\stim022_animate_human_baby_2.png	5	32	1	baby_2	0	11		NaN	0	0		0	0	1529.142602	1529.242596	0.0999934
297686.75	0.0999868	2999	stimuli/foods\cupcake.jpg	5	32	1	cupcake	1	102	TF_050	0	0	0		0	0	1529.292605	1529.392592	0.0999868
297724.25	0.0999952	3000	stimuli/non_foods\stim067_animate_mammal_giraffe_3.png	5	32	1	giraffe_3	0	134		NaN	0	0		0	0	1529.442597	1529.542592	0.0999952
297761.75	0.0999911	3001	stimuli/non_foods\stim005_animate_bird_duck_1.png	5	32	1	duck_1	0	111		NaN	0	0		0	0	1529.592599	1529.69259	0.0999911
297799.25	0.0999904	3002	stimuli/foods\nectarine.jpg	5	32	1	nectarine	1	196	NF_078	1	1	0		0	0	1529.742602	1529.842592	0.0999904
297836.75	0.09999	3003	stimuli/non_foods\stim094_inanimate_clothing_shirt_2.png	5	32	1	shirt_2	0	263		NaN	0	0		0	0	1529.892597	1529.992587	0.09999
297874.25	0.0999987	3004	stimuli/non_foods\stim058_animate_insect_grasshopper_2.png	5	32	1	grasshopper_2	0	144		NaN	0	1	a	0.3921165	1	1530.04259	1530.142588	0.0999987
297911.75	0.0999916	3005	stimuli/foods\octopus.jpg	5	32	1	octopus	1	198	TF_113	0	0	0		0	0	1530.192596	1530.292588	0.0999916
297949.25	0.0999851	3006	stimuli/foods\minestrone_soup.jpg	5	32	1	minestrone_soup	1	187	TF_160	0	0	0		0	0	1530.342601	1530.442586	0.0999851
297986.75	0.0999927	3007	stimuli/non_foods\stim112_inanimate_furniture_closet_4.png	5	32	1	closet_4	0	84		NaN	0	0		0	0	1530.492593	1530.592586	0.0999927
298024.25	0.0999875	3008	stimuli/foods\grapes.jpg	5	32	1	grapes	1	142	NF_098	1	0	0		0	0	1530.642596	1530.742583	0.0999875
298061.75	0.0999884	3009	stimuli/foods\pepperoni_pizza.jpg	5	32	1	pepperoni_pizza	1	229	TF_106	0	0	0		0	0	1530.792592	1530.892581	0.0999884
298099.25	0.0999923	3010	stimuli/foods\ginger_root.jpg	5	32	1	ginger_root	1	131	NF_088	1	0	0		0	0	1530.942592	1531.042584	0.0999923
298136.75	0.0999873	3011	stimuli/foods\toasted_bread_with_tomatoes.jpg	5	32	1	toasted_bread_with_tomatoes	1	297	TF_017	0	0	0		0	0	1531.092592	1531.19258	0.0999873
298174.25	0.0999951	3012	stimuli/non_foods\stim065_animate_mammal_giraffe_1.png	5	32	1	giraffe_1	0	132		NaN	0	0		0	0	1531.242583	1531.342578	0.0999951
298211.75	0.0999878	3013	stimuli/foods\mushroom.jpg	5	32	1	mushroom	1	194	NF_039	1	0	0		0	0	1531.392588	1531.492576	0.0999878
298249.25	0.0999895	3014	stimuli/non_foods\stim051_animate_insect_butterfly_3.png	5	32	1	butterfly_3	0	46		NaN	0	0		0	0	1531.542581	1531.642571	0.0999895
298286.75	0.0999971	3015	stimuli/foods\rice_cake.jpg	5	32	1	rice_cake	1	251	TF_059	0	0	0		0	0	1531.692586	1531.792583	0.0999971
298324.25	0.0999919	3016	stimuli/foods\raw_ham.jpg	5	32	1	raw_ham	1	242	TF_117	0	0	0		0	0	1531.842585	1531.942576	0.0999919
298361.75	0.0999992	3017	stimuli/non_foods\stim060_animate_insect_grasshopper_4.png	5	32	1	grasshopper_4	0	146		NaN	0	0		0	0	1531.992575	1532.092574	0.0999992
298399.25	0.0999935	3018	stimuli/foods\red_cabbage.jpg	5	32	1	red_cabbage	1	245	NF_023	1	0	0		0	0	1532.142579	1532.242573	0.0999935
298436.75	0.0999939	3019	stimuli/foods\lobster.jpg	5	32	1	lobster	1	182	NF_007	1	0	0		0	0	1532.292581	1532.392575	0.0999939
298474.25	0.0999933	3020	stimuli/non_foods\stim150_inanimate_tools_pan_2.png	5	32	1	pan_2	0	206		NaN	0	0		0	0	1532.442575	1532.542569	0.0999933
298511.75	0.099992	3021	stimuli/foods\brie.jpg	5	32	1	brie	1	28	TF_016	0	0	0		0	0	1532.592582	1532.692573	0.099992
298549.25	0.0999872	3022	stimuli/foods\fried_zucchini.jpg	5	32	1	fried_zucchini	1	125	TF_159	0	0	0		0	0	1532.742576	1532.842563	0.0999872
298586.75	0.100008	3023	stimuli/non_foods\stim071_animate_mammal_kangaroo_3.png	5	32	1	kangaroo_3	0	170		NaN	0	0		0	0	1532.892568	1532.992576	0.100008
298624.25	0.0998638	3024	stimuli/non_foods\stim132_inanimate_plants_sunflower_4.png	5	32	1	sunflower_4	0	289		NaN	0	0		0	0	1533.042691	1533.142555	0.0998638
298661.75	0.0999984	3025	stimuli/foods\cereal.jpg	5	32	1	cereal	1	59	TF_028	0	0	0		0	0	1533.192565	1533.292563	0.0999984
298699.25	0.099997	3026	stimuli/non_foods\stim016_animate_bird_peacock_4.png	5	32	1	peacock_4	0	222		NaN	0	0		0	0	1533.342569	1533.442566	0.099997
298736.75	0.0999957	3027	stimuli/non_foods\stim054_animate_insect_dragonfly_2.png	5	32	1	dragonfly_2	0	107		NaN	0	0		0	0	1533.492564	1533.59256	0.0999957
298774.25	0.0999903	3028	stimuli/foods\potato_and_green_bean_salad.jpg	5	32	1	potato_and_green_bean_salad	1	235	TF_072	0	0	0		0	0	1533.642569	1533.74256	0.0999903
298811.75	0.0999872	3029	stimuli/foods\stew_with_potatoes_and_carrots.jpg	5	32	1	stew_with_potatoes_and_carrots	1	284	TF_139	0	0	0		0	0	1533.792569	1533.892556	0.0999872
298849.25	0.0999917	3030	stimuli/non_foods\stim099_inanimate_clothing_socks_3.png	5	32	1	socks_3	0	269		NaN	0	0		0	0	1533.942563	1534.042554	0.0999917
298886.75	0.0999912	3031	stimuli/non_foods\stim110_inanimate_furniture_closet_2.png	5	32	1	closet_2	0	82		NaN	0	0		0	0	1534.092564	1534.192555	0.0999912
298924.25	0.0999882	3032	stimuli/foods\croissant.jpg	5	32	1	croissant	1	100	TF_037	0	0	0		0	0	1534.242566	1534.342554	0.0999882
298961.75	0.0999873	3033	stimuli/foods\potatoes.jpg	5	32	1	potatoes	1	237	NF_071	1	0	0		0	0	1534.392564	1534.492551	0.0999873
298999.25	0.0999856	3034	stimuli/foods\peach.jpg	5	32	1	peach	1	218	NF_079	1	0	0		0	0	1534.542568	1534.642554	0.0999856
299036.75	0.0999826	3035	stimuli/foods\tomato.jpg	5	32	1	tomato	1	298	NF_084	1	0	0		0	0	1534.692559	1534.792542	0.0999826
299074.25	0.0999978	3036	stimuli/non_foods\stim028_animate_human_child_4.png	5	32	1	child_4	0	73		NaN	0	0		0	0	1534.842553	1534.942551	0.0999978
299111.75	0.0999927	3037	stimuli/foods\banana.jpg	5	32	1	banana	1	18	NF_013	1	0	0		0	0	1534.992559	1535.092552	0.0999927
299149.25	0.0999856	3038	stimuli/non_foods\stim061_animate_mammal_cow_1.png	5	32	1	cow_1	0	94		NaN	1	0		0	0	1535.142554	1535.24254	0.0999856
299186.75	0.0999958	3039	stimuli/foods\cauliflower.jpg	5	32	1	cauliflower	1	57	NF_022	1	0	0		0	0	1535.292552	1535.392548	0.0999958
299224.25	0.1000002	3040	stimuli/non_foods\stim052_animate_insect_butterfly_4.png	5	32	1	butterfly_4	0	47		NaN	0	1	a	0.3920954	1	1535.44254	1535.54254	0.1000002
299261.75	0.0999958	3041	stimuli/foods\coffee_beans.jpg	5	32	1	coffee_beans	1	90	TF_029	0	0	0		0	0	1535.592546	1535.692541	0.0999958
299299.25	0.0999907	3042	stimuli/foods\artichoke.jpg	5	32	1	artichoke	1	7	NF_018	1	0	0		0	0	1535.742544	1535.842535	0.0999907
299336.75	0.0999886	3043	stimuli/foods\honey.jpg	5	32	1	honey	1	160	NF_062	1	0	0		0	0	1535.892545	1535.992533	0.0999886
299374.25	0.0999876	3044	stimuli/foods\oven-roasted_tomatoes.jpg	5	32	1	oven-roasted_tomatoes	1	203	TF_114	0	0	0		0	0	1536.042543	1536.14253	0.0999876
299411.75	0.0999952	3045	stimuli/non_foods\stim062_animate_mammal_cow_2.png	5	32	1	cow_2	0	95		NaN	0	0		0	0	1536.192535	1536.29253	0.0999952
299449.25	0.100006	3046	stimuli/non_foods\stim015_animate_bird_peacock_3.png	5	32	1	peacock_3	0	221		NaN	0	0		0	0	1536.342536	1536.442542	0.100006
299486.75	0.0999959	3047	stimuli/non_foods\stim154_inanimate_tools_scissors_2.png	5	32	1	scissors_2	0	259		NaN	0	0		0	0	1536.492542	1536.592538	0.0999959
299524.25	0.0999776	3048	stimuli/foods\cracker.jpg	5	32	1	cracker	1	98	TF_043	0	0	0		0	0	1536.642547	1536.742524	0.0999776
299561.75	0.0999791	3049	stimuli/foods\prawn.jpg	5	32	1	prawn	1	238	NF_041	1	0	0		0	0	1536.792547	1536.892526	0.0999791
299599.25	0.0999875	3050	stimuli/foods\fennel.jpg	5	32	1	fennel	1	121	NF_036	1	0	0		0	0	1536.942546	1537.042533	0.0999875
299636.75	0.0999858	3051	stimuli/foods\cannoli.jpg	5	32	1	cannoli	1	54	TF_022	0	0	0		0	0	1537.092543	1537.192528	0.0999858
299674.25	0.0999814	3052	stimuli/foods\fries.jpg	5	32	1	fries	1	126	TF_094	0	0	0		0	0	1537.242533	1537.342515	0.0999814
299711.75	0.1000118	3053	stimuli/foods\corncob.jpg	5	32	1	corncob	1	93	NF_051	1	0	0		0	0	1537.392516	1537.492528	0.1000118
299749.25	0.0999959	3054	stimuli/non_foods\stim074_animate_mammal_monkey_2.png	5	32	1	monkey_2	0	189		NaN	0	0		0	0	1537.542533	1537.642529	0.0999959
299786.75	0.0999874	3055	stimuli/foods\salmon.jpg	5	32	1	salmon	1	256	TF_130	0	0	0		0	0	1537.692537	1537.792524	0.0999874
299824.25	0.0999944	3056	stimuli/non_foods\stim036_animate_human_faces_4.png	5	32	1	faces_4	0	120		NaN	0	0		0	0	1537.842529	1537.942523	0.0999944
299861.75	0.1000101	3057	stimuli/non_foods\stim146_inanimate_tools_hammer_2.png	5	32	1	hammer_2	0	152		NaN	0	0		0	0	1537.992526	1538.092536	0.1000101
299899.25	0.0999973	3058	stimuli/foods\savory_pie.jpg	5	32	1	savory_pie	1	257	TF_146	0	0	0		0	0	1538.14253	1538.242527	0.0999973
299936.75	0.100001	3059	stimuli/foods\dates.jpg	5	32	1	dates	1	104	NF_032	1	0	0		0	0	1538.292533	1538.392534	0.100001
299974.25	0.0999891	3060	stimuli/non_foods\stim122_inanimate_plants_bush_2.png	5	32	1	bush_2	0	41		NaN	0	0		0	0	1538.442528	1538.542517	0.0999891
300011.75	0.0999715	3061	stimuli/foods\strawberry.jpg	5	32	1	strawberry	1	285	NF_037	1	0	0		0	0	1538.592523	1538.692495	0.0999715
300049.25	0.0999946	3062	stimuli/non_foods\stim128_inanimate_plants_cactus_4.png	5	32	1	cactus_4	0	52		NaN	0	0		0	0	1538.74252	1538.842515	0.0999946
300086.75	0.0999707	3063	stimuli/foods\avocado.jpg	5	32	1	avocado	1	9	NF_012	1	0	0		0	0	1538.892533	1538.992503	0.0999707
300124.25	0.0999926	3064	stimuli/non_foods\stim135_inanimate_plants_tree_3.png	5	32	1	tree_3	0	301		NaN	0	0		0	0	1539.04252	1539.142512	0.0999926
300161.75	0.0999749	3065	stimuli/non_foods\stim079_animate_mammal_rhino_3.png	5	32	1	rhino_3	0	248		NaN	0	0		0	0	1539.192531	1539.292506	0.0999749
300199.25	0.0999869	3066	stimuli/foods\kiwi.jpg	5	32	1	kiwi	1	172	NF_044	1	0	0		0	0	1539.342527	1539.442514	0.0999869
300236.75	0.0999964	3067	stimuli/non_foods\stim134_inanimate_plants_tree_2.png	5	32	1	tree_2	0	300		NaN	0	0		0	0	1539.492515	1539.592511	0.0999964
300274.25	0.0999882	3068	stimuli/foods\nougat.jpg	5	32	1	nougat	1	197	TF_144	0	0	0		0	0	1539.642533	1539.742521	0.0999882
300311.75	0.10002	3069	stimuli/non_foods\stim136_inanimate_plants_tree_4.png	5	32	1	tree_4	0	302		NaN	0	0		0	0	1539.792489	1539.892509	0.10002
300349.25	0.0999944	3070	stimuli/foods\lamb_chops.jpg	5	32	1	lamb_chops	1	173	TF_040	0	0	0		0	0	1539.942516	1540.042511	0.0999944
300386.75	0.0999773	3071	stimuli/foods\donut.jpg	5	32	1	donut	1	105	TF_032	0	0	0		0	0	1540.092519	1540.192497	0.0999773
300424.25	0.099989	3072	stimuli/foods\frankfurters.jpg	5	32	1	frankfurters	1	123	TF_156	0	0	0		0	0	1540.242509	1540.342498	0.099989
300461.75	0.0999906	3073	stimuli/foods\beetroots.jpg	5	32	1	beetroots	1	23	NF_015	1	0	0		0	0	1540.39251	1540.492501	0.0999906
300499.25	0.0999917	3074	stimuli/foods\wafer.jpg	5	32	1	wafer	1	307	TF_155	0	0	0		0	0	1540.542508	1540.642499	0.0999917
300536.75	0.0999724	3075	stimuli/foods\spaghetti_with_meat_sauce.jpg	5	32	1	spaghetti_with_meat_sauce	1	275	TF_137	0	0	0		0	0	1540.692515	1540.792488	0.0999724
300574.25	0.1000103	3076	stimuli/non_foods\stim046_animate_insect_bug_2.png	5	32	1	bug_2	0	37		NaN	0	0		0	0	1540.842484	1540.942494	0.1000103
300611.75	0.0999954	3077	stimuli/non_foods\stim057_animate_insect_grasshopper_1.png	5	32	1	grasshopper_1	0	143		NaN	0	0		0	0	1540.992505	1541.092501	0.0999954
300649.25	0.1000179	3078	stimuli/foods\green_beans.jpg	5	32	1	green_beans	1	147	NF_034	1	0	0		0	0	1541.142481	1541.242499	0.1000179
300686.75	0.0999872	3079	stimuli/foods\broccoli.jpg	5	32	1	broccoli	1	29	NF_016	1	0	0		0	0	1541.29251	1541.392497	0.0999872
300724.25	0.0999851	3080	stimuli/foods\chocolate_pralines.jpg	5	32	1	chocolate_pralines	1	77	TF_035	0	0	0		0	0	1541.442508	1541.542494	0.0999851
300761.75	0.0999955	3081	stimuli/non_foods\stim104_inanimate_furniture_bed_4.png	5	32	1	bed_4	0	22		NaN	0	0		0	0	1541.592501	1541.692497	0.0999955
300799.25	0.1000002	3082	stimuli/non_foods\stim156_inanimate_tools_scissors_4.png	5	32	1	scissors_4	0	261		NaN	0	0		0	0	1541.742493	1541.842493	0.1000002
300836.75	0.1000067	3083	stimuli/non_foods\stim056_animate_insect_dragonfly_4.png	5	32	1	dragonfly_4	0	109		NaN	0	0		0	0	1541.892489	1541.992495	0.1000067
300874.25	0.0999881	3084	stimuli/foods\cabbage.jpg	5	32	1	cabbage	1	48	NF_025	1	0	0		0	0	1542.042504	1542.142492	0.0999881
300911.75	0.1000067	3085	stimuli/non_foods\stim140_inanimate_plants_tulip_4.png	5	32	1	tulip_4	0	306		NaN	0	0		0	0	1542.192484	1542.29249	0.1000067
300949.25	0.0999978	3086	stimuli/non_foods\stim010_animate_bird_parrot_2.png	5	32	1	parrot_2	0	213		NaN	0	0		0	0	1542.342492	1542.44249	0.0999978
300986.75	0.09999	3087	stimuli/foods\peas.jpg	5	32	1	peas	1	224	NF_081	1	0	0		0	0	1542.492496	1542.592486	0.09999
301024.25	0.0999933	3088	stimuli/foods\ice_cream.jpg	5	32	1	ice_cream	1	162	TF_062	0	0	0		0	0	1542.642498	1542.742492	0.0999933
301061.75	0.0999927	3089	stimuli/non_foods\stim009_animate_bird_parrot_1.png	5	32	1	parrot_1	0	212		NaN	0	0		0	0	1542.792491	1542.892483	0.0999927
301099.25	0.0999894	3090	stimuli/foods\celery.jpg	5	32	1	celery	1	58	NF_092	1	0	0		0	0	1542.942496	1543.042485	0.0999894
301136.75	0.0999956	3091	stimuli/non_foods\stim144_inanimate_tools_broom_4.png	5	32	1	broom_4	0	33		NaN	0	0		0	0	1543.092487	1543.192482	0.0999956
301174.25	0.0999856	3092	stimuli/foods\blue_cheese.jpg	5	32	1	blue_cheese	1	25	TF_066	0	0	0		0	0	1543.242496	1543.342482	0.0999856
301211.75	0.0999969	3093	stimuli/non_foods\stim116_inanimate_furniture_sofa_4.png	5	32	1	sofa_4	0	274		NaN	0	0		0	0	1543.392487	1543.492484	0.0999969
301249.25	0.0999903	3094	stimuli/foods\papaya.jpg	5	32	1	papaya	1	210	NF_069	1	0	0		0	0	1543.542491	1543.642481	0.0999903
301286.75	0.0999879	3095	stimuli/foods\green_olives.jpg	5	32	1	green_olives	1	148	TF_085	0	0	0		0	0	1543.69249	1543.792478	0.0999879
301324.25	0.0999979	3096	stimuli/non_foods\stim048_animate_insect_bug_4.png	5	32	1	bug_4	0	39		NaN	0	0		0	0	1543.842481	1543.942479	0.0999979
301361.75	0.0999962	3097	stimuli/non_foods\stim092_inanimate_clothing_jeans_4.png	5	32	1	jeans_4	0	167		NaN	0	0		0	0	1543.992481	1544.092477	0.0999962
301399.25	0.0999941	3098	stimuli/foods\mortadella.jpg	5	32	1	mortadella	1	192	TF_083	0	0	0		0	0	1544.142485	1544.242479	0.0999941
301436.75	0.099988	3099	stimuli/foods\cucumber.jpg	5	32	1	cucumber	1	101	NF_026	1	0	0		0	0	1544.292486	1544.392474	0.099988
301474.25	0.0999872	3100	stimuli/foods\spring_onions.jpg	5	32	1	spring_onions	1	282	NF_086	1	0	0		0	0	1544.442483	1544.54247	0.0999872
301511.75	0.0999976	3101	stimuli/non_foods\stim085_inanimate_clothing_hat_1.png	5	32	1	hat_1	0	155		NaN	0	0		0	0	1544.592475	1544.692472	0.0999976
301549.25	0.0999918	3102	stimuli/non_foods\stim120_inanimate_furniture_table_4.png	5	32	1	table_4	0	294		NaN	0	0		0	0	1544.742476	1544.842468	0.0999918
301586.75	0.0999944	3103	stimuli/non_foods\stim117_inanimate_furniture_table_1.png	5	32	1	table_1	0	291		NaN	0	0		0	0	1544.892476	1544.99247	0.0999944
301624.25	0.0999966	3104	stimuli/non_foods\stim118_inanimate_furniture_table_2.png	5	32	1	table_2	0	292		NaN	0	0		0	0	1545.042472	1545.142469	0.0999966
301661.75	0.1000037	3105	stimuli/non_foods\stim053_animate_insect_dragonfly_1.png	5	32	1	dragonfly_1	0	106		NaN	0	0		0	0	1545.192463	1545.292467	0.1000037
301699.25	0.0999969	3106	stimuli/non_foods\stim044_animate_insect_ant_4.png	5	32	1	ant_4	0	4		NaN	0	0		0	0	1545.342468	1545.442465	0.0999969
301736.75	0.0999952	3107	stimuli/non_foods\stim124_inanimate_plants_bush_4.png	5	32	1	bush_4	0	43		NaN	0	0		0	0	1545.492469	1545.592464	0.0999952
301774.25	0.0999893	3108	stimuli/foods\risotto_with_peas_and_asparagus_tips.jpg	5	32	1	risotto_with_peas_and_asparagus_tips	1	252	TF_123	0	0	0		0	0	1545.642474	1545.742464	0.0999893
301811.75	0.0999923	3109	stimuli/non_foods\stim027_animate_human_child_3.png	5	32	1	child_3	0	72		NaN	0	0		0	0	1545.792468	1545.89246	0.0999923
301849.25	0.0999877	3110	stimuli/foods\steak.jpg	5	32	1	steak	1	283	TF_013	0	0	0		0	0	1545.942471	1546.042459	0.0999877
301886.75	0.0999967	3111	stimuli/non_foods\stim125_inanimate_plants_cactus_1.png	5	32	1	cactus_1	0	49		NaN	0	0		0	0	1546.092464	1546.192461	0.0999967
301924.25	0.0999993	3112	stimuli/non_foods\stim153_inanimate_tools_scissors_1.png	5	32	1	scissors_1	0	258		NaN	0	0		0	0	1546.24246	1546.342459	0.0999993
301961.75	0.0999917	3113	stimuli/non_foods\stim050_animate_insect_butterfly_2.png	5	32	1	butterfly_2	0	45		NaN	0	0		0	0	1546.392461	1546.492453	0.0999917
301999.25	0.0999953	3114	stimuli/foods\omelette.jpg	5	32	1	omelette	1	199	TF_057	0	0	0		0	0	1546.542463	1546.642458	0.0999953
302036.75	0.0999871	3115	stimuli/foods\roasted_chicken.jpg	5	32	1	roasted_chicken	1	253	TF_109	0	0	0		0	0	1546.692466	1546.792453	0.0999871
302074.25	0.1000098	3116	stimuli/non_foods\stim123_inanimate_plants_bush_3.png	5	32	1	bush_3	0	42		NaN	0	0		0	0	1546.84246	1546.94247	0.1000098
302111.75	0.0999965	3117	stimuli/non_foods\stim111_inanimate_furniture_closet_3.png	5	32	1	closet_3	0	83		NaN	0	0		0	0	1546.992456	1547.092453	0.0999965
302149.25	0.0999861	3118	stimuli/foods\cream_donuts.jpg	5	32	1	cream_donuts	1	99	TF_014	0	0	0		0	0	1547.142464	1547.24245	0.0999861
302186.75	0.0999962	3119	stimuli/non_foods\stim142_inanimate_tools_broom_2.png	5	32	1	broom_2	0	31		NaN	0	0		0	0	1547.292454	1547.39245	0.0999962
302224.25	0.0999933	3120	stimuli/non_foods\stim011_animate_bird_parrot_3.png	5	32	1	parrot_3	0	214		NaN	0	0		0	0	1547.442455	1547.542448	0.0999933
302261.75	0.0999961	3121	stimuli/non_foods\stim151_inanimate_tools_pan_3.png	5	32	1	pan_3	0	207		NaN	0	0		0	0	1547.592449	1547.692446	0.0999961
302299.25	0.09999	3122	stimuli/foods\baked_cod_with_carrots_and_green_beans.jpg	5	32	1	baked_cod_with_carrots_and_green_beans	1	16	TF_082	0	0	0		0	0	1547.742457	1547.842447	0.09999
302336.75	0.0999916	3123	stimuli/foods\chocolate_chip_cookies.jpg	5	32	1	chocolate_chip_cookies	1	76	TF_010	0	0	0		0	0	1547.892455	1547.992446	0.0999916
302374.25	0.1000104	3124	stimuli/foods\hamburger.jpg	5	32	1	hamburger	1	150	TF_069	0	0	0		0	0	1548.042434	1548.142444	0.1000104
302411.75	0.0999911	3125	stimuli/foods\pickles.jpg	5	32	1	pickles	1	230	TF_134	0	0	0		0	0	1548.192454	1548.292445	0.0999911
302449.25	0.0999893	3126	stimuli/foods\asparagus.jpg	5	32	1	asparagus	1	8	NF_010	1	0	0		0	0	1548.342451	1548.44244	0.0999893
302486.75	0.0999982	3127	stimuli/non_foods\stim119_inanimate_furniture_table_3.png	5	32	1	table_3	0	293		NaN	0	0		0	0	1548.492443	1548.592441	0.0999982
302524.25	0.0999885	3128	stimuli/foods\mandarin.jpg	5	32	1	mandarin	1	184	NF_052	1	0	0		0	0	1548.642453	1548.742442	0.0999885
302561.75	0.0999944	3129	stimuli/non_foods\stim090_inanimate_clothing_jeans_2.png	5	32	1	jeans_2	0	165		NaN	0	0		0	0	1548.792443	1548.892438	0.0999944
302599.25	0.0999901	3130	stimuli/foods\pomegranate.jpg	5	32	1	pomegranate	1	232	NF_058	1	0	0		0	0	1548.942447	1549.042437	0.0999901
302636.75	0.0999981	3131	stimuli/non_foods\stim133_inanimate_plants_tree_1.png	5	32	1	tree_1	0	299		NaN	0	0		0	0	1549.092437	1549.192435	0.0999981
302674.25	0.1000149	3132	stimuli/foods\bread.jpg	5	32	1	bread	1	26	TF_089	0	0	0		0	0	1549.242421	1549.342436	0.1000149
302711.75	0.1000034	3133	stimuli/non_foods\stim072_animate_mammal_kangaroo_4.png	5	32	1	kangaroo_4	0	171		NaN	0	0		0	0	1549.392439	1549.492442	0.1000034
305324.25	0.1166503	3134	stimuli/foods\fried_calamari.jpg	6	33	0	fried_calamari	1	124	TF_020	0	0	NaN	a	0.5863595	1	1559.842365	1559.959015	0.1166503
305803.5	0.1166479	3135	stimuli/foods\lime.jpg	6	33	0	lime	1	180	NF_048	1	0	NaN	f	0.3407269	1	1561.759019	1561.875667	0.1166479
306124.25	0.1166772	3136	stimuli/foods\brie.jpg	6	33	0	brie	1	28	TF_016	0	0	NaN	a	0.3593568	1	1563.042341	1563.159018	0.1166772
306516	0.1166437	3137	stimuli/foods\baguette.jpg	6	33	0	baguette	1	15	TF_006	0	0	NaN	f	0.3317387	0	1564.608996	1564.725639	0.1166437
306820	0.1166526	3138	stimuli/foods\cracker.jpg	6	33	0	cracker	1	98	TF_043	0	0	NaN	a	0.379116	1	1565.825651	1565.942303	0.1166526
307199.25	0.1166462	3139	stimuli/foods\taco.jpg	6	33	0	taco	1	295	TF_141	0	0	NaN	a	0.3004272	1	1567.342309	1567.458956	0.1166462
307499.25	0.116651	3140	stimuli/foods\grapefruits.jpg	6	33	0	grapefruits	1	141	NF_085	1	0	NaN	f	0.4344512	1	1568.542296	1568.658947	0.116651
307920	0.1166236	3141	stimuli/foods\cannoli.jpg	6	33	0	cannoli	1	54	TF_022	0	0	NaN	a	0.4181568	1	1570.225641	1570.342265	0.1166236
308286.75	0.1166433	3142	stimuli/foods\donut.jpg	6	33	0	donut	1	105	TF_032	0	0	NaN	a	0.4104891	1	1571.692269	1571.808913	0.1166433
308670	0.1166499	3143	stimuli/foods\coffee_beans.jpg	6	33	0	coffee_beans	1	90	TF_029	0	0	NaN	a	0.389132	1	1573.225592	1573.342242	0.1166499
309074.25	0.1166558	3144	stimuli/foods\salami.jpg	6	33	0	salami	1	255	TF_127	0	0	NaN	a	0.3374875	1	1574.84224	1574.958896	0.1166558
309441	0.1166508	3145	stimuli/foods\pear.jpg	6	33	0	pear	1	223	NF_077	1	0	NaN	f	0.3078663	1	1576.308901	1576.425552	0.1166508
309820.25	0.116116	3146	stimuli/foods\oregano.jpg	6	33	0	oregano	1	202	NF_066	1	0	NaN	a	0.556146	0	1577.826117	1577.942233	0.116116
310191	0.1166503	3147	stimuli/foods\mortadella.jpg	6	33	0	mortadella	1	192	TF_083	0	0	NaN	a	0.3478532	1	1579.308877	1579.425527	0.1166503
310553.5	0.1166555	3148	stimuli/foods\risotto_with_peas_and_asparagus_tips.jpg	6	33	0	risotto_with_peas_and_asparagus_tips	1	252	TF_123	0	0	NaN	a	0.4078508	1	1580.75887	1580.875525	0.1166555
310991	0.1166543	3149	stimuli/foods\papaya.jpg	6	33	0	papaya	1	210	NF_069	1	0	NaN	f	0.3728411	1	1582.508851	1582.625506	0.1166543
311391	0.1166508	3150	stimuli/foods\asparagus.jpg	6	33	0	asparagus	1	8	NF_010	1	0	NaN	f	0.2809171	1	1584.108836	1584.225487	0.1166508
311716	0.116654	3151	stimuli/foods\strawberry.jpg	6	33	0	strawberry	1	285	NF_037	1	0	NaN	f	0.2599042	1	1585.408823	1585.525477	0.116654
312057.5	0.1166482	3152	stimuli/foods\hotdog.jpg	6	33	0	hotdog	1	161	TF_070	0	0	NaN	a	0.3562703	1	1586.775486	1586.892134	0.1166482
312411.75	0.1166226	3153	stimuli/foods\hazelnuts.jpg	6	33	0	hazelnuts	1	159	NF_065	1	0	NaN	f	0.3995619	1	1588.192169	1588.308792	0.1166226
312753.5	0.1166355	3154	stimuli/foods\baked_lamb_with_potatoes.jpg	6	33	0	baked_lamb_with_potatoes	1	17	TF_001	0	0	NaN	a	0.4439647	1	1589.558809	1589.675445	0.1166355
313178.5	0.1166469	3155	stimuli/foods\ginger_root.jpg	6	33	0	ginger_root	1	131	NF_088	1	0	NaN	f	0.4719734	1	1591.258782	1591.375429	0.1166469
315411.75	0.1165285	3156	stimuli/foods\croissant.jpg	6	34	0	croissant	1	100	TF_037	0	0	NaN	a	0.3606949	1	1600.192165	1600.308693	0.1165285
315770	0.1166755	3157	stimuli/foods\almonds.jpg	6	34	0	almonds	1	0	NF_053	1	0	NaN	f	0.3273671	1	1601.625365	1601.74204	0.1166755
316140.75	0.1166375	3158	stimuli/foods\grapes.jpg	6	34	0	grapes	1	142	NF_098	1	0	NaN	f	0.3010751	1	1603.108698	1603.225336	0.1166375
316461.75	0.1166512	3159	stimuli/foods\garlic.jpg	6	34	0	garlic	1	130	NF_001	1	0	NaN	f	0.2957242	1	1604.392009	1604.50866	0.1166512
316774.25	0.1166479	3160	stimuli/foods\potato_and_green_bean_salad.jpg	6	34	0	potato_and_green_bean_salad	1	235	TF_072	0	0	NaN	f	0.3257806	0	1605.642	1605.758648	0.1166479
317090.75	0.116649	3161	stimuli/foods\honey.jpg	6	34	0	honey	1	160	NF_062	1	0	NaN	f	0.8131163	1	1606.908652	1607.025301	0.116649
317578.25	0.1166485	3162	stimuli/foods\fruit_flan.jpg	6	34	0	fruit_flan	1	127	TF_093	0	0	NaN	a	0.420043	1	1608.858641	1608.97529	0.1166485
317986.75	0.1166458	3163	stimuli/foods\lamb_chops.jpg	6	34	0	lamb_chops	1	173	TF_040	0	0	NaN	a	0.3857706	1	1610.491961	1610.608607	0.1166458
318403.25	0.1166474	3164	stimuli/foods\cuttlefish.jpg	6	34	0	cuttlefish	1	103	NF_093	1	0	NaN	f	0.4961746	1	1612.158619	1612.275267	0.1166474
318820	0.1166485	3165	stimuli/foods\gnocchi.jpg	6	34	0	gnocchi	1	140	TF_064	0	0	NaN	a	0.4124951	1	1613.825268	1613.941916	0.1166485
319232.5	0.1166492	3166	stimuli/foods\cinnamon.jpg	6	34	0	cinnamon	1	79	NF_017	1	0	NaN	f	0.4124808	1	1615.475253	1615.591903	0.1166492
319632.5	0.1166371	3167	stimuli/foods\lobster.jpg	6	34	0	lobster	1	182	NF_007	1	0	NaN	f	0.5075411	1	1617.075252	1617.191889	0.1166371
320065.75	0.1166496	3168	stimuli/foods\lentils.jpg	6	34	0	lentils	1	177	NF_047	1	0	NaN	f	0.5381848	1	1618.808559	1618.925208	0.1166496
320478.25	0.1166644	3169	stimuli/foods\stew_with_potatoes_and_carrots.jpg	6	34	0	stew_with_potatoes_and_carrots	1	284	TF_139	0	0	NaN	a	0.5042069	1	1620.45854	1620.575204	0.1166644
320861.75	0.116659	3170	stimuli/foods\rice_cake.jpg	6	34	0	rice_cake	1	251	TF_059	0	0	NaN	a	0.3928526	1	1621.991861	1622.10852	0.116659
321299.25	0.1166473	3171	stimuli/foods\cream_donuts.jpg	6	34	0	cream_donuts	1	99	TF_014	0	0	NaN	a	0.4039054	1	1623.74185	1623.858497	0.1166473
321628.25	0.1166478	3172	stimuli/foods\waffle.jpg	6	34	0	waffle	1	308	TF_030	0	0	NaN	a	0.3572335	1	1625.058511	1625.175159	0.1166478
322053.25	0.1166355	3173	stimuli/foods\bagel.jpg	6	34	0	bagel	1	14	TF_005	0	0	NaN	a	0.3252429	1	1626.75851	1626.875146	0.1166355
322370	0.1166579	3174	stimuli/foods\lemon.jpg	6	34	0	lemon	1	175	NF_049	1	0	NaN	f	0.3836422	1	1628.025143	1628.141801	0.1166579
322724.25	0.1166669	3175	stimuli/foods\bread_roll.jpg	6	34	0	bread_roll	1	27	TF_090	0	0	NaN	a	0.3579293	1	1629.441802	1629.558469	0.1166669
323090.75	0.1166483	3176	stimuli/foods\wafer.jpg	6	34	0	wafer	1	307	TF_155	0	0	NaN	a	0.3453522	1	1630.908464	1631.025113	0.1166483
323486.75	0.1166142	3177	stimuli/foods\radish.jpg	6	34	0	radish	1	240	NF_090	1	0	NaN	f	0.4599796	1	1632.491819	1632.608433	0.1166142
324470	0.1166489	3178	stimuli/foods\cupcake.jpg	6	35	0	cupcake	1	102	TF_050	0	0	NaN	a	0.6256377	1	1636.425086	1636.541735	0.1166489
324882.5	0.1166288	3179	stimuli/foods\prawn.jpg	6	35	0	prawn	1	238	NF_041	1	0	NaN	a	0.3756557	0	1638.075091	1638.191719	0.1166288
325261.75	0.1166515	3180	stimuli/foods\swordfish.jpg	6	35	0	swordfish	1	290	TF_101	0	0	NaN	a	0.6319931	1	1639.591726	1639.708377	0.1166515
325736.75	0.1166505	3181	stimuli/foods\apricot.jpg	6	35	0	apricot	1	6	NF_002	1	0	NaN	f	0.4200924	1	1641.491712	1641.608363	0.1166505
326174.25	0.1166267	3182	stimuli/foods\smoked_ham.jpg	6	35	0	smoked_ham	1	266	TF_118	0	0	NaN	a	0.525052	1	1643.241718	1643.358345	0.1166267
326582.5	0.1166496	3183	stimuli/foods\pineapple.jpg	6	35	0	pineapple	1	231	NF_004	1	0	NaN	f	0.3867383	1	1644.875018	1644.991668	0.1166496
326915.75	0.1166462	3184	stimuli/foods\ice_cream.jpg	6	35	0	ice_cream	1	162	TF_062	0	0	NaN	a	0.4164388	1	1646.208342	1646.324988	0.1166462
327311.75	0.1166455	3185	stimuli/foods\parmesan_cheese.jpg	6	35	0	parmesan_cheese	1	211	TF_091	0	0	NaN	a	0.4110929	1	1647.791663	1647.908309	0.1166455
327749.25	0.1166485	3186	stimuli/foods\figs.jpg	6	35	0	figs	1	122	NF_035	1	0	NaN	f	0.6200708	1	1649.541648	1649.658296	0.1166485
328132.5	0.1166648	3187	stimuli/foods\cinnamon_sroll.jpg	6	35	0	cinnamon_sroll	1	80	TF_021	0	0	NaN	a	0.4907694	1	1651.074969	1651.191634	0.1166648
328557.5	0.116633	3188	stimuli/foods\corncob.jpg	6	35	0	corncob	1	93	NF_051	1	0	NaN	f	0.7278901	1	1652.774971	1652.891604	0.116633
328995	0.1166609	3189	stimuli/foods\peas.jpg	6	35	0	peas	1	224	NF_081	1	0	NaN	f	0.3828064	1	1654.52493	1654.641591	0.1166609
329378.25	0.1166458	3190	stimuli/foods\cherry.jpg	6	35	0	cherry	1	64	NF_027	1	0	NaN	f	0.3265389	1	1656.058262	1656.174908	0.1166458
329728.25	0.1166673	3191	stimuli/foods\pork_loin_with_peas.jpg	6	35	0	pork_loin_with_peas	1	234	TF_003	0	0	NaN	a	0.3835273	1	1657.458253	1657.57492	0.1166673
330057.5	0.1166534	3192	stimuli/foods\mushroom.jpg	6	35	0	mushroom	1	194	NF_039	1	0	NaN	f	0.6378989	1	1658.774902	1658.891556	0.1166534
330507.5	0.1166483	3193	stimuli/foods\broccoli.jpg	6	35	0	broccoli	1	29	NF_016	1	0	NaN	f	0.3348748	1	1660.57489	1660.691538	0.1166483
330890.75	0.1166498	3194	stimuli/foods\potatoes.jpg	6	35	0	potatoes	1	237	NF_071	1	0	NaN	f	0.3835031	1	1662.108215	1662.224864	0.1166498
331299.25	0.1161058	3195	stimuli/foods\mandarin.jpg	6	35	0	mandarin	1	184	NF_052	1	0	NaN	f	0.3192111	1	1663.742076	1663.858182	0.1161058
331703.25	0.11664	3196	stimuli/foods\green_beans.jpg	6	35	0	green_beans	1	147	NF_034	1	0	NaN	f	0.2605848	1	1665.358199	1665.474839	0.11664
332028.25	0.1166594	3197	stimuli/foods\chocolate_bar.jpg	6	35	0	chocolate_bar	1	75	TF_033	0	0	NaN	a	0.4455726	1	1666.658169	1666.774828	0.1166594
332390.75	0.1166397	3198	stimuli/foods\cauliflower.jpg	6	35	0	cauliflower	1	57	NF_022	1	0	NaN	f	0.4545979	1	1668.108173	1668.224813	0.1166397
332736.75	0.1166501	3199	stimuli/foods\cooked_ham.jpg	6	35	0	cooked_ham	1	91	TF_116	0	0	NaN	a	0.43628	1	1669.491489	1669.608139	0.1166501
334903.25	0.1166481	3200	stimuli/foods\oven-roasted_tomatoes.jpg	6	36	0	oven-roasted_tomatoes	1	203	TF_114	0	0	NaN	a	0.8657233	1	1678.158085	1678.274733	0.1166481
335365.75	0.1166312	3201	stimuli/foods\capsicum.jpg	6	36	0	capsicum	1	55	NF_076	1	0	NaN	f	0.355693	1	1680.008084	1680.124715	0.1166312
335724.25	0.1166395	3202	stimuli/foods\chocolate_pralines.jpg	6	36	0	chocolate_pralines	1	77	TF_035	0	0	NaN	a	0.3474409	1	1681.441393	1681.558032	0.1166395
336103.25	0.1166526	3203	stimuli/foods\cucumber.jpg	6	36	0	cucumber	1	101	NF_026	1	0	NaN	f	0.3097166	1	1682.958042	1683.074695	0.1166526
336449.25	0.1166347	3204	stimuli/foods\fruit_pie.jpg	6	36	0	fruit_pie	1	128	TF_147	0	0	NaN	a	0.3223854	1	1684.341382	1684.458017	0.1166347
336765.75	0.116611	3205	stimuli/foods\omelette.jpg	6	36	0	omelette	1	199	TF_057	0	0	NaN	a	0.431762	1	1685.608061	1685.724672	0.116611
337099.25	0.1166528	3206	stimuli/foods\red_cabbage.jpg	6	36	0	red_cabbage	1	245	NF_023	1	0	NaN	f	0.415402	1	1686.941346	1687.057999	0.1166528
337453.25	0.1166535	3207	stimuli/foods\spaghetti_with_meat_sauce.jpg	6	36	0	spaghetti_with_meat_sauce	1	275	TF_137	0	0	NaN	a	0.3067938	1	1688.358	1688.474654	0.1166535
337778.25	0.1166334	3208	stimuli/foods\pea_pod.jpg	6	36	0	pea_pod	1	217	NF_082	1	0	NaN	a	0.3048182	0	1689.658009	1689.774642	0.1166334
338082.5	0.1166577	3209	stimuli/foods\fries.jpg	6	36	0	fries	1	126	TF_094	0	0	NaN	a	0.4190937	1	1690.874646	1690.991304	0.1166577
338436.75	0.1166545	3210	stimuli/foods\lemon_meringue_pie.jpg	6	36	0	lemon_meringue_pie	1	176	TF_151	0	0	NaN	a	0.3584557	1	1692.291302	1692.407957	0.1166545
338757.5	0.1166481	3211	stimuli/foods\watermelon.jpg	6	36	0	watermelon	1	309	NF_005	1	0	NaN	f	0.3071342	1	1693.574628	1693.691276	0.1166481
339086.75	0.1166496	3212	stimuli/foods\baked_cod_with_carrots_and_green_beans.jpg	6	36	0	baked_cod_with_carrots_and_green_beans	1	16	TF_082	0	0	NaN	a	0.3664848	1	1694.891281	1695.007931	0.1166496
339457.5	0.1166698	3213	stimuli/foods\egg.jpg	6	36	0	egg	1	115	NF_095	1	0	NaN	f	0.3181314	1	1696.374604	1696.491273	0.1166698
339811.75	0.1166519	3214	stimuli/foods\meatballs.jpg	6	36	0	meatballs	1	186	TF_112	0	0	NaN	a	0.4455079	1	1697.791258	1697.90791	0.1166519
340240.75	0.1166609	3215	stimuli/foods\dried_figs.jpg	6	36	0	dried_figs	1	110	TF_054	0	0	NaN	a	0.3638299	1	1699.507914	1699.624575	0.1166609
340615.75	0.1166598	3216	stimuli/foods\pasta_carbonara.jpg	6	36	0	pasta_carbonara	1	216	TF_027	0	0	NaN	a	0.4228233	1	1701.007897	1701.124557	0.1166598
340999.25	0.1166541	3217	stimuli/foods\mango.jpg	6	36	0	mango	1	185	NF_054	1	0	NaN	f	0.3665285	1	1702.541221	1702.657875	0.1166541
341311.75	0.116666	3218	stimuli/foods\kiwi.jpg	6	36	0	kiwi	1	172	NF_044	1	0	NaN	f	0.3075412	1	1703.791211	1703.907877	0.116666
341632.5	0.1166604	3219	stimuli/foods\octopus.jpg	6	36	0	octopus	1	198	TF_113	0	0	NaN	a	0.325211	1	1705.074521	1705.191181	0.1166604
342003.25	0.1166511	3220	stimuli/foods\pumpkin.jpg	6	36	0	pumpkin	1	239	NF_101	1	0	NaN	f	0.2968888	1	1706.557855	1706.674506	0.1166511
342382.5	0.1166479	3221	stimuli/foods\artichoke.jpg	6	36	0	artichoke	1	7	NF_018	1	0	NaN	f	0.2352586	1	1708.074511	1708.191159	0.1166479
344986.75	0.1166484	3222	stimuli/foods\pomegranate.jpg	6	37	0	pomegranate	1	232	NF_058	1	0	NaN	f	0.5316608	1	1718.491094	1718.607743	0.1166484
345415.75	0.1166499	3223	stimuli/foods\rockmelon.jpg	6	37	0	rockmelon	1	254	NF_060	1	0	NaN	f	0.2530278	1	1720.207747	1720.324397	0.1166499
345711.75	0.1166585	3224	stimuli/foods\licorice.jpg	6	37	0	licorice	1	179	TF_078	0	0	NaN	a	0.5677111	1	1721.391058	1721.507717	0.1166585
346178.25	0.1166512	3225	stimuli/foods\toasted_bread_with_tomatoes.jpg	6	37	0	toasted_bread_with_tomatoes	1	297	TF_017	0	0	NaN	a	0.483057	1	1723.257716	1723.374367	0.1166512
346565.75	0.1166387	3226	stimuli/foods\blackberry.jpg	6	37	0	blackberry	1	24	NF_063	1	0	NaN	f	0.4590885	1	1724.807712	1724.92435	0.1166387
346907.5	0.1166433	3227	stimuli/foods\cooked_prawn.jpg	6	37	0	cooked_prawn	1	92	TF_060	0	0	NaN	a	0.5534121	1	1726.174366	1726.291009	0.1166433
347382.5	0.1166529	3228	stimuli/foods\fruit_salad.jpg	6	37	0	fruit_salad	1	129	NF_043	1	0	NaN	a	0.4144014	0	1728.074345	1728.190998	0.1166529
347807.5	0.1166487	3229	stimuli/foods\minestrone_soup.jpg	6	37	0	minestrone_soup	1	187	TF_160	0	0	NaN	a	0.4164409	1	1729.774334	1729.890983	0.1166487
348253.25	0.1166458	3230	stimuli/foods\spring_onions.jpg	6	37	0	spring_onions	1	282	NF_086	1	0	NaN	f	0.3451161	1	1731.557655	1731.674301	0.1166458
348557.5	0.1166036	3231	stimuli/foods\rice.jpg	6	37	0	rice	1	250	TF_121	0	0	NaN	a	0.583468	1	1732.774358	1732.890962	0.1166036
348986.5	0.1166596	3232	stimuli/foods\steak.jpg	6	37	0	steak	1	283	TF_013	0	0	NaN	a	0.5197971	1	1734.490959	1734.607618	0.1166596
349390.75	0.1166496	3233	stimuli/foods\grilled_chicken_breast.jpg	6	37	0	grilled_chicken_breast	1	149	TF_104	0	0	NaN	a	0.3721631	1	1736.107619	1736.224269	0.1166496
349824.25	0.1161004	3234	stimuli/foods\dates.jpg	6	37	0	dates	1	104	NF_032	1	0	NaN	f	0.6178315	1	1737.841482	1737.957582	0.1161004
350220	0.1166493	3235	stimuli/foods\frankfurters.jpg	6	37	0	frankfurters	1	123	TF_156	0	0	NaN	a	0.4425033	1	1739.424258	1739.540907	0.1166493
350632.5	0.1166709	3236	stimuli/foods\blue_cheese.jpg	6	37	0	blue_cheese	1	25	TF_066	0	0	NaN	a	0.3515019	1	1741.074244	1741.190915	0.1166709
350965.75	0.116662	3237	stimuli/foods\mussels.jpg	6	37	0	mussels	1	195	TF_042	0	0	NaN	f	0.5061754	0	1742.407565	1742.524227	0.116662
351370	0.1166508	3238	stimuli/foods\peach.jpg	6	37	0	peach	1	218	NF_079	1	0	NaN	f	0.3726299	1	1744.02422	1744.140871	0.1166508
351807.5	0.1166549	3239	stimuli/foods\pickles.jpg	6	37	0	pickles	1	230	TF_134	0	0	NaN	f	0.6815537	0	1745.774197	1745.890852	0.1166549
352278.25	0.1166478	3240	stimuli/foods\tomato.jpg	6	37	0	tomato	1	298	NF_084	1	0	NaN	f	0.561236	1	1747.657525	1747.774173	0.1166478
352753.25	0.1166312	3241	stimuli/foods\calamari.jpg	6	37	0	calamari	1	53	TF_019	0	0	NaN	a	0.3772456	1	1749.557528	1749.67416	0.1166312
353107.5	0.1166491	3242	stimuli/foods\savory_pie.jpg	6	37	0	savory_pie	1	257	TF_146	0	0	NaN	a	0.3916003	1	1750.974167	1751.090816	0.1166491
353545	0.1166535	3243	stimuli/foods\potato_chips.jpg	6	37	0	potato_chips	1	236	TF_097	0	0	NaN	a	0.427632	1	1752.724146	1752.8408	0.1166535
358228.25	0.1166585	3244	stimuli/foods\salmon.jpg	6	38	0	salmon	1	256	TF_130	0	0	NaN	a	0.4444579	1	1771.457324	1771.573983	0.1166585
358595	0.1166494	3245	stimuli/foods\fennel.jpg	6	38	0	fennel	1	121	NF_036	1	0	NaN	f	0.4747676	1	1772.92399	1773.040639	0.1166494
358970	0.1166499	3246	stimuli/foods\raw_sausage.jpg	6	38	0	raw_sausage	1	243	TF_131	0	0	NaN	a	0.3707892	1	1774.423974	1774.540624	0.1166499
359290.75	0.1166488	3247	stimuli/foods\onion.jpg	6	38	0	onion	1	200	NF_029	1	0	NaN	f	0.4924923	1	1775.707298	1775.823946	0.1166488
359711.5	0.1166513	3248	stimuli/foods\chilli.jpg	6	38	0	chilli	1	74	NF_073	1	0	NaN	f	0.4021664	1	1777.390618	1777.50727	0.1166513
360099	0.1166522	3249	stimuli/foods\carrot.jpg	6	38	0	carrot	1	56	NF_019	1	0	NaN	f	0.5771578	1	1778.940613	1779.057265	0.1166522
360528.25	0.1166511	3250	stimuli/foods\avocado.jpg	6	38	0	avocado	1	9	NF_012	1	0	NaN	f	0.3605311	1	1780.65726	1780.773911	0.1166511
360899	0.1166495	3251	stimuli/foods\orange.jpg	6	38	0	orange	1	201	NF_008	1	0	NaN	f	0.2312151	1	1782.140579	1782.257229	0.1166495
361249	0.1166544	3252	stimuli/foods\pepperoni_pizza.jpg	6	38	0	pepperoni_pizza	1	229	TF_106	0	0	NaN	a	0.3782027	1	1783.54056	1783.657215	0.1166544
361682.5	0.1166513	3253	stimuli/foods\pancakes.jpg	6	38	0	pancakes	1	209	TF_058	0	0	NaN	a	0.5018986	1	1785.273885	1785.390537	0.1166513
362036.5	0.1166328	3254	stimuli/foods\bread.jpg	6	38	0	bread	1	26	TF_089	0	0	NaN	a	0.338257	1	1786.690561	1786.807193	0.1166328
362353.25	0.1166527	3255	stimuli/foods\eggplant.jpg	6	38	0	eggplant	1	116	NF_059	1	0	NaN	f	0.3865488	1	1787.957197	1788.07385	0.1166527
362728.25	0.1164213	3256	stimuli/foods\red_beans.jpg	6	38	0	red_beans	1	244	NF_033	1	0	NaN	f	0.4346419	1	1789.457415	1789.573837	0.1164213
363074	0.1166533	3257	stimuli/foods\raw_ham.jpg	6	38	0	raw_ham	1	242	TF_117	0	0	NaN	a	0.3812721	1	1790.840507	1790.95716	0.1166533
363474	0.1166371	3258	stimuli/foods\linguine_with_clams.jpg	6	38	0	linguine_with_clams	1	181	TF_077	0	0	NaN	a	0.3583046	1	1792.440507	1792.557144	0.1166371
363865.75	0.1166531	3259	stimuli/foods\lasagna.jpg	6	38	0	lasagna	1	174	TF_076	0	0	NaN	a	0.3575992	1	1794.00715	1794.123803	0.1166531
364240.75	0.1166461	3260	stimuli/foods\apple.jpg	6	38	0	apple	1	5	NF_055	1	0	NaN	f	0.3497008	1	1795.507142	1795.623788	0.1166461
364645	0.1166553	3261	stimuli/foods\roasted_chicken.jpg	6	38	0	roasted_chicken	1	253	TF_109	0	0	NaN	a	0.5549777	1	1797.123788	1797.240444	0.1166553
365074	0.1166191	3262	stimuli/foods\beetroots.jpg	6	38	0	beetroots	1	23	NF_015	1	0	NaN	f	0.4372882	1	1798.840478	1798.957097	0.1166191
365465.75	0.1166476	3263	stimuli/foods\cereal.jpg	6	38	0	cereal	1	59	TF_028	0	0	NaN	f	0.3356494	0	1800.407098	1800.523745	0.1166476
365865.75	0.116635	3264	stimuli/foods\hamburger.jpg	6	38	0	hamburger	1	150	TF_069	0	0	NaN	a	0.4987438	1	1802.007091	1802.123726	0.116635
366236.5	0.1166539	3265	stimuli/foods\pork_and_rice.jpg	6	38	0	pork_and_rice	1	233	TF_080	0	0	NaN	a	0.3453996	1	1803.490406	1803.60706	0.1166539
367686.5	0.1166484	3266	stimuli/foods\spaghetti_with_olives_and_capers.jpg	6	39	0	spaghetti_with_olives_and_capers	1	276	TF_135	0	0	NaN	a	0.4024175	1	1809.290365	1809.407013	0.1166484
368015.75	0.116648	3267	stimuli/foods\ice_cream_sandwich.jpg	6	39	0	ice_cream_sandwich	1	163	TF_061	0	0	NaN	a	0.3677321	1	1810.607021	1810.723669	0.116648
368386.5	0.1166692	3268	stimuli/foods\museli_bars.jpg	6	39	0	museli_bars	1	193	TF_008	0	0	NaN	a	0.3394134	1	1812.090341	1812.20701	0.1166692
368765.75	0.116642	3269	stimuli/foods\green_olives.jpg	6	39	0	green_olives	1	148	TF_085	0	0	NaN	f	0.4078174	0	1813.607	1813.723642	0.116642
369203.25	0.1164319	3270	stimuli/foods\cabbage.jpg	6	39	0	cabbage	1	48	NF_025	1	0	NaN	f	0.4137949	1	1815.357198	1815.47363	0.1164319
369628.25	0.116646	3271	stimuli/foods\fried_zucchini.jpg	6	39	0	fried_zucchini	1	125	TF_159	0	0	NaN	f	0.6878113	0	1817.056967	1817.173613	0.116646
370057.5	0.1166417	3272	stimuli/foods\brussel_sprouts.jpg	6	39	0	brussel_sprouts	1	35	NF_021	1	0	NaN	f	0.4031492	1	1818.773629	1818.89027	0.1166417
370474.25	0.1158551	3273	stimuli/foods\nectarine.jpg	6	39	0	nectarine	1	196	NF_078	1	0	NaN	f	0.3865449	1	1820.441068	1820.556923	0.1158551
370886.5	0.1166508	3274	stimuli/foods\chestnut.jpg	6	39	0	chestnut	1	65	NF_020	1	0	NaN	f	0.3895763	1	1822.090259	1822.20691	0.1166508
371236.5	0.1166816	3275	stimuli/foods\lollies.jpg	6	39	0	lollies	1	183	TF_026	0	0	NaN	f	0.4285014	0	1823.490248	1823.60693	0.1166816
371582.5	0.1166519	3276	stimuli/foods\chocolate_chip_cookies.jpg	6	39	0	chocolate_chip_cookies	1	76	TF_010	0	0	NaN	a	0.4302246	1	1824.873568	1824.99022	0.1166519
371978.25	0.1166496	3277	stimuli/foods\coconut.jpg	6	39	0	coconut	1	89	NF_030	1	0	NaN	f	0.6338833	1	1826.456891	1826.57354	0.1166496
372361.5	0.1166473	3278	stimuli/foods\nougat.jpg	6	39	0	nougat	1	197	TF_144	0	0	NaN	a	0.3795689	1	1827.990212	1828.106859	0.1166473
372786.5	0.1166501	3279	stimuli/foods\brownie.jpg	6	39	0	brownie	1	34	TF_011	0	0	NaN	a	0.4505714	1	1829.690198	1829.806848	0.1166501
373170	0.1166473	3280	stimuli/foods\oyster.jpg	6	39	0	oyster	1	204	NF_067	1	0	NaN	f	0.4372728	1	1831.223519	1831.340166	0.1166473
373599	0.1166506	3281	stimuli/foods\banana.jpg	6	39	0	banana	1	18	NF_013	1	0	NaN	f	0.5646144	1	1832.94017	1833.056821	0.1166506
374028.25	0.1166439	3282	stimuli/foods\lettuce.jpg	6	39	0	lettuce	1	178	NF_046	1	0	NaN	f	0.350983	1	1834.656827	1834.773471	0.1166439
374403.25	0.1166527	3283	stimuli/foods\celery.jpg	6	39	0	celery	1	58	NF_092	1	0	NaN	f	0.3280287	1	1836.156812	1836.273464	0.1166527
374795	0.1166441	3284	stimuli/foods\spinach.jpg	6	39	0	spinach	1	277	NF_094	1	0	NaN	f	0.4342825	1	1837.723469	1837.840113	0.1166441
375236.5	0.1166292	3285	stimuli/foods\toast.jpg	6	39	0	toast	1	296	TF_053	0	0	NaN	a	0.3466596	1	1839.490141	1839.60677	0.1166292
375657.5	0.1166476	3286	stimuli/foods\chocolate_pudding.jpg	6	39	0	chocolate_pudding	1	78	TF_018	0	0	NaN	a	0.3832944	1	1841.173432	1841.29008	0.1166476
376078.25	0.1166502	3287	stimuli/foods\raisins.jpg	6	39	0	raisins	1	241	NF_096	1	0	NaN	f	0.5050253	1	1842.856759	1842.973409	0.1166502
380253.25	0.0999945	3288	stimuli/non_foods\stim049_animate_insect_butterfly_1.png	7	40	1	butterfly_1	0	44		NaN	0	0		0	0	1859.556627	1859.656622	0.0999945
380290.75	0.0999834	3289	stimuli/non_foods\stim012_animate_bird_parrot_4.png	7	40	1	parrot_4	0	215		NaN	0	0		0	0	1859.706623	1859.806606	0.0999834
380328.25	0.0999948	3290	stimuli/non_foods\stim143_inanimate_tools_broom_3.png	7	40	1	broom_3	0	32		NaN	0	0		0	0	1859.856608	1859.956603	0.0999948
380365.75	0.0999878	3291	stimuli/foods\red_cabbage.jpg	7	40	1	red_cabbage	1	245	NF_023	1	0	0		0	0	1860.006615	1860.106603	0.0999878
380403.25	0.0999904	3292	stimuli/foods\cauliflower.jpg	7	40	1	cauliflower	1	57	NF_022	1	0	0		0	0	1860.156609	1860.2566	0.0999904
380440.75	0.0999965	3293	stimuli/non_foods\stim004_animate_bird_chicken_4.png	7	40	1	chicken_4	0	69		NaN	0	0		0	0	1860.306605	1860.406601	0.0999965
380478.25	0.0999952	3294	stimuli/non_foods\stim120_inanimate_furniture_table_4.png	7	40	1	table_4	0	294		NaN	0	0		0	0	1860.456605	1860.5566	0.0999952
380515.75	0.099998	3295	stimuli/non_foods\stim059_animate_insect_grasshopper_3.png	7	40	1	grasshopper_3	0	145		NaN	0	0		0	0	1860.6066	1860.706598	0.099998
380553.25	0.0999692	3296	stimuli/non_foods\stim052_animate_insect_butterfly_4.png	7	40	1	butterfly_4	0	47		NaN	0	0		0	0	1860.756629	1860.856598	0.0999692
380590.75	0.09999	3297	stimuli/non_foods\stim109_inanimate_furniture_closet_1.png	7	40	1	closet_1	0	81		NaN	0	0		0	0	1860.906605	1861.006595	0.09999
380628.25	0.0999882	3298	stimuli/foods\nougat.jpg	7	40	1	nougat	1	197	TF_144	0	0	0		0	0	1861.056605	1861.156593	0.0999882
380665.75	0.0999936	3299	stimuli/non_foods\stim101_inanimate_furniture_bed_1.png	7	40	1	bed_1	0	19		NaN	0	0		0	0	1861.206599	1861.306593	0.0999936
380703.25	0.1000099	3300	stimuli/foods\frankfurters.jpg	7	40	1	frankfurters	1	123	TF_156	0	0	0		0	0	1861.35661	1861.45662	0.1000099
380740.75	0.1000005	3301	stimuli/non_foods\stim053_animate_insect_dragonfly_1.png	7	40	1	dragonfly_1	0	106		NaN	0	0		0	0	1861.506593	1861.606594	0.1000005
380778.25	0.0999912	3302	stimuli/foods\gnocchi.jpg	7	40	1	gnocchi	1	140	TF_064	0	0	0		0	0	1861.656598	1861.756589	0.0999912
380815.75	0.0999929	3303	stimuli/non_foods\stim063_animate_mammal_cow_3.png	7	40	1	cow_3	0	96		NaN	0	0		0	0	1861.806591	1861.906584	0.0999929
380853.25	0.0999847	3304	stimuli/foods\cuttlefish.jpg	7	40	1	cuttlefish	1	103	NF_093	1	0	0		0	0	1861.9566	1862.056585	0.0999847
380890.75	0.0999893	3305	stimuli/foods\artichoke.jpg	7	40	1	artichoke	1	7	NF_018	1	0	0		0	0	1862.106596	1862.206585	0.0999893
380928.25	0.1000176	3306	stimuli/non_foods\stim047_animate_insect_bug_3.png	7	40	1	bug_3	0	38		NaN	0	0		0	0	1862.256588	1862.356606	0.1000176
380965.75	0.0999846	3307	stimuli/foods\chocolate_pralines.jpg	7	40	1	chocolate_pralines	1	77	TF_035	0	0	0		0	0	1862.406596	1862.506581	0.0999846
381003.25	0.0999967	3308	stimuli/non_foods\stim082_inanimate_clothing_gloves_2.png	7	40	1	gloves_2	0	137		NaN	0	0		0	0	1862.556583	1862.65658	0.0999967
381040.75	0.100001	3309	stimuli/non_foods\stim044_animate_insect_ant_4.png	7	40	1	ant_4	0	4		NaN	1	0		0	0	1862.706579	1862.80658	0.100001
381078.25	0.099991	3310	stimuli/non_foods\stim085_inanimate_clothing_hat_1.png	7	40	1	hat_1	0	155		NaN	0	0		0	0	1862.856587	1862.956578	0.099991
381115.75	0.1000052	3311	stimuli/non_foods\stim147_inanimate_tools_hammer_3.png	7	40	1	hammer_3	0	153		NaN	0	1	f	0.392092	1	1863.006578	1863.106583	0.1000052
381153.25	0.0999715	3312	stimuli/foods\peach.jpg	7	40	1	peach	1	218	NF_079	1	0	0		0	0	1863.156615	1863.256587	0.0999715
381190.75	0.0999907	3313	stimuli/foods\potatoes.jpg	7	40	1	potatoes	1	237	NF_071	1	0	0		0	0	1863.306584	1863.406574	0.0999907
381228.25	0.0999911	3314	stimuli/foods\cannoli.jpg	7	40	1	cannoli	1	54	TF_022	0	0	0		0	0	1863.456584	1863.556575	0.0999911
381265.75	0.0999846	3315	stimuli/foods\licorice.jpg	7	40	1	licorice	1	179	TF_078	0	0	0		0	0	1863.606587	1863.706572	0.0999846
381303.25	0.099987	3316	stimuli/foods\rockmelon.jpg	7	40	1	rockmelon	1	254	NF_060	1	0	0		0	0	1863.756584	1863.856571	0.099987
381340.75	0.0999953	3317	stimuli/non_foods\stim118_inanimate_furniture_table_2.png	7	40	1	table_2	0	292		NaN	0	0		0	0	1863.906574	1864.00657	0.0999953
381378.25	0.0999954	3318	stimuli/non_foods\stim116_inanimate_furniture_sofa_4.png	7	40	1	sofa_4	0	274		NaN	0	0		0	0	1864.056574	1864.156569	0.0999954
381415.75	0.1000242	3319	stimuli/non_foods\stim154_inanimate_tools_scissors_2.png	7	40	1	scissors_2	0	259		NaN	0	0		0	0	1864.206571	1864.306595	0.1000242
381453.25	0.0999912	3320	stimuli/foods\fruit_pie.jpg	7	40	1	fruit_pie	1	128	TF_147	0	0	0		0	0	1864.356579	1864.45657	0.0999912
381490.75	0.0999879	3321	stimuli/foods\kiwi.jpg	7	40	1	kiwi	1	172	NF_044	1	0	0		0	0	1864.506576	1864.606564	0.0999879
381528.25	0.0999951	3322	stimuli/non_foods\stim014_animate_bird_peacock_2.png	7	40	1	peacock_2	0	220		NaN	0	0		0	0	1864.656572	1864.756567	0.0999951
381565.75	0.0999957	3323	stimuli/non_foods\stim115_inanimate_furniture_sofa_3.png	7	40	1	sofa_3	0	273		NaN	0	0		0	0	1864.806573	1864.906569	0.0999957
381603.25	0.0999651	3324	stimuli/foods\spinach.jpg	7	40	1	spinach	1	277	NF_094	1	0	0		0	0	1864.956596	1865.056561	0.0999651
381640.75	0.099982	3325	stimuli/non_foods\stim098_inanimate_clothing_socks_2.png	7	40	1	socks_2	0	268		NaN	0	0		0	0	1865.10658	1865.206562	0.099982
381678.25	0.0999934	3326	stimuli/non_foods\stim104_inanimate_furniture_bed_4.png	7	40	1	bed_4	0	22		NaN	0	0		0	0	1865.256567	1865.356561	0.0999934
381715.75	0.0999895	3327	stimuli/foods\raw_sausage.jpg	7	40	1	raw_sausage	1	243	TF_131	0	0	0		0	0	1865.40657	1865.50656	0.0999895
381753.25	0.0999983	3328	stimuli/non_foods\stim126_inanimate_plants_cactus_2.png	7	40	1	cactus_2	0	50		NaN	0	0		0	0	1865.556563	1865.656561	0.0999983
381790.75	0.0999994	3329	stimuli/non_foods\stim040_animate_human_sports_4.png	7	40	1	sports_4	0	281		NaN	0	0		0	0	1865.706556	1865.806556	0.0999994
381828.25	0.0999932	3330	stimuli/non_foods\stim084_inanimate_clothing_gloves_4.png	7	40	1	gloves_4	0	139		NaN	0	0		0	0	1865.856562	1865.956555	0.0999932
381865.75	0.1000071	3331	stimuli/non_foods\stim135_inanimate_plants_tree_3.png	7	40	1	tree_3	0	301		NaN	0	0		0	0	1866.006561	1866.106568	0.1000071
381903.25	0.0999975	3332	stimuli/non_foods\stim131_inanimate_plants_sunflower_3.png	7	40	1	sunflower_3	0	288		NaN	0	0		0	0	1866.156555	1866.256553	0.0999975
381940.75	0.0999955	3333	stimuli/non_foods\stim068_animate_mammal_giraffe_4.png	7	40	1	giraffe_4	0	135		NaN	0	0		0	0	1866.306557	1866.406552	0.0999955
381978.25	0.0999961	3334	stimuli/non_foods\stim038_animate_human_sports_2.png	7	40	1	sports_2	0	279		NaN	0	0		0	0	1866.456553	1866.556549	0.0999961
382015.75	0.1000041	3335	stimuli/foods\rice_cake.jpg	7	40	1	rice_cake	1	251	TF_059	0	0	0		0	0	1866.606557	1866.706561	0.1000041
382053.25	0.0999731	3336	stimuli/non_foods\stim111_inanimate_furniture_closet_3.png	7	40	1	closet_3	0	83		NaN	0	0		0	0	1866.756574	1866.856547	0.0999731
382090.75	0.0999878	3337	stimuli/foods\eggplant.jpg	7	40	1	eggplant	1	116	NF_059	1	0	0		0	0	1866.906555	1867.006543	0.0999878
382128.25	0.0999965	3338	stimuli/non_foods\stim095_inanimate_clothing_shirt_3.png	7	40	1	shirt_3	0	264		NaN	0	0		0	0	1867.056553	1867.15655	0.0999965
382165.75	0.0999899	3339	stimuli/foods\mortadella.jpg	7	40	1	mortadella	1	192	TF_083	0	0	0		0	0	1867.206554	1867.306544	0.0999899
382203.25	0.0999961	3340	stimuli/non_foods\stim093_inanimate_clothing_shirt_1.png	7	40	1	shirt_1	0	262		NaN	0	0		0	0	1867.356547	1867.456543	0.0999961
382240.75	0.0999877	3341	stimuli/foods\egg.jpg	7	40	1	egg	1	115	NF_095	1	1	0		0	0	1867.506554	1867.606541	0.0999877
382278.25	0.0999899	3342	stimuli/foods\baguette.jpg	7	40	1	baguette	1	15	TF_006	0	0	0		0	0	1867.65655	1867.75654	0.0999899
382315.75	0.0999954	3343	stimuli/non_foods\stim018_animate_bird_penguin_2.png	7	40	1	penguin_2	0	226		NaN	0	1	f	0.3920838	1	1867.806546	1867.906541	0.0999954
382353.25	0.0999949	3344	stimuli/non_foods\stim151_inanimate_tools_pan_3.png	7	40	1	pan_3	0	207		NaN	0	0		0	0	1867.956544	1868.056538	0.0999949
382390.75	0.0999997	3345	stimuli/non_foods\stim130_inanimate_plants_sunflower_2.png	7	40	1	sunflower_2	0	287		NaN	0	0		0	0	1868.106537	1868.206537	0.0999997
382428.25	0.0999988	3346	stimuli/non_foods\stim139_inanimate_plants_tulip_3.png	7	40	1	tulip_3	0	305		NaN	0	0		0	0	1868.256539	1868.356538	0.0999988
382465.75	0.1000191	3347	stimuli/non_foods\stim156_inanimate_tools_scissors_4.png	7	40	1	scissors_4	0	261		NaN	0	0		0	0	1868.406536	1868.506555	0.1000191
382503.25	0.0999684	3348	stimuli/non_foods\stim100_inanimate_clothing_socks_4.png	7	40	1	socks_4	0	270		NaN	0	0		0	0	1868.556564	1868.656533	0.0999684
382540.75	0.0999918	3349	stimuli/non_foods\stim062_animate_mammal_cow_2.png	7	40	1	cow_2	0	95		NaN	0	0		0	0	1868.706539	1868.80653	0.0999918
382578.25	0.0999903	3350	stimuli/foods\steak.jpg	7	40	1	steak	1	283	TF_013	0	0	0		0	0	1868.85654	1868.95653	0.0999903
382615.75	0.0999967	3351	stimuli/non_foods\stim099_inanimate_clothing_socks_3.png	7	40	1	socks_3	0	269		NaN	0	0		0	0	1869.006534	1869.10653	0.0999967
382653.25	0.0999896	3352	stimuli/foods\raw_ham.jpg	7	40	1	raw_ham	1	242	TF_117	0	0	0		0	0	1869.156538	1869.256527	0.0999896
382690.75	0.0999968	3353	stimuli/non_foods\stim132_inanimate_plants_sunflower_4.png	7	40	1	sunflower_4	0	289		NaN	0	0		0	0	1869.306534	1869.406531	0.0999968
382728.25	0.0999875	3354	stimuli/foods\almonds.jpg	7	40	1	almonds	1	0	NF_053	1	0	0		0	0	1869.456538	1869.556525	0.0999875
382765.75	0.0999792	3355	stimuli/foods\beetroots.jpg	7	40	1	beetroots	1	23	NF_015	1	0	0		0	0	1869.606551	1869.70653	0.0999792
382803.25	0.0999876	3356	stimuli/foods\fried_zucchini.jpg	7	40	1	fried_zucchini	1	125	TF_159	0	0	0		0	0	1869.756534	1869.856522	0.0999876
382840.75	0.0999918	3357	stimuli/non_foods\stim006_animate_bird_duck_2.png	7	40	1	duck_2	0	112		NaN	0	0		0	0	1869.906531	1870.006522	0.0999918
382878.25	0.0999996	3358	stimuli/non_foods\stim103_inanimate_furniture_bed_3.png	7	40	1	bed_3	0	21		NaN	0	0		0	0	1870.056525	1870.156524	0.0999996
382915.75	0.1000057	3359	stimuli/foods\prawn.jpg	7	40	1	prawn	1	238	NF_041	1	0	0		0	0	1870.206537	1870.306542	0.1000057
382953.25	0.0999838	3360	stimuli/foods\minestrone_soup.jpg	7	40	1	minestrone_soup	1	187	TF_160	0	0	0		0	0	1870.356535	1870.456518	0.0999838
382990.75	0.0999932	3361	stimuli/foods\baked_lamb_with_potatoes.jpg	7	40	1	baked_lamb_with_potatoes	1	17	TF_001	0	0	0		0	0	1870.506525	1870.606518	0.0999932
383028.25	0.0999924	3362	stimuli/non_foods\stim056_animate_insect_dragonfly_4.png	7	40	1	dragonfly_4	0	109		NaN	0	0		0	0	1870.656521	1870.756514	0.0999924
383065.75	0.0999887	3363	stimuli/foods\corncob.jpg	7	40	1	corncob	1	93	NF_051	1	0	0		0	0	1870.806527	1870.906515	0.0999887
383103.25	0.0999967	3364	stimuli/non_foods\stim011_animate_bird_parrot_3.png	7	40	1	parrot_3	0	214		NaN	0	0		0	0	1870.956518	1871.056515	0.0999967
383140.75	0.0999904	3365	stimuli/foods\honey.jpg	7	40	1	honey	1	160	NF_062	1	0	0		0	0	1871.106523	1871.206513	0.0999904
383178.25	0.0999962	3366	stimuli/non_foods\stim138_inanimate_plants_tulip_2.png	7	40	1	tulip_2	0	304		NaN	0	0		0	0	1871.256514	1871.35651	0.0999962
383215.75	0.1000064	3367	stimuli/foods\dried_figs.jpg	7	40	1	dried_figs	1	110	TF_054	0	0	0		0	0	1871.406503	1871.50651	0.1000064
383253.25	0.0999941	3368	stimuli/non_foods\stim127_inanimate_plants_cactus_3.png	7	40	1	cactus_3	0	51		NaN	0	0		0	0	1871.556518	1871.656512	0.0999941
383290.75	0.0999958	3369	stimuli/non_foods\stim073_animate_mammal_monkey_1.png	7	40	1	monkey_1	0	188		NaN	0	0		0	0	1871.706512	1871.806508	0.0999958
383328.25	0.0999874	3370	stimuli/foods\calamari.jpg	7	40	1	calamari	1	53	TF_019	0	0	0		0	0	1871.856518	1871.956506	0.0999874
383365.75	0.0999731	3371	stimuli/foods\garlic.jpg	7	40	1	garlic	1	130	NF_001	1	0	0		0	0	1872.006555	1872.106528	0.0999731
383403.25	0.0999699	3372	stimuli/non_foods\stim081_inanimate_clothing_gloves_1.png	7	40	1	gloves_1	0	136		NaN	0	0		0	0	1872.156533	1872.256503	0.0999699
383440.75	0.0999876	3373	stimuli/foods\savory_pie.jpg	7	40	1	savory_pie	1	257	TF_146	0	0	0		0	0	1872.306516	1872.406503	0.0999876
383478.25	0.1000008	3374	stimuli/non_foods\stim058_animate_insect_grasshopper_2.png	7	40	1	grasshopper_2	0	144		NaN	0	0		0	0	1872.456502	1872.556503	0.1000008
383515.75	0.099989	3375	stimuli/foods\spaghetti_with_olives_and_capers.jpg	7	40	1	spaghetti_with_olives_and_capers	1	276	TF_135	0	0	0		0	0	1872.606513	1872.706502	0.099989
383553.25	0.0999884	3376	stimuli/foods\lemon.jpg	7	40	1	lemon	1	175	NF_049	1	0	0		0	0	1872.756509	1872.856498	0.0999884
383590.75	0.099989	3377	stimuli/foods\lasagna.jpg	7	40	1	lasagna	1	174	TF_076	0	0	0		0	0	1872.90651	1873.006499	0.099989
383628.25	0.1000172	3378	stimuli/non_foods\stim089_inanimate_clothing_jeans_1.png	7	40	1	jeans_1	0	164		NaN	0	0		0	0	1873.056503	1873.15652	0.1000172
383665.75	0.0999867	3379	stimuli/non_foods\stim041_animate_insect_ant_1.png	7	40	1	ant_1	0	1		NaN	0	0		0	0	1873.206509	1873.306495	0.0999867
383703.25	0.0999973	3380	stimuli/non_foods\stim054_animate_insect_dragonfly_2.png	7	40	1	dragonfly_2	0	107		NaN	0	0		0	0	1873.356496	1873.456494	0.0999973
383740.75	0.0999982	3381	stimuli/non_foods\stim007_animate_bird_duck_3.png	7	40	1	duck_3	0	113		NaN	0	0		0	0	1873.506497	1873.606496	0.0999982
383778.25	0.1000048	3382	stimuli/non_foods\stim048_animate_insect_bug_4.png	7	40	1	bug_4	0	39		NaN	0	0		0	0	1873.656492	1873.756497	0.1000048
383815.75	0.0999807	3383	stimuli/foods\fennel.jpg	7	40	1	fennel	1	121	NF_036	1	0	0		0	0	1873.806509	1873.906489	0.0999807
383853.25	0.0999907	3384	stimuli/foods\radish.jpg	7	40	1	radish	1	240	NF_090	1	0	0		0	0	1873.9565	1874.05649	0.0999907
383890.75	0.0999952	3385	stimuli/non_foods\stim017_animate_bird_penguin_1.png	7	40	1	penguin_1	0	225		NaN	0	0		0	0	1874.106494	1874.206489	0.0999952
383928.25	0.0999932	3386	stimuli/non_foods\stim036_animate_human_faces_4.png	7	40	1	faces_4	0	120		NaN	0	0		0	0	1874.256492	1874.356485	0.0999932
383965.75	0.0999946	3387	stimuli/foods\lime.jpg	7	40	1	lime	1	180	NF_048	1	0	0		0	0	1874.406494	1874.506489	0.0999946
384003.25	0.0999967	3388	stimuli/non_foods\stim060_animate_insect_grasshopper_4.png	7	40	1	grasshopper_4	0	146		NaN	0	0		0	0	1874.55649	1874.656487	0.0999967
384040.75	0.0999953	3389	stimuli/non_foods\stim019_animate_bird_penguin_3.png	7	40	1	penguin_3	0	227		NaN	0	0		0	0	1874.706486	1874.806482	0.0999953
384078.25	0.1000044	3390	stimuli/foods\museli_bars.jpg	7	40	1	museli_bars	1	193	TF_008	0	0	0		0	0	1874.856495	1874.956499	0.1000044
384115.75	0.0999932	3391	stimuli/non_foods\stim102_inanimate_furniture_bed_2.png	7	40	1	bed_2	0	20		NaN	0	0		0	0	1875.006488	1875.106481	0.0999932
384153.25	0.0999922	3392	stimuli/non_foods\stim121_inanimate_plants_bush_1.png	7	40	1	bush_1	0	40		NaN	0	0		0	0	1875.156486	1875.256478	0.0999922
384190.75	0.0999872	3393	stimuli/foods\pineapple.jpg	7	40	1	pineapple	1	231	NF_004	1	0	0		0	0	1875.306493	1875.40648	0.0999872
384228.25	0.1000009	3394	stimuli/non_foods\stim114_inanimate_furniture_sofa_2.png	7	40	1	sofa_2	0	272		NaN	0	0		0	0	1875.456483	1875.556483	0.1000009
384265.75	0.0999713	3395	stimuli/foods\cherry.jpg	7	40	1	cherry	1	64	NF_027	1	1	0		0	0	1875.606507	1875.706479	0.0999713
384303.25	0.0999877	3396	stimuli/foods\avocado.jpg	7	40	1	avocado	1	9	NF_012	1	0	0		0	0	1875.756486	1875.856473	0.0999877
384340.75	0.0999911	3397	stimuli/foods\pear.jpg	7	40	1	pear	1	223	NF_077	1	0	1	f	0.3920746	1	1875.906483	1876.006474	0.0999911
384378.25	0.0999927	3398	stimuli/foods\roasted_chicken.jpg	7	40	1	roasted_chicken	1	253	TF_109	0	0	0		0	0	1876.056484	1876.156477	0.0999927
384415.75	0.0999861	3399	stimuli/foods\chilli.jpg	7	40	1	chilli	1	74	NF_073	1	0	0		0	0	1876.206485	1876.306471	0.0999861
384453.25	0.1000006	3400	stimuli/non_foods\stim142_inanimate_tools_broom_2.png	7	40	1	broom_2	0	31		NaN	0	0		0	0	1876.356471	1876.456472	0.1000006
384490.75	0.0999887	3401	stimuli/foods\brussel_sprouts.jpg	7	40	1	brussel_sprouts	1	35	NF_021	1	0	0		0	0	1876.506481	1876.60647	0.0999887
384528.25	0.1000016	3402	stimuli/foods\fruit_flan.jpg	7	40	1	fruit_flan	1	127	TF_093	0	0	0		0	0	1876.656477	1876.756479	0.1000016
384565.75	0.0999948	3403	stimuli/non_foods\stim160_inanimate_tools_wrench_4.png	7	40	1	wrench_4	0	313		NaN	0	0		0	0	1876.806472	1876.906467	0.0999948
384603.25	0.0999889	3404	stimuli/foods\parmesan_cheese.jpg	7	40	1	parmesan_cheese	1	211	TF_091	0	0	0		0	0	1876.956477	1877.056466	0.0999889
384640.75	0.0999934	3405	stimuli/non_foods\stim108_inanimate_furniture_chair_4.png	7	40	1	chair_4	0	63		NaN	0	0		0	0	1877.106472	1877.206466	0.0999934
384678.25	0.0999968	3406	stimuli/non_foods\stim050_animate_insect_butterfly_2.png	7	40	1	butterfly_2	0	45		NaN	0	0		0	0	1877.256469	1877.356466	0.0999968
384715.75	0.0999748	3407	stimuli/foods\linguine_with_clams.jpg	7	40	1	linguine_with_clams	1	181	TF_077	0	0	0		0	0	1877.406487	1877.506461	0.0999748
384753.25	0.1000014	3408	stimuli/non_foods\stim146_inanimate_tools_hammer_2.png	7	40	1	hammer_2	0	152		NaN	0	0		0	0	1877.556459	1877.656461	0.1000014
384790.75	0.0999915	3409	stimuli/non_foods\stim002_animate_bird_chicken_2.png	7	40	1	chicken_2	0	67		NaN	0	0		0	0	1877.706467	1877.806458	0.0999915
384828.25	0.0999921	3410	stimuli/foods\apple.jpg	7	40	1	apple	1	5	NF_055	1	0	0		0	0	1877.856466	1877.956458	0.0999921
384865.75	0.0999968	3411	stimuli/non_foods\stim153_inanimate_tools_scissors_1.png	7	40	1	scissors_1	0	258		NaN	0	0		0	0	1878.00646	1878.106456	0.0999968
384903.25	0.0999902	3412	stimuli/non_foods\stim075_animate_mammal_monkey_3.png	7	40	1	monkey_3	0	190		NaN	0	0		0	0	1878.156461	1878.256451	0.0999902
384940.75	0.0999893	3413	stimuli/foods\bread_roll.jpg	7	40	1	bread_roll	1	27	TF_090	0	0	0		0	0	1878.306466	1878.406456	0.0999893
384978.25	0.1000094	3414	stimuli/non_foods\stim078_animate_mammal_rhino_2.png	7	40	1	rhino_2	0	247		NaN	0	0		0	0	1878.456459	1878.556468	0.1000094
385015.75	0.0999904	3415	stimuli/foods\omelette.jpg	7	40	1	omelette	1	199	TF_057	0	0	0		0	0	1878.606461	1878.706452	0.0999904
385053.25	0.0999885	3416	stimuli/foods\green_olives.jpg	7	40	1	green_olives	1	148	TF_085	0	0	0		0	0	1878.756463	1878.856452	0.0999885
385090.75	0.0999907	3417	stimuli/foods\cooked_prawn.jpg	7	40	1	cooked_prawn	1	92	TF_060	0	0	0		0	0	1878.906459	1879.006449	0.0999907
385128.25	0.1000109	3418	stimuli/non_foods\stim035_animate_human_faces_3.png	7	40	1	faces_3	0	119		NaN	0	0		0	0	1879.056457	1879.156468	0.1000109
385165.75	0.0999697	3419	stimuli/foods\taco.jpg	7	40	1	taco	1	295	TF_141	0	0	0		0	0	1879.206477	1879.306447	0.0999697
385203.25	0.0999921	3420	stimuli/foods\raisins.jpg	7	40	1	raisins	1	241	NF_096	1	0	0		0	0	1879.356454	1879.456446	0.0999921
385240.75	0.099984	3421	stimuli/foods\salami.jpg	7	40	1	salami	1	255	TF_127	0	0	0		0	0	1879.506457	1879.606441	0.099984
385278.25	0.0999862	3422	stimuli/foods\grapes.jpg	7	40	1	grapes	1	142	NF_098	1	0	0		0	0	1879.656457	1879.756443	0.0999862
385315.75	0.0999936	3423	stimuli/foods\spaghetti_with_meat_sauce.jpg	7	40	1	spaghetti_with_meat_sauce	1	275	TF_137	0	0	0		0	0	1879.80645	1879.906444	0.0999936
385353.25	0.0999978	3424	stimuli/non_foods\stim087_inanimate_clothing_hat_3.png	7	40	1	hat_3	0	157		NaN	0	0		0	0	1879.956448	1880.056446	0.0999978
385390.75	0.0999889	3425	stimuli/foods\red_beans.jpg	7	40	1	red_beans	1	244	NF_033	1	0	0		0	0	1880.106453	1880.206441	0.0999889
385428.25	0.0999784	3426	stimuli/foods\chocolate_chip_cookies.jpg	7	40	1	chocolate_chip_cookies	1	76	TF_010	0	0	0		0	0	1880.25646	1880.356439	0.0999784
385465.75	0.099988	3427	stimuli/foods\swordfish.jpg	7	40	1	swordfish	1	290	TF_101	0	0	0		0	0	1880.40645	1880.506438	0.099988
385503.25	0.0999899	3428	stimuli/foods\pomegranate.jpg	7	40	1	pomegranate	1	232	NF_058	1	0	0		0	0	1880.556447	1880.656437	0.0999899
385540.75	0.0999909	3429	stimuli/foods\cream_donuts.jpg	7	40	1	cream_donuts	1	99	TF_014	0	0	0		0	0	1880.706445	1880.806436	0.0999909
385578.25	0.1000215	3430	stimuli/non_foods\stim113_inanimate_furniture_sofa_1.png	7	40	1	sofa_1	0	271		NaN	0	0		0	0	1880.856443	1880.956465	0.1000215
385615.75	0.0999895	3431	stimuli/foods\coconut.jpg	7	40	1	coconut	1	89	NF_030	1	0	0		0	0	1881.006441	1881.106431	0.0999895
385653.25	0.099995	3432	stimuli/non_foods\stim140_inanimate_plants_tulip_4.png	7	40	1	tulip_4	0	306		NaN	0	0		0	0	1881.156436	1881.256431	0.099995
385690.75	0.0999952	3433	stimuli/non_foods\stim061_animate_mammal_cow_1.png	7	40	1	cow_1	0	94		NaN	0	0		0	0	1881.306433	1881.406428	0.0999952
385728.25	0.0999979	3434	stimuli/non_foods\stim023_animate_human_baby_3.png	7	40	1	baby_3	0	12		NaN	0	0		0	0	1881.456433	1881.556431	0.0999979
385765.75	0.099987	3435	stimuli/foods\baked_cod_with_carrots_and_green_beans.jpg	7	40	1	baked_cod_with_carrots_and_green_beans	1	16	TF_082	0	0	0		0	0	1881.60644	1881.706427	0.099987
385803.25	0.0999933	3436	stimuli/foods\grapefruits.jpg	7	40	1	grapefruits	1	141	NF_085	1	0	0		0	0	1881.756434	1881.856428	0.0999933
385840.75	0.0999941	3437	stimuli/non_foods\stim057_animate_insect_grasshopper_1.png	7	40	1	grasshopper_1	0	143		NaN	0	0		0	0	1881.90643	1882.006424	0.0999941
385878.25	0.0999913	3438	stimuli/foods\ice_cream_sandwich.jpg	7	40	1	ice_cream_sandwich	1	163	TF_061	0	0	0		0	0	1882.056432	1882.156424	0.0999913
385915.75	0.0999934	3439	stimuli/non_foods\stim074_animate_mammal_monkey_2.png	7	40	1	monkey_2	0	189		NaN	0	0		0	0	1882.20643	1882.306423	0.0999934
385953.25	0.0999862	3440	stimuli/foods\strawberry.jpg	7	40	1	strawberry	1	285	NF_037	1	0	0		0	0	1882.356436	1882.456423	0.0999862
385990.75	0.0999966	3441	stimuli/non_foods\stim137_inanimate_plants_tulip_1.png	7	40	1	tulip_1	0	303		NaN	0	0		0	0	1882.506423	1882.60642	0.0999966
386028.25	0.0999799	3442	stimuli/foods\pancakes.jpg	7	40	1	pancakes	1	209	TF_058	0	0	0		0	0	1882.656451	1882.75643	0.0999799
386065.75	0.0999918	3443	stimuli/foods\risotto_with_peas_and_asparagus_tips.jpg	7	40	1	risotto_with_peas_and_asparagus_tips	1	252	TF_123	0	0	0		0	0	1882.806426	1882.906418	0.0999918
386103.25	0.0999899	3444	stimuli/foods\hotdog.jpg	7	40	1	hotdog	1	161	TF_070	0	0	0		0	0	1882.956427	1883.056417	0.0999899
387040.75	0.0999804	3445	stimuli/foods\cinnamon_sroll.jpg	7	41	1	cinnamon_sroll	1	80	TF_021	0	0	0		0	0	1886.706406	1886.806386	0.0999804
387078.25	0.0999925	3446	stimuli/foods\banana.jpg	7	41	1	banana	1	18	NF_013	1	0	0		0	0	1886.856395	1886.956387	0.0999925
387115.75	0.0999917	3447	stimuli/non_foods\stim125_inanimate_plants_cactus_1.png	7	41	1	cactus_1	0	49		NaN	0	0		0	0	1887.006394	1887.106385	0.0999917
387153.25	0.1000073	3448	stimuli/foods\croissant.jpg	7	41	1	croissant	1	100	TF_037	0	0	0		0	0	1887.156394	1887.256402	0.1000073
387190.75	0.0999904	3449	stimuli/foods\mango.jpg	7	41	1	mango	1	185	NF_054	1	0	0		0	0	1887.306393	1887.406383	0.0999904
387228.25	0.0999911	3450	stimuli/non_foods\stim112_inanimate_furniture_closet_4.png	7	41	1	closet_4	0	84		NaN	0	0		0	0	1887.456389	1887.556381	0.0999911
387265.75	0.1000008	3451	stimuli/non_foods\stim090_inanimate_clothing_jeans_2.png	7	41	1	jeans_2	0	165		NaN	0	0		0	0	1887.606383	1887.706384	0.1000008
387303.25	0.1000194	3452	stimuli/non_foods\stim055_animate_insect_dragonfly_3.png	7	41	1	dragonfly_3	0	108		NaN	0	0		0	0	1887.756381	1887.8564	0.1000194
387340.75	0.0999667	3453	stimuli/non_foods\stim105_inanimate_furniture_chair_1.png	7	41	1	chair_1	0	60		NaN	0	0		0	0	1887.906408	1888.006375	0.0999667
387378.25	0.0999804	3454	stimuli/non_foods\stim032_animate_human_clown_4.png	7	41	1	clown_4	0	88		NaN	0	0		0	0	1888.056398	1888.156379	0.0999804
387415.75	0.0999817	3455	stimuli/foods\stew_with_potatoes_and_carrots.jpg	7	41	1	stew_with_potatoes_and_carrots	1	284	TF_139	0	0	0		0	0	1888.206384	1888.306366	0.0999817
387453.25	0.0999937	3456	stimuli/foods\chocolate_bar.jpg	7	41	1	chocolate_bar	1	75	TF_033	0	0	0		0	0	1888.356384	1888.456378	0.0999937
387490.75	0.0999916	3457	stimuli/foods\oven-roasted_tomatoes.jpg	7	41	1	oven-roasted_tomatoes	1	203	TF_114	0	0	0		0	0	1888.506381	1888.606373	0.0999916
387528.25	0.0999834	3458	stimuli/foods\pasta_carbonara.jpg	7	41	1	pasta_carbonara	1	216	TF_027	0	0	0		0	0	1888.65638	1888.756363	0.0999834
387565.75	0.0999886	3459	stimuli/foods\carrot.jpg	7	41	1	carrot	1	56	NF_019	1	0	0		0	0	1888.806383	1888.906371	0.0999886
387603.25	0.0999719	3460	stimuli/non_foods\stim013_animate_bird_peacock_1.png	7	41	1	peacock_1	0	219		NaN	0	0		0	0	1888.956395	1889.056367	0.0999719
387640.75	0.099989	3461	stimuli/foods\pickles.jpg	7	41	1	pickles	1	230	TF_134	0	0	0		0	0	1889.10638	1889.206369	0.099989
387678.25	0.0999911	3462	stimuli/non_foods\stim123_inanimate_plants_bush_3.png	7	41	1	bush_3	0	42		NaN	0	0		0	0	1889.256376	1889.356367	0.0999911
387715.75	0.0999937	3463	stimuli/foods\blue_cheese.jpg	7	41	1	blue_cheese	1	25	TF_066	0	0	0		0	0	1889.406375	1889.506369	0.0999937
387753.25	0.1000064	3464	stimuli/foods\onion.jpg	7	41	1	onion	1	200	NF_029	1	0	0		0	0	1889.556379	1889.656385	0.1000064
387790.75	0.0999879	3465	stimuli/non_foods\stim106_inanimate_furniture_chair_2.png	7	41	1	chair_2	0	61		NaN	0	0		0	0	1889.706375	1889.806363	0.0999879
387828.25	0.0999951	3466	stimuli/non_foods\stim129_inanimate_plants_sunflower_1.png	7	41	1	sunflower_1	0	286		NaN	1	0		0	0	1889.856365	1889.95636	0.0999951
387865.75	0.099996	3467	stimuli/non_foods\stim144_inanimate_tools_broom_4.png	7	41	1	broom_4	0	33		NaN	0	0		0	0	1890.006365	1890.106361	0.099996
387903.25	0.0999931	3468	stimuli/foods\toasted_bread_with_tomatoes.jpg	7	41	1	toasted_bread_with_tomatoes	1	297	TF_017	0	0	0		0	0	1890.156367	1890.256361	0.0999931
387940.75	0.0999902	3469	stimuli/foods\lentils.jpg	7	41	1	lentils	1	177	NF_047	1	0	1	f	0.4423037	1	1890.306369	1890.406359	0.0999902
387978.25	0.0999883	3470	stimuli/foods\peas.jpg	7	41	1	peas	1	224	NF_081	1	0	0		0	0	1890.456367	1890.556355	0.0999883
388015.75	0.0999964	3471	stimuli/non_foods\stim005_animate_bird_duck_1.png	7	41	1	duck_1	0	111		NaN	0	0		0	0	1890.60636	1890.706356	0.0999964
388053.25	0.0999677	3472	stimuli/non_foods\stim024_animate_human_baby_4.png	7	41	1	baby_4	0	13		NaN	0	0		0	0	1890.756388	1890.856356	0.0999677
388090.75	0.0999893	3473	stimuli/foods\asparagus.jpg	7	41	1	asparagus	1	8	NF_010	1	0	0		0	0	1890.906363	1891.006352	0.0999893
388128.25	0.0999929	3474	stimuli/non_foods\stim015_animate_bird_peacock_3.png	7	41	1	peacock_3	0	221		NaN	0	0		0	0	1891.05636	1891.156353	0.0999929
388165.75	0.0999964	3475	stimuli/non_foods\stim158_inanimate_tools_wrench_2.png	7	41	1	wrench_2	0	311		NaN	0	0		0	0	1891.206355	1891.306351	0.0999964
388203.25	0.1000215	3476	stimuli/non_foods\stim119_inanimate_furniture_table_3.png	7	41	1	table_3	0	293		NaN	0	0		0	0	1891.356353	1891.456375	0.1000215
388240.75	0.1	3477	stimuli/non_foods\stim080_animate_mammal_rhino_4.png	7	41	1	rhino_4	0	249		NaN	0	0		0	0	1891.506351	1891.606351	0.1
388278.25	0.0999972	3478	stimuli/non_foods\stim141_inanimate_tools_broom_1.png	7	41	1	broom_1	0	30		NaN	0	0		0	0	1891.65635	1891.756347	0.0999972
388315.75	0.0999898	3479	stimuli/foods\nectarine.jpg	7	41	1	nectarine	1	196	NF_078	1	0	0		0	0	1891.806355	1891.906345	0.0999898
388353.25	0.1	3480	stimuli/non_foods\stim124_inanimate_plants_bush_4.png	7	41	1	bush_4	0	43		NaN	0	0		0	0	1891.956349	1892.056349	0.1
388390.75	0.0999941	3481	stimuli/non_foods\stim008_animate_bird_duck_4.png	7	41	1	duck_4	0	114		NaN	0	0		0	0	1892.106346	1892.206341	0.0999941
388428.25	0.100004	3482	stimuli/non_foods\stim069_animate_mammal_kangaroo_1.png	7	41	1	kangaroo_1	0	168		NaN	0	0		0	0	1892.256343	1892.356347	0.100004
388465.75	0.0999941	3483	stimuli/non_foods\stim001_animate_bird_chicken_1.png	7	41	1	chicken_1	0	66		NaN	0	0		0	0	1892.406347	1892.506341	0.0999941
388503.25	0.0999959	3484	stimuli/non_foods\stim022_animate_human_baby_2.png	7	41	1	baby_2	0	11		NaN	0	0		0	0	1892.556344	1892.65634	0.0999959
388540.75	0.0999928	3485	stimuli/non_foods\stim122_inanimate_plants_bush_2.png	7	41	1	bush_2	0	41		NaN	0	0		0	0	1892.706344	1892.806337	0.0999928
388578.25	0.0999862	3486	stimuli/foods\lemon_meringue_pie.jpg	7	41	1	lemon_meringue_pie	1	176	TF_151	0	0	0		0	0	1892.85635	1892.956336	0.0999862
388615.75	0.0999986	3487	stimuli/non_foods\stim034_animate_human_faces_2.png	7	41	1	faces_2	0	118		NaN	0	0		0	0	1893.006339	1893.106337	0.0999986
388653.25	0.1000078	3488	stimuli/non_foods\stim033_animate_human_faces_1.png	7	41	1	faces_1	0	117		NaN	0	0		0	0	1893.156327	1893.256335	0.1000078
388690.75	0.0999931	3489	stimuli/foods\brownie.jpg	7	41	1	brownie	1	34	TF_011	0	0	0		0	0	1893.30634	1893.406333	0.0999931
388728.25	0.0999921	3490	stimuli/foods\fruit_salad.jpg	7	41	1	fruit_salad	1	129	NF_043	1	0	0		0	0	1893.456341	1893.556333	0.0999921
388765.75	0.0999954	3491	stimuli/foods\pork_loin_with_peas.jpg	7	41	1	pork_loin_with_peas	1	234	TF_003	0	0	0		0	0	1893.606335	1893.706331	0.0999954
388803.25	0.0999925	3492	stimuli/non_foods\stim096_inanimate_clothing_shirt_4.png	7	41	1	shirt_4	0	265		NaN	0	0		0	0	1893.756337	1893.856329	0.0999925
388840.75	0.0999984	3493	stimuli/non_foods\stim028_animate_human_child_4.png	7	41	1	child_4	0	73		NaN	0	0		0	0	1893.906331	1894.00633	0.0999984
388878.25	0.0999947	3494	stimuli/non_foods\stim149_inanimate_tools_pan_1.png	7	41	1	pan_1	0	205		NaN	0	0		0	0	1894.05633	1894.156325	0.0999947
388915.75	0.0999877	3495	stimuli/foods\octopus.jpg	7	41	1	octopus	1	198	TF_113	0	0	0		0	0	1894.206335	1894.306323	0.0999877
388953.25	0.0999919	3496	stimuli/non_foods\stim076_animate_mammal_monkey_4.png	7	41	1	monkey_4	0	191		NaN	0	0		0	0	1894.356331	1894.456323	0.0999919
388990.75	0.0999888	3497	stimuli/foods\green_beans.jpg	7	41	1	green_beans	1	147	NF_034	1	0	0		0	0	1894.506333	1894.606322	0.0999888
389028.25	0.0999966	3498	stimuli/non_foods\stim021_animate_human_baby_1.png	7	41	1	baby_1	0	10		NaN	0	0		0	0	1894.656328	1894.756325	0.0999966
389065.75	0.0999955	3499	stimuli/non_foods\stim133_inanimate_plants_tree_1.png	7	41	1	tree_1	0	299		NaN	0	0		0	0	1894.806326	1894.906322	0.0999955
389103.25	0.0999859	3500	stimuli/non_foods\stim092_inanimate_clothing_jeans_4.png	7	41	1	jeans_4	0	167		NaN	0	0		0	0	1894.956347	1895.056333	0.0999859
389140.75	0.0999918	3501	stimuli/non_foods\stim094_inanimate_clothing_shirt_2.png	7	41	1	shirt_2	0	263		NaN	0	0		0	0	1895.106327	1895.206319	0.0999918
389178.25	0.0999856	3502	stimuli/non_foods\stim150_inanimate_tools_pan_2.png	7	41	1	pan_2	0	206		NaN	0	0		0	0	1895.256321	1895.356307	0.0999856
389215.75	0.1000062	3503	stimuli/non_foods\stim145_inanimate_tools_hammer_1.png	7	41	1	hammer_1	0	151		NaN	0	0		0	0	1895.406312	1895.506318	0.1000062
389253.25	0.0999762	3504	stimuli/foods\oregano.jpg	7	41	1	oregano	1	202	NF_066	1	0	0		0	0	1895.556337	1895.656313	0.0999762
389290.75	0.0999921	3505	stimuli/non_foods\stim136_inanimate_plants_tree_4.png	7	41	1	tree_4	0	302		NaN	0	0		0	0	1895.706323	1895.806315	0.0999921
389328.25	0.0999749	3506	stimuli/non_foods\stim031_animate_human_clown_3.png	7	41	1	clown_3	0	87		NaN	0	0		0	0	1895.85634	1895.956315	0.0999749
389365.75	0.0999875	3507	stimuli/foods\donut.jpg	7	41	1	donut	1	105	TF_032	0	0	0		0	0	1896.006322	1896.10631	0.0999875
389403.25	0.0999911	3508	stimuli/foods\hazelnuts.jpg	7	41	1	hazelnuts	1	159	NF_065	1	0	0		0	0	1896.156318	1896.25631	0.0999911
389440.75	0.0999924	3509	stimuli/foods\cupcake.jpg	7	41	1	cupcake	1	102	TF_050	0	0	0		0	0	1896.306319	1896.406311	0.0999924
389478.25	0.0999844	3510	stimuli/foods\bagel.jpg	7	41	1	bagel	1	14	TF_005	0	0	0		0	0	1896.456322	1896.556307	0.0999844
389515.75	0.0999823	3511	stimuli/foods\brie.jpg	7	41	1	brie	1	28	TF_016	0	0	0		0	0	1896.606316	1896.706299	0.0999823
389553.25	0.0999664	3512	stimuli/foods\apricot.jpg	7	41	1	apricot	1	6	NF_002	1	0	0		0	0	1896.756337	1896.856303	0.0999664
389590.75	0.0999944	3513	stimuli/foods\capsicum.jpg	7	41	1	capsicum	1	55	NF_076	1	0	0		0	0	1896.906308	1897.006302	0.0999944
389628.25	0.0999861	3514	stimuli/foods\cucumber.jpg	7	41	1	cucumber	1	101	NF_026	1	0	0		0	0	1897.056317	1897.156303	0.0999861
389665.75	0.0999896	3515	stimuli/foods\potato_chips.jpg	7	41	1	potato_chips	1	236	TF_097	0	0	0		0	0	1897.206313	1897.306303	0.0999896
389703.25	0.0999993	3516	stimuli/non_foods\stim037_animate_human_sports_1.png	7	41	1	sports_1	0	278		NaN	0	0		0	0	1897.356303	1897.456302	0.0999993
389740.75	0.099986	3517	stimuli/foods\spring_onions.jpg	7	41	1	spring_onions	1	282	NF_086	1	1	0		0	0	1897.506311	1897.606297	0.099986
389778.25	0.0999978	3518	stimuli/non_foods\stim107_inanimate_furniture_chair_3.png	7	41	1	chair_3	0	62		NaN	0	0		0	0	1897.656302	1897.7563	0.0999978
389815.75	0.0999912	3519	stimuli/foods\cinnamon.jpg	7	41	1	cinnamon	1	79	NF_017	1	0	1	f	0.3921099	1	1897.806307	1897.906298	0.0999912
389853.25	0.0999927	3520	stimuli/non_foods\stim045_animate_insect_bug_1.png	7	41	1	bug_1	0	36		NaN	0	0		0	0	1897.956302	1898.056294	0.0999927
389890.75	0.0999904	3521	stimuli/foods\bread.jpg	7	41	1	bread	1	26	TF_089	0	0	0		0	0	1898.106304	1898.206295	0.0999904
389928.25	0.0999945	3522	stimuli/non_foods\stim003_animate_bird_chicken_3.png	7	41	1	chicken_3	0	68		NaN	0	0		0	0	1898.2563	1898.356295	0.0999945
389965.75	0.1000174	3523	stimuli/foods\wafer.jpg	7	41	1	wafer	1	307	TF_155	0	0	0		0	0	1898.406296	1898.506313	0.1000174
390003.25	0.0999461	3524	stimuli/foods\cabbage.jpg	7	41	1	cabbage	1	48	NF_025	1	0	0		0	0	1898.556347	1898.656293	0.0999461
390040.75	0.0999907	3525	stimuli/non_foods\stim110_inanimate_furniture_closet_2.png	7	41	1	closet_2	0	82		NaN	0	0		0	0	1898.706298	1898.806289	0.0999907
390078.25	0.1000025	3526	stimuli/non_foods\stim077_animate_mammal_rhino_1.png	7	41	1	rhino_1	0	246		NaN	0	0		0	0	1898.856288	1898.956291	0.1000025
390115.75	0.0999855	3527	stimuli/foods\pumpkin.jpg	7	41	1	pumpkin	1	239	NF_101	1	0	0		0	0	1899.006306	1899.106292	0.0999855
390153.25	0.0999958	3528	stimuli/non_foods\stim083_inanimate_clothing_gloves_3.png	7	41	1	gloves_3	0	138		NaN	0	0		0	0	1899.156292	1899.256287	0.0999958
390190.75	0.0999917	3529	stimuli/foods\lobster.jpg	7	41	1	lobster	1	182	NF_007	1	0	0		0	0	1899.306295	1899.406287	0.0999917
390228.25	0.0999947	3530	stimuli/non_foods\stim066_animate_mammal_giraffe_2.png	7	41	1	giraffe_2	0	133		NaN	0	0		0	0	1899.456287	1899.556281	0.0999947
390265.75	0.099973	3531	stimuli/foods\waffle.jpg	7	41	1	waffle	1	308	TF_030	0	0	0		0	0	1899.606305	1899.706278	0.099973
390303.25	0.0999981	3532	stimuli/foods\pea_pod.jpg	7	41	1	pea_pod	1	217	NF_082	1	0	0		0	0	1899.756286	1899.856284	0.0999981
390340.75	0.0999868	3533	stimuli/foods\grilled_chicken_breast.jpg	7	41	1	grilled_chicken_breast	1	149	TF_104	0	0	0		0	0	1899.90629	1900.006277	0.0999868
390378.25	0.0999901	3534	stimuli/foods\tomato.jpg	7	41	1	tomato	1	298	NF_084	1	0	0		0	0	1900.056289	1900.15628	0.0999901
390415.75	0.1000247	3535	stimuli/foods\rice.jpg	7	41	1	rice	1	250	TF_121	0	0	0		0	0	1900.206291	1900.306316	0.1000247
390453.25	0.0999884	3536	stimuli/foods\pepperoni_pizza.jpg	7	41	1	pepperoni_pizza	1	229	TF_106	0	0	0		0	0	1900.356286	1900.456274	0.0999884
390490.75	0.0999908	3537	stimuli/foods\orange.jpg	7	41	1	orange	1	201	NF_008	1	0	0		0	0	1900.506288	1900.606279	0.0999908
390528.25	0.0999964	3538	stimuli/non_foods\stim079_animate_mammal_rhino_3.png	7	41	1	rhino_3	0	248		NaN	0	0		0	0	1900.656277	1900.756274	0.0999964
390565.75	0.0999891	3539	stimuli/foods\figs.jpg	7	41	1	figs	1	122	NF_035	1	0	0		0	0	1900.806284	1900.906273	0.0999891
390603.25	0.1000008	3540	stimuli/foods\cooked_ham.jpg	7	41	1	cooked_ham	1	91	TF_116	0	0	0		0	0	1900.956276	1901.056277	0.1000008
390640.75	0.0999905	3541	stimuli/foods\ginger_root.jpg	7	41	1	ginger_root	1	131	NF_088	1	0	0		0	0	1901.106278	1901.206268	0.0999905
390678.25	0.0999921	3542	stimuli/foods\mushroom.jpg	7	41	1	mushroom	1	194	NF_039	1	0	0		0	0	1901.25628	1901.356272	0.0999921
390715.75	0.0999968	3543	stimuli/non_foods\stim152_inanimate_tools_pan_4.png	7	41	1	pan_4	0	208		NaN	0	0		0	0	1901.40627	1901.506267	0.0999968
390753.25	0.0999944	3544	stimuli/foods\coffee_beans.jpg	7	41	1	coffee_beans	1	90	TF_029	0	0	0		0	0	1901.556274	1901.656269	0.0999944
390790.75	0.0999869	3545	stimuli/foods\broccoli.jpg	7	41	1	broccoli	1	29	NF_016	1	0	0		0	0	1901.706277	1901.806264	0.0999869
390828.25	0.0999944	3546	stimuli/non_foods\stim026_animate_human_child_2.png	7	41	1	child_2	0	71		NaN	0	0		0	0	1901.856268	1901.956262	0.0999944
390865.75	0.1000254	3547	stimuli/non_foods\stim097_inanimate_clothing_socks_1.png	7	41	1	socks_1	0	267		NaN	0	0		0	0	1902.006259	1902.106284	0.1000254
390903.25	0.0999938	3548	stimuli/non_foods\stim064_animate_mammal_cow_4.png	7	41	1	cow_4	0	97		NaN	0	0		0	0	1902.156268	1902.256261	0.0999938
390940.75	0.1000036	3549	stimuli/non_foods\stim051_animate_insect_butterfly_3.png	7	41	1	butterfly_3	0	46		NaN	0	0		0	0	1902.306257	1902.406261	0.1000036
390978.25	0.0999796	3550	stimuli/foods\hamburger.jpg	7	41	1	hamburger	1	150	TF_069	0	0	0		0	0	1902.456272	1902.556252	0.0999796
391015.75	0.0999827	3551	stimuli/foods\lollies.jpg	7	41	1	lollies	1	183	TF_026	0	0	0		0	0	1902.60627	1902.706253	0.0999827
391053.25	0.0999844	3552	stimuli/foods\watermelon.jpg	7	41	1	watermelon	1	309	NF_005	1	0	0		0	0	1902.756269	1902.856254	0.0999844
391090.75	0.0999961	3553	stimuli/non_foods\stim148_inanimate_tools_hammer_4.png	7	41	1	hammer_4	0	154		NaN	0	0		0	0	1902.906258	1903.006254	0.0999961
391128.25	0.0999879	3554	stimuli/foods\lettuce.jpg	7	41	1	lettuce	1	178	NF_046	1	0	0		0	0	1903.056263	1903.156251	0.0999879
391165.75	0.0999969	3555	stimuli/non_foods\stim030_animate_human_clown_2.png	7	41	1	clown_2	0	86		NaN	0	0		0	0	1903.206257	1903.306254	0.0999969
391203.25	0.0999847	3556	stimuli/foods\potato_and_green_bean_salad.jpg	7	41	1	potato_and_green_bean_salad	1	235	TF_072	0	0	0		0	0	1903.356266	1903.456251	0.0999847
391240.75	0.0999948	3557	stimuli/non_foods\stim091_inanimate_clothing_jeans_3.png	7	41	1	jeans_3	0	166		NaN	0	0		0	0	1903.506257	1903.606251	0.0999948
391278.25	0.0999929	3558	stimuli/foods\oyster.jpg	7	41	1	oyster	1	204	NF_067	1	0	0		0	0	1903.656261	1903.756254	0.0999929
391315.75	0.0999538	3559	stimuli/foods\fries.jpg	7	41	1	fries	1	126	TF_094	0	0	0		0	0	1903.806293	1903.906247	0.0999538
391353.25	0.09999	3560	stimuli/foods\ice_cream.jpg	7	41	1	ice_cream	1	162	TF_062	0	0	0		0	0	1903.956257	1904.056248	0.09999
391390.75	0.0999837	3561	stimuli/foods\meatballs.jpg	7	41	1	meatballs	1	186	TF_112	0	0	0		0	0	1904.106259	1904.206242	0.0999837
391428.25	0.0999923	3562	stimuli/non_foods\stim009_animate_bird_parrot_1.png	7	41	1	parrot_1	0	212		NaN	0	0		0	0	1904.256252	1904.356245	0.0999923
391465.75	0.0999963	3563	stimuli/non_foods\stim157_inanimate_tools_wrench_1.png	7	41	1	wrench_1	0	310		NaN	0	0		0	0	1904.406246	1904.506242	0.0999963
391503.25	0.0999972	3564	stimuli/non_foods\stim039_animate_human_sports_3.png	7	41	1	sports_3	0	280		NaN	0	0		0	0	1904.556244	1904.656241	0.0999972
391540.75	0.0999995	3565	stimuli/non_foods\stim027_animate_human_child_3.png	7	41	1	child_3	0	72		NaN	0	0		0	0	1904.706245	1904.806244	0.0999995
391578.25	0.0999976	3566	stimuli/non_foods\stim016_animate_bird_peacock_4.png	7	41	1	peacock_4	0	222		NaN	0	0		0	0	1904.856244	1904.956241	0.0999976
391615.75	0.0999995	3567	stimuli/foods\cereal.jpg	7	41	1	cereal	1	59	TF_028	0	0	0		0	0	1905.006248	1905.106248	0.0999995
391653.25	0.0999909	3568	stimuli/foods\lamb_chops.jpg	7	41	1	lamb_chops	1	173	TF_040	0	1	0		0	0	1905.156249	1905.25624	0.0999909
391690.75	0.0999919	3569	stimuli/foods\mussels.jpg	7	41	1	mussels	1	195	TF_042	0	0	0		0	0	1905.306243	1905.406235	0.0999919
391728.25	0.0999823	3570	stimuli/foods\salmon.jpg	7	41	1	salmon	1	256	TF_130	0	0	0		0	0	1905.456245	1905.556227	0.0999823
391765.75	0.0999756	3571	stimuli/non_foods\stim070_animate_mammal_kangaroo_2.png	7	41	1	kangaroo_2	0	169		NaN	0	1	f	0.4502105	1	1905.60626	1905.706236	0.0999756
391803.25	0.100004	3572	stimuli/non_foods\stim067_animate_mammal_giraffe_3.png	7	41	1	giraffe_3	0	134		NaN	0	0		0	0	1905.756229	1905.856233	0.100004
391840.75	0.0999946	3573	stimuli/non_foods\stim065_animate_mammal_giraffe_1.png	7	41	1	giraffe_1	0	132		NaN	0	0		0	0	1905.906236	1906.006231	0.0999946
391878.25	0.0999933	3574	stimuli/non_foods\stim025_animate_human_child_1.png	7	41	1	child_1	0	70		NaN	0	0		0	0	1906.056236	1906.156229	0.0999933
391915.75	0.0999999	3575	stimuli/non_foods\stim134_inanimate_plants_tree_2.png	7	41	1	tree_2	0	300		NaN	0	0		0	0	1906.206233	1906.306233	0.0999999
391953.25	0.0999946	3576	stimuli/non_foods\stim072_animate_mammal_kangaroo_4.png	7	41	1	kangaroo_4	0	171		NaN	0	0		0	0	1906.356233	1906.456227	0.0999946
391990.75	0.0999899	3577	stimuli/foods\pork_and_rice.jpg	7	41	1	pork_and_rice	1	233	TF_080	0	0	0		0	0	1906.506236	1906.606226	0.0999899
392028.25	0.0999945	3578	stimuli/foods\cracker.jpg	7	41	1	cracker	1	98	TF_043	0	0	0		0	0	1906.656236	1906.756231	0.0999945
392065.75	0.0999857	3579	stimuli/foods\toast.jpg	7	41	1	toast	1	296	TF_053	0	0	0		0	0	1906.806238	1906.906224	0.0999857
392103.25	0.0999962	3580	stimuli/non_foods\stim046_animate_insect_bug_2.png	7	41	1	bug_2	0	37		NaN	0	0		0	0	1906.956227	1907.056224	0.0999962
392140.75	0.0999982	3581	stimuli/non_foods\stim042_animate_insect_ant_2.png	7	41	1	ant_2	0	2		NaN	0	0		0	0	1907.106224	1907.206222	0.0999982
392178.25	0.1000246	3582	stimuli/non_foods\stim010_animate_bird_parrot_2.png	7	41	1	parrot_2	0	213		NaN	0	0		0	0	1907.256222	1907.356246	0.1000246
392215.75	0.0999702	3583	stimuli/non_foods\stim020_animate_bird_penguin_4.png	7	41	1	penguin_4	0	228		NaN	0	0		0	0	1907.406251	1907.506222	0.0999702
392253.25	0.0999878	3584	stimuli/foods\fried_calamari.jpg	7	41	1	fried_calamari	1	124	TF_020	0	0	0		0	0	1907.55623	1907.656218	0.0999878
392290.75	0.0999969	3585	stimuli/non_foods\stim071_animate_mammal_kangaroo_3.png	7	41	1	kangaroo_3	0	170		NaN	0	0		0	0	1907.706222	1907.806219	0.0999969
392328.25	0.0999963	3586	stimuli/non_foods\stim029_animate_human_clown_1.png	7	41	1	clown_1	0	85		NaN	0	0		0	0	1907.856221	1907.956217	0.0999963
392365.75	0.0999884	3587	stimuli/foods\papaya.jpg	7	41	1	papaya	1	210	NF_069	1	0	0		0	0	1908.006226	1908.106215	0.0999884
392403.25	0.0999933	3588	stimuli/non_foods\stim088_inanimate_clothing_hat_4.png	7	41	1	hat_4	0	158		NaN	0	0		0	0	1908.156217	1908.25621	0.0999933
392440.75	0.1000022	3589	stimuli/non_foods\stim117_inanimate_furniture_table_1.png	7	41	1	table_1	0	291		NaN	0	0		0	0	1908.30621	1908.406212	0.1000022
392478.25	0.0999697	3590	stimuli/foods\celery.jpg	7	41	1	celery	1	58	NF_092	1	0	0		0	0	1908.456242	1908.556211	0.0999697
392515.75	0.0999854	3591	stimuli/foods\smoked_ham.jpg	7	41	1	smoked_ham	1	266	TF_118	0	0	0		0	0	1908.606218	1908.706204	0.0999854
392553.25	0.0999966	3592	stimuli/non_foods\stim159_inanimate_tools_wrench_3.png	7	41	1	wrench_3	0	312		NaN	0	0		0	0	1908.756213	1908.856209	0.0999966
392590.75	0.0999878	3593	stimuli/foods\blackberry.jpg	7	41	1	blackberry	1	24	NF_063	1	0	0		0	0	1908.906219	1909.006207	0.0999878
392628.25	0.0999868	3594	stimuli/non_foods\stim155_inanimate_tools_scissors_3.png	7	41	1	scissors_3	0	260		NaN	0	0		0	0	1909.056239	1909.156226	0.0999868
392665.75	0.0999763	3595	stimuli/non_foods\stim128_inanimate_plants_cactus_4.png	7	41	1	cactus_4	0	52		NaN	0	0		0	0	1909.206226	1909.306203	0.0999763
392703.25	0.0999962	3596	stimuli/non_foods\stim086_inanimate_clothing_hat_2.png	7	41	1	hat_2	0	156		NaN	0	0		0	0	1909.356208	1909.456204	0.0999962
392740.75	0.0999874	3597	stimuli/foods\dates.jpg	7	41	1	dates	1	104	NF_032	1	0	0		0	0	1909.506214	1909.606202	0.0999874
392778.25	0.0999915	3598	stimuli/foods\chocolate_pudding.jpg	7	41	1	chocolate_pudding	1	78	TF_018	0	0	0		0	0	1909.656211	1909.756203	0.0999915
392815.75	0.0999847	3599	stimuli/foods\mandarin.jpg	7	41	1	mandarin	1	184	NF_052	1	0	0		0	0	1909.806216	1909.906201	0.0999847
392853.25	0.0999858	3600	stimuli/foods\chestnut.jpg	7	41	1	chestnut	1	65	NF_020	1	0	0		0	0	1909.956212	1910.056198	0.0999858
392890.75	0.0999915	3601	stimuli/non_foods\stim043_animate_insect_ant_3.png	7	41	1	ant_3	0	3		NaN	0	0		0	0	1910.106198	1910.206189	0.0999915
397528.25	0.0999847	3602	stimuli/non_foods\stim129_inanimate_plants_sunflower_1.png	7	42	1	sunflower_1	0	286		NaN	0	0		0	0	1928.656065	1928.75605	0.0999847
397565.75	0.0999904	3603	stimuli/foods\cucumber.jpg	7	42	1	cucumber	1	101	NF_026	1	0	0		0	0	1928.806058	1928.906048	0.0999904
397603.25	0.099959	3604	stimuli/foods\brownie.jpg	7	42	1	brownie	1	34	TF_011	0	0	0		0	0	1928.956085	1929.056044	0.099959
397640.75	0.0999984	3605	stimuli/foods\watermelon.jpg	7	42	1	watermelon	1	309	NF_005	1	0	0		0	0	1929.106056	1929.206054	0.0999984
397678.25	0.0999887	3606	stimuli/foods\fried_calamari.jpg	7	42	1	fried_calamari	1	124	TF_020	0	0	0		0	0	1929.256056	1929.356045	0.0999887
397715.75	0.099995	3607	stimuli/non_foods\stim133_inanimate_plants_tree_1.png	7	42	1	tree_1	0	299		NaN	0	0		0	0	1929.406048	1929.506043	0.099995
397753.25	0.1000177	3608	stimuli/foods\nectarine.jpg	7	42	1	nectarine	1	196	NF_078	1	0	0		0	0	1929.556054	1929.656072	0.1000177
397790.75	0.0999944	3609	stimuli/non_foods\stim011_animate_bird_parrot_3.png	7	42	1	parrot_3	0	214		NaN	0	0		0	0	1929.706048	1929.806042	0.0999944
397828.25	0.0999861	3610	stimuli/foods\chocolate_bar.jpg	7	42	1	chocolate_bar	1	75	TF_033	0	0	0		0	0	1929.856052	1929.956038	0.0999861
397865.75	0.0999907	3611	stimuli/foods\fruit_flan.jpg	7	42	1	fruit_flan	1	127	TF_093	0	0	0		0	0	1930.006048	1930.106038	0.0999907
397903.25	0.0999934	3612	stimuli/non_foods\stim049_animate_insect_butterfly_1.png	7	42	1	butterfly_1	0	44		NaN	0	0		0	0	1930.156042	1930.256036	0.0999934
397940.75	0.0999968	3613	stimuli/non_foods\stim009_animate_bird_parrot_1.png	7	42	1	parrot_1	0	212		NaN	0	0		0	0	1930.30604	1930.406036	0.0999968
397978.25	0.0999981	3614	stimuli/non_foods\stim001_animate_bird_chicken_1.png	7	42	1	chicken_1	0	66		NaN	0	0		0	0	1930.456038	1930.556036	0.0999981
398015.75	0.0999967	3615	stimuli/non_foods\stim079_animate_mammal_rhino_3.png	7	42	1	rhino_3	0	248		NaN	0	0		0	0	1930.60604	1930.706037	0.0999967
398053.25	0.0999898	3616	stimuli/foods\pumpkin.jpg	7	42	1	pumpkin	1	239	NF_101	1	0	0		0	0	1930.756042	1930.856031	0.0999898
398090.75	0.0999856	3617	stimuli/foods\ginger_root.jpg	7	42	1	ginger_root	1	131	NF_088	1	0	0		0	0	1930.90604	1931.006026	0.0999856
398128.25	0.0999931	3618	stimuli/non_foods\stim140_inanimate_plants_tulip_4.png	7	42	1	tulip_4	0	306		NaN	0	0		0	0	1931.056034	1931.156027	0.0999931
398165.75	0.099994	3619	stimuli/non_foods\stim096_inanimate_clothing_shirt_4.png	7	42	1	shirt_4	0	265		NaN	0	0		0	0	1931.206036	1931.30603	0.099994
398203.25	0.100013	3620	stimuli/non_foods\stim042_animate_insect_ant_2.png	7	42	1	ant_2	0	2		NaN	0	0		0	0	1931.35603	1931.456043	0.100013
398240.75	0.0999937	3621	stimuli/non_foods\stim125_inanimate_plants_cactus_1.png	7	42	1	cactus_1	0	49		NaN	0	0		0	0	1931.506032	1931.606026	0.0999937
398278.25	0.0999998	3622	stimuli/non_foods\stim082_inanimate_clothing_gloves_2.png	7	42	1	gloves_2	0	137		NaN	0	0		0	0	1931.656027	1931.756027	0.0999998
398315.75	0.0999906	3623	stimuli/foods\potato_chips.jpg	7	42	1	potato_chips	1	236	TF_097	0	1	0		0	0	1931.806035	1931.906026	0.0999906
398353.25	0.100008	3624	stimuli/non_foods\stim067_animate_mammal_giraffe_3.png	7	42	1	giraffe_3	0	134		NaN	0	0		0	0	1931.956015	1932.056023	0.100008
398390.75	0.0999928	3625	stimuli/foods\strawberry.jpg	7	42	1	strawberry	1	285	NF_037	1	0	0		0	0	1932.106031	1932.206024	0.0999928
398428.25	0.0999869	3626	stimuli/foods\red_cabbage.jpg	7	42	1	red_cabbage	1	245	NF_023	1	0	1	f	0.4423362	1	1932.256034	1932.356021	0.0999869
398465.75	0.0999852	3627	stimuli/foods\swordfish.jpg	7	42	1	swordfish	1	290	TF_101	0	0	0		0	0	1932.406029	1932.506014	0.0999852
398503.25	0.099987	3628	stimuli/foods\pancakes.jpg	7	42	1	pancakes	1	209	TF_058	0	0	0		0	0	1932.55603	1932.656017	0.099987
398540.75	0.0999879	3629	stimuli/foods\rice.jpg	7	42	1	rice	1	250	TF_121	0	0	0		0	0	1932.706028	1932.806016	0.0999879
398578.25	0.0999983	3630	stimuli/non_foods\stim076_animate_mammal_monkey_4.png	7	42	1	monkey_4	0	191		NaN	0	0		0	0	1932.856017	1932.956016	0.0999983
398615.75	0.0999975	3631	stimuli/non_foods\stim159_inanimate_tools_wrench_3.png	7	42	1	wrench_3	0	312		NaN	0	0		0	0	1933.006017	1933.106015	0.0999975
398653.25	0.0999576	3632	stimuli/foods\brussel_sprouts.jpg	7	42	1	brussel_sprouts	1	35	NF_021	1	0	0		0	0	1933.156054	1933.256012	0.0999576
398690.75	0.0999779	3633	stimuli/foods\pineapple.jpg	7	42	1	pineapple	1	231	NF_004	1	0	0		0	0	1933.306036	1933.406014	0.0999779
398728.25	0.0999868	3634	stimuli/foods\cuttlefish.jpg	7	42	1	cuttlefish	1	103	NF_093	1	0	0		0	0	1933.456022	1933.556008	0.0999868
398765.75	0.0999915	3635	stimuli/foods\wafer.jpg	7	42	1	wafer	1	307	TF_155	0	0	0		0	0	1933.606019	1933.706011	0.0999915
398803.25	0.0999907	3636	stimuli/foods\fruit_pie.jpg	7	42	1	fruit_pie	1	128	TF_147	0	0	0		0	0	1933.756018	1933.856009	0.0999907
398840.75	0.099995	3637	stimuli/non_foods\stim158_inanimate_tools_wrench_2.png	7	42	1	wrench_2	0	311		NaN	0	0		0	0	1933.906011	1934.006006	0.099995
398878.25	0.0999979	3638	stimuli/non_foods\stim068_animate_mammal_giraffe_4.png	7	42	1	giraffe_4	0	135		NaN	0	0		0	0	1934.056009	1934.156007	0.0999979
398915.75	0.0999897	3639	stimuli/foods\artichoke.jpg	7	42	1	artichoke	1	7	NF_018	1	0	0		0	0	1934.206016	1934.306005	0.0999897
398953.25	0.0999956	3640	stimuli/non_foods\stim145_inanimate_tools_hammer_1.png	7	42	1	hammer_1	0	151		NaN	0	0		0	0	1934.356005	1934.456001	0.0999956
398990.75	0.0999917	3641	stimuli/foods\lime.jpg	7	42	1	lime	1	180	NF_048	1	0	0		0	0	1934.506013	1934.606004	0.0999917
399028.25	0.0999986	3642	stimuli/non_foods\stim122_inanimate_plants_bush_2.png	7	42	1	bush_2	0	41		NaN	0	0		0	0	1934.656002	1934.756001	0.0999986
399065.75	0.0999787	3643	stimuli/foods\potato_and_green_bean_salad.jpg	7	42	1	potato_and_green_bean_salad	1	235	TF_072	0	0	0		0	0	1934.806011	1934.90599	0.0999787
399103.25	0.0999693	3644	stimuli/foods\green_olives.jpg	7	42	1	green_olives	1	148	TF_085	0	0	0		0	0	1934.956028	1935.055997	0.0999693
399140.75	0.0999845	3645	stimuli/foods\prawn.jpg	7	42	1	prawn	1	238	NF_041	1	0	0		0	0	1935.106006	1935.205991	0.0999845
399178.25	0.0999895	3646	stimuli/non_foods\stim025_animate_human_child_1.png	7	42	1	child_1	0	70		NaN	0	0		0	0	1935.255994	1935.355984	0.0999895
399215.75	0.0999826	3647	stimuli/foods\stew_with_potatoes_and_carrots.jpg	7	42	1	stew_with_potatoes_and_carrots	1	284	TF_139	0	0	0		0	0	1935.405996	1935.505979	0.0999826
399253.25	0.0999973	3648	stimuli/non_foods\stim120_inanimate_furniture_table_4.png	7	42	1	table_4	0	294		NaN	0	0		0	0	1935.555997	1935.655994	0.0999973
399290.75	0.0999837	3649	stimuli/foods\bread.jpg	7	42	1	bread	1	26	TF_089	0	0	0		0	0	1935.706006	1935.80599	0.0999837
399328.25	0.0999938	3650	stimuli/non_foods\stim139_inanimate_plants_tulip_3.png	7	42	1	tulip_3	0	305		NaN	0	0		0	0	1935.855993	1935.955987	0.0999938
399365.75	0.1000009	3651	stimuli/non_foods\stim154_inanimate_tools_scissors_2.png	7	42	1	scissors_2	0	259		NaN	0	0		0	0	1936.005989	1936.10599	0.1000009
399403.25	0.0999871	3652	stimuli/non_foods\stim116_inanimate_furniture_sofa_4.png	7	42	1	sofa_4	0	274		NaN	0	0		0	0	1936.155993	1936.25598	0.0999871
399440.75	0.0999903	3653	stimuli/foods\minestrone_soup.jpg	7	42	1	minestrone_soup	1	187	TF_160	0	0	0		0	0	1936.305997	1936.405987	0.0999903
399478.25	0.099987	3654	stimuli/foods\carrot.jpg	7	42	1	carrot	1	56	NF_019	1	0	0		0	0	1936.455998	1936.555985	0.099987
399515.75	0.1000178	3655	stimuli/foods\corncob.jpg	7	42	1	corncob	1	93	NF_051	1	0	0		0	0	1936.605994	1936.706012	0.1000178
399553.25	0.0999413	3656	stimuli/foods\museli_bars.jpg	7	42	1	museli_bars	1	193	TF_008	0	0	0		0	0	1936.756041	1936.855982	0.0999413
399590.75	0.0999892	3657	stimuli/foods\oven-roasted_tomatoes.jpg	7	42	1	oven-roasted_tomatoes	1	203	TF_114	0	0	0		0	0	1936.905994	1937.005983	0.0999892
399628.25	0.0999875	3658	stimuli/foods\lemon_meringue_pie.jpg	7	42	1	lemon_meringue_pie	1	176	TF_151	0	0	0		0	0	1937.055992	1937.15598	0.0999875
399665.75	0.0999873	3659	stimuli/foods\donut.jpg	7	42	1	donut	1	105	TF_032	0	0	0		0	0	1937.205991	1937.305979	0.0999873
399703.25	0.0999988	3660	stimuli/non_foods\stim083_inanimate_clothing_gloves_3.png	7	42	1	gloves_3	0	138		NaN	0	0		0	0	1937.355985	1937.455983	0.0999988
399740.75	0.0999929	3661	stimuli/foods\mortadella.jpg	7	42	1	mortadella	1	192	TF_083	0	0	0		0	0	1937.505986	1937.605979	0.0999929
399778.25	0.0999923	3662	stimuli/non_foods\stim103_inanimate_furniture_bed_3.png	7	42	1	bed_3	0	21		NaN	0	0		0	0	1937.655982	1937.755975	0.0999923
399815.75	0.099974	3663	stimuli/foods\croissant.jpg	7	42	1	croissant	1	100	TF_037	0	0	0		0	0	1937.806003	1937.905977	0.099974
399853.25	0.099992	3664	stimuli/foods\grilled_chicken_breast.jpg	7	42	1	grilled_chicken_breast	1	149	TF_104	0	0	0		0	0	1937.955984	1938.055976	0.099992
399890.75	0.0999892	3665	stimuli/foods\cabbage.jpg	7	42	1	cabbage	1	48	NF_025	1	0	0		0	0	1938.105984	1938.205973	0.0999892
399928.25	0.0999969	3666	stimuli/non_foods\stim007_animate_bird_duck_3.png	7	42	1	duck_3	0	113		NaN	0	0		0	0	1938.255975	1938.355972	0.0999969
399965.75	0.1000075	3667	stimuli/foods\parmesan_cheese.jpg	7	42	1	parmesan_cheese	1	211	TF_091	0	0	0		0	0	1938.405982	1938.50599	0.1000075
400003.25	0.0999853	3668	stimuli/non_foods\stim085_inanimate_clothing_hat_1.png	7	42	1	hat_1	0	155		NaN	0	0		0	0	1938.555983	1938.655968	0.0999853
400040.75	0.0999923	3669	stimuli/foods\dates.jpg	7	42	1	dates	1	104	NF_032	1	0	0		0	0	1938.705979	1938.805971	0.0999923
400078.25	0.0999874	3670	stimuli/foods\mushroom.jpg	7	42	1	mushroom	1	194	NF_039	1	0	0		0	0	1938.85598	1938.955967	0.0999874
400115.75	0.0999967	3671	stimuli/non_foods\stim003_animate_bird_chicken_3.png	7	42	1	chicken_3	0	68		NaN	1	0		0	0	1939.00597	1939.105966	0.0999967
400153.25	0.0999923	3672	stimuli/non_foods\stim063_animate_mammal_cow_3.png	7	42	1	cow_3	0	96		NaN	0	0		0	0	1939.155971	1939.255964	0.0999923
400190.75	0.0999852	3673	stimuli/non_foods\stim077_animate_mammal_rhino_1.png	7	42	1	rhino_1	0	246		NaN	0	0		0	0	1939.305969	1939.405955	0.0999852
400228.25	0.099995	3674	stimuli/non_foods\stim086_inanimate_clothing_hat_2.png	7	42	1	hat_2	0	156		NaN	0	1	f	0.5421226	1	1939.455968	1939.555963	0.099995
400265.75	0.0999833	3675	stimuli/non_foods\stim080_animate_mammal_rhino_4.png	7	42	1	rhino_4	0	249		NaN	0	0		0	0	1939.605978	1939.705961	0.0999833
400303.25	0.0999933	3676	stimuli/foods\avocado.jpg	7	42	1	avocado	1	9	NF_012	1	0	0		0	0	1939.755966	1939.85596	0.0999933
400340.75	0.099992	3677	stimuli/foods\brie.jpg	7	42	1	brie	1	28	TF_016	0	0	0		0	0	1939.905969	1940.005961	0.099992
400378.25	0.0999856	3678	stimuli/foods\raisins.jpg	7	42	1	raisins	1	241	NF_096	1	0	0		0	0	1940.055969	1940.155954	0.0999856
400415.75	0.1000343	3679	stimuli/foods\hamburger.jpg	7	42	1	hamburger	1	150	TF_069	0	0	0		0	0	1940.205966	1940.306	0.1000343
400453.25	0.1000009	3680	stimuli/foods\lollies.jpg	7	42	1	lollies	1	183	TF_026	0	0	0		0	0	1940.355956	1940.455957	0.1000009
400490.75	0.0999925	3681	stimuli/non_foods\stim005_animate_bird_duck_1.png	7	42	1	duck_1	0	111		NaN	0	0		0	0	1940.505956	1940.605948	0.0999925
400528.25	0.0999775	3682	stimuli/foods\toast.jpg	7	42	1	toast	1	296	TF_053	0	0	0		0	0	1940.655957	1940.755935	0.0999775
400565.75	0.100013	3683	stimuli/foods\radish.jpg	7	42	1	radish	1	240	NF_090	1	0	0		0	0	1940.80594	1940.905954	0.100013
400603.25	0.0999961	3684	stimuli/non_foods\stim023_animate_human_baby_3.png	7	42	1	baby_3	0	12		NaN	0	0		0	0	1940.955954	1941.05595	0.0999961
400640.75	0.0999985	3685	stimuli/foods\blackberry.jpg	7	42	1	blackberry	1	24	NF_063	1	0	0		0	0	1941.105953	1941.205951	0.0999985
400678.25	0.0999933	3686	stimuli/non_foods\stim074_animate_mammal_monkey_2.png	7	42	1	monkey_2	0	189		NaN	0	0		0	0	1941.255943	1941.355937	0.0999933
400715.75	0.1000033	3687	stimuli/non_foods\stim153_inanimate_tools_scissors_1.png	7	42	1	scissors_1	0	258		NaN	0	0		0	0	1941.405941	1941.505945	0.1000033
400753.25	0.0999942	3688	stimuli/non_foods\stim087_inanimate_clothing_hat_3.png	7	42	1	hat_3	0	157		NaN	0	0		0	0	1941.555953	1941.655947	0.0999942
400790.75	0.099987	3689	stimuli/foods\mussels.jpg	7	42	1	mussels	1	195	TF_042	0	0	0		0	0	1941.705955	1941.805942	0.099987
400828.25	0.099999	3690	stimuli/non_foods\stim073_animate_mammal_monkey_1.png	7	42	1	monkey_1	0	188		NaN	0	0		0	0	1941.855946	1941.955945	0.099999
400865.75	0.1000148	3691	stimuli/non_foods\stim013_animate_bird_peacock_1.png	7	42	1	peacock_1	0	219		NaN	0	0		0	0	1942.005929	1942.105944	0.1000148
400903.25	0.0999909	3692	stimuli/non_foods\stim078_animate_mammal_rhino_2.png	7	42	1	rhino_2	0	247		NaN	1	0		0	0	1942.155945	1942.255936	0.0999909
400940.75	0.0999961	3693	stimuli/non_foods\stim002_animate_bird_chicken_2.png	7	42	1	chicken_2	0	67		NaN	0	0		0	0	1942.305947	1942.405943	0.0999961
400978.25	0.0999792	3694	stimuli/foods\steak.jpg	7	42	1	steak	1	283	TF_013	0	0	0		0	0	1942.455947	1942.555927	0.0999792
401015.75	0.0999907	3695	stimuli/foods\cinnamon_sroll.jpg	7	42	1	cinnamon_sroll	1	80	TF_021	0	0	1	f	0.4422782	1	1942.605945	1942.705936	0.0999907
401053.25	0.0999912	3696	stimuli/non_foods\stim160_inanimate_tools_wrench_4.png	7	42	1	wrench_4	0	313		NaN	0	0		0	0	1942.755939	1942.85593	0.0999912
401090.75	0.0999886	3697	stimuli/foods\chocolate_chip_cookies.jpg	7	42	1	chocolate_chip_cookies	1	76	TF_010	0	0	0		0	0	1942.905946	1943.005934	0.0999886
401128.25	0.1000071	3698	stimuli/non_foods\stim004_animate_bird_chicken_4.png	7	42	1	chicken_4	0	69		NaN	0	0		0	0	1943.055937	1943.155945	0.1000071
401165.75	0.0999848	3699	stimuli/foods\dried_figs.jpg	7	42	1	dried_figs	1	110	TF_054	0	0	0		0	0	1943.205944	1943.305929	0.0999848
401203.25	0.0999963	3700	stimuli/non_foods\stim147_inanimate_tools_hammer_3.png	7	42	1	hammer_3	0	153		NaN	0	0		0	0	1943.355932	1943.455929	0.0999963
401240.75	0.0999972	3701	stimuli/non_foods\stim043_animate_insect_ant_3.png	7	42	1	ant_3	0	3		NaN	0	0		0	0	1943.505932	1943.605929	0.0999972
401278.25	0.0999963	3702	stimuli/non_foods\stim084_inanimate_clothing_gloves_4.png	7	42	1	gloves_4	0	139		NaN	0	0		0	0	1943.655932	1943.755928	0.0999963
401315.75	0.1000123	3703	stimuli/non_foods\stim032_animate_human_clown_4.png	7	42	1	clown_4	0	88		NaN	0	0		0	0	1943.805951	1943.905964	0.1000123
401353.25	0.0999889	3704	stimuli/foods\pork_loin_with_peas.jpg	7	42	1	pork_loin_with_peas	1	234	TF_003	0	0	0		0	0	1943.955937	1944.055926	0.0999889
401390.75	0.0999934	3705	stimuli/non_foods\stim110_inanimate_furniture_closet_2.png	7	42	1	closet_2	0	82		NaN	0	0		0	0	1944.105932	1944.205926	0.0999934
401428.25	0.0999874	3706	stimuli/foods\chilli.jpg	7	42	1	chilli	1	74	NF_073	1	0	0		0	0	1944.255936	1944.355923	0.0999874
401465.75	0.0999952	3707	stimuli/non_foods\stim045_animate_insect_bug_1.png	7	42	1	bug_1	0	36		NaN	0	0		0	0	1944.405925	1944.505921	0.0999952
401503.25	0.0999892	3708	stimuli/foods\cannoli.jpg	7	42	1	cannoli	1	54	TF_022	0	0	0		0	0	1944.555932	1944.655922	0.0999892
401540.75	0.0999907	3709	stimuli/foods\licorice.jpg	7	42	1	licorice	1	179	TF_078	0	0	0		0	0	1944.705929	1944.80592	0.0999907
401578.25	0.1000097	3710	stimuli/non_foods\stim151_inanimate_tools_pan_3.png	7	42	1	pan_3	0	207		NaN	0	0		0	0	1944.855924	1944.955934	0.1000097
401615.75	0.0999968	3711	stimuli/non_foods\stim010_animate_bird_parrot_2.png	7	42	1	parrot_2	0	213		NaN	0	0		0	0	1945.005921	1945.105918	0.0999968
401653.25	0.0999889	3712	stimuli/non_foods\stim075_animate_mammal_monkey_3.png	7	42	1	monkey_3	0	190		NaN	0	0		0	0	1945.155925	1945.255914	0.0999889
401690.75	0.0999892	3713	stimuli/foods\spaghetti_with_olives_and_capers.jpg	7	42	1	spaghetti_with_olives_and_capers	1	276	TF_135	0	0	0		0	0	1945.305924	1945.405913	0.0999892
401728.25	0.0999911	3714	stimuli/foods\rockmelon.jpg	7	42	1	rockmelon	1	254	NF_060	1	0	0		0	0	1945.455924	1945.555915	0.0999911
401765.75	0.0999687	3715	stimuli/foods\lobster.jpg	7	42	1	lobster	1	182	NF_007	1	0	0		0	0	1945.605941	1945.70591	0.0999687
401803.25	0.099991	3716	stimuli/foods\grapefruits.jpg	7	42	1	grapefruits	1	141	NF_085	1	0	0		0	0	1945.75592	1945.855911	0.099991
401840.75	0.0999846	3717	stimuli/foods\salmon.jpg	7	42	1	salmon	1	256	TF_130	0	0	0		0	0	1945.905923	1946.005907	0.0999846
401878.25	0.099989	3718	stimuli/foods\celery.jpg	7	42	1	celery	1	58	NF_092	1	0	0		0	0	1946.055919	1946.155908	0.099989
401915.75	0.0999964	3719	stimuli/non_foods\stim060_animate_insect_grasshopper_4.png	7	42	1	grasshopper_4	0	146		NaN	0	0		0	0	1946.205912	1946.305908	0.0999964
401953.25	0.0999889	3720	stimuli/foods\garlic.jpg	7	42	1	garlic	1	130	NF_001	1	0	0		0	0	1946.355917	1946.455906	0.0999889
401990.75	0.0999965	3721	stimuli/non_foods\stim033_animate_human_faces_1.png	7	42	1	faces_1	0	117		NaN	0	0		0	0	1946.505909	1946.605906	0.0999965
402028.25	0.0999879	3722	stimuli/non_foods\stim031_animate_human_clown_3.png	7	42	1	clown_3	0	87		NaN	0	0		0	0	1946.65591	1946.755897	0.0999879
402065.75	0.0999885	3723	stimuli/foods\smoked_ham.jpg	7	42	1	smoked_ham	1	266	TF_118	0	0	0		0	0	1946.805914	1946.905902	0.0999885
402103.25	0.0999946	3724	stimuli/non_foods\stim130_inanimate_plants_sunflower_2.png	7	42	1	sunflower_2	0	287		NaN	0	0		0	0	1946.955907	1947.055901	0.0999946
402140.75	0.0999877	3725	stimuli/foods\chestnut.jpg	7	42	1	chestnut	1	65	NF_020	1	0	0		0	0	1947.105912	1947.205899	0.0999877
402178.25	0.0999119	3726	stimuli/non_foods\stim107_inanimate_furniture_chair_3.png	7	42	1	chair_3	0	62		NaN	0	0		0	0	1947.255981	1947.355893	0.0999119
402215.75	0.0999682	3727	stimuli/foods\pomegranate.jpg	7	42	1	pomegranate	1	232	NF_058	1	0	0		0	0	1947.40593	1947.505898	0.0999682
402253.25	0.0999964	3728	stimuli/non_foods\stim017_animate_bird_penguin_1.png	7	42	1	penguin_1	0	225		NaN	0	0		0	0	1947.555898	1947.655895	0.0999964
402290.75	0.0999944	3729	stimuli/non_foods\stim108_inanimate_furniture_chair_4.png	7	42	1	chair_4	0	63		NaN	0	0		0	0	1947.705902	1947.805897	0.0999944
402328.25	0.099988	3730	stimuli/foods\hotdog.jpg	7	42	1	hotdog	1	161	TF_070	0	0	0		0	0	1947.855908	1947.955896	0.099988
402365.75	0.0999967	3731	stimuli/non_foods\stim117_inanimate_furniture_table_1.png	7	42	1	table_1	0	291		NaN	0	0		0	0	1948.005895	1948.105892	0.0999967
402403.25	0.0999882	3732	stimuli/foods\cherry.jpg	7	42	1	cherry	1	64	NF_027	1	0	0		0	0	1948.155903	1948.255891	0.0999882
402440.75	0.0999912	3733	stimuli/non_foods\stim021_animate_human_baby_1.png	7	42	1	baby_1	0	10		NaN	0	0		0	0	1948.305897	1948.405888	0.0999912
402478.25	0.100001	3734	stimuli/non_foods\stim097_inanimate_clothing_socks_1.png	7	42	1	socks_1	0	267		NaN	0	0		0	0	1948.455891	1948.555892	0.100001
402515.75	0.0999959	3735	stimuli/non_foods\stim052_animate_insect_butterfly_4.png	7	42	1	butterfly_4	0	47		NaN	0	0		0	0	1948.605895	1948.70589	0.0999959
402553.25	0.0999897	3736	stimuli/foods\beetroots.jpg	7	42	1	beetroots	1	23	NF_015	1	0	0		0	0	1948.755896	1948.855886	0.0999897
402590.75	0.0999958	3737	stimuli/non_foods\stim061_animate_mammal_cow_1.png	7	42	1	cow_1	0	94		NaN	0	0		0	0	1948.905891	1949.005887	0.0999958
402628.25	0.1000048	3738	stimuli/non_foods\stim026_animate_human_child_2.png	7	42	1	child_2	0	71		NaN	0	0		0	0	1949.055899	1949.155904	0.1000048
402665.75	0.0999934	3739	stimuli/foods\pea_pod.jpg	7	42	1	pea_pod	1	217	NF_082	1	0	0		0	0	1949.205893	1949.305886	0.0999934
402703.25	0.0999927	3740	stimuli/non_foods\stim037_animate_human_sports_1.png	7	42	1	sports_1	0	278		NaN	0	0		0	0	1949.355887	1949.45588	0.0999927
402740.75	0.0999989	3741	stimuli/non_foods\stim118_inanimate_furniture_table_2.png	7	42	1	table_2	0	292		NaN	0	0		0	0	1949.505882	1949.605881	0.0999989
402778.25	0.0999989	3742	stimuli/non_foods\stim016_animate_bird_peacock_4.png	7	42	1	peacock_4	0	222		NaN	0	0		0	0	1949.655885	1949.755884	0.0999989
402815.75	0.0999909	3743	stimuli/foods\bagel.jpg	7	42	1	bagel	1	14	TF_005	0	0	0		0	0	1949.805888	1949.905879	0.0999909
402853.25	0.0999949	3744	stimuli/non_foods\stim113_inanimate_furniture_sofa_1.png	7	42	1	sofa_1	0	271		NaN	0	0		0	0	1949.95588	1950.055875	0.0999949
402890.75	0.0999873	3745	stimuli/foods\asparagus.jpg	7	42	1	asparagus	1	8	NF_010	1	0	0		0	0	1950.105889	1950.205876	0.0999873
402928.25	0.0999877	3746	stimuli/non_foods\stim136_inanimate_plants_tree_4.png	7	42	1	tree_4	0	302		NaN	0	0		0	0	1950.255879	1950.355866	0.0999877
402965.75	0.0999931	3747	stimuli/non_foods\stim126_inanimate_plants_cactus_2.png	7	42	1	cactus_2	0	50		NaN	1	0		0	0	1950.40588	1950.505873	0.0999931
403003.25	0.0999878	3748	stimuli/foods\calamari.jpg	7	42	1	calamari	1	53	TF_019	0	0	0		0	0	1950.555883	1950.655871	0.0999878
403040.75	0.0999912	3749	stimuli/non_foods\stim008_animate_bird_duck_4.png	7	42	1	duck_4	0	114		NaN	0	0		0	0	1950.705876	1950.805867	0.0999912
403078.25	0.0999834	3750	stimuli/non_foods\stim155_inanimate_tools_scissors_3.png	7	42	1	scissors_3	0	260		NaN	0	1	f	0.5421186	1	1950.855907	1950.955891	0.0999834
403115.75	0.0999975	3751	stimuli/non_foods\stim041_animate_insect_ant_1.png	7	42	1	ant_1	0	1		NaN	0	0		0	0	1951.00587	1951.105867	0.0999975
403153.25	0.099998	3752	stimuli/non_foods\stim123_inanimate_plants_bush_3.png	7	42	1	bush_3	0	42		NaN	0	0		0	0	1951.155872	1951.25587	0.099998
403190.75	0.0999911	3753	stimuli/foods\meatballs.jpg	7	42	1	meatballs	1	186	TF_112	0	0	0		0	0	1951.305875	1951.405866	0.0999911
403228.25	0.0999898	3754	stimuli/foods\fruit_salad.jpg	7	42	1	fruit_salad	1	129	NF_043	1	0	0		0	0	1951.455872	1951.555862	0.0999898
403265.75	0.0999969	3755	stimuli/non_foods\stim100_inanimate_clothing_socks_4.png	7	42	1	socks_4	0	270		NaN	0	0		0	0	1951.605869	1951.705866	0.0999969
403303.25	0.0999941	3756	stimuli/non_foods\stim115_inanimate_furniture_sofa_3.png	7	42	1	sofa_3	0	273		NaN	0	0		0	0	1951.755868	1951.855862	0.0999941
403340.75	0.0999946	3757	stimuli/foods\chocolate_pralines.jpg	7	42	1	chocolate_pralines	1	77	TF_035	0	0	0		0	0	1951.90587	1952.005865	0.0999946
403378.25	0.1000002	3758	stimuli/non_foods\stim038_animate_human_sports_2.png	7	42	1	sports_2	0	279		NaN	0	0		0	0	1952.055863	1952.155863	0.1000002
404132.25	0.099994	3759	stimuli/non_foods\stim095_inanimate_clothing_shirt_3.png	7	43	1	shirt_3	0	264		NaN	0	1	f	0	0	1955.072519	1955.172513	0.099994
404169.75	0.0999891	3760	stimuli/foods\papaya.jpg	7	43	1	papaya	1	210	NF_069	1	0	0		0	0	1955.222511	1955.3225	0.0999891
404207.25	0.0999915	3761	stimuli/non_foods\stim056_animate_insect_dragonfly_4.png	7	43	1	dragonfly_4	0	109		NaN	0	0		0	0	1955.372508	1955.4725	0.0999915
404244.75	0.0999893	3762	stimuli/foods\lasagna.jpg	7	43	1	lasagna	1	174	TF_076	0	0	0		0	0	1955.522511	1955.6225	0.0999893
404282.25	0.1000036	3763	stimuli/non_foods\stim039_animate_human_sports_3.png	7	43	1	sports_3	0	280		NaN	0	0		0	0	1955.672499	1955.772503	0.1000036
404319.75	0.0999687	3764	stimuli/non_foods\stim091_inanimate_clothing_jeans_3.png	7	43	1	jeans_3	0	166		NaN	0	0		0	0	1955.82253	1955.922498	0.0999687
404357.25	0.0999882	3765	stimuli/foods\lentils.jpg	7	43	1	lentils	1	177	NF_047	1	0	0		0	0	1955.972504	1956.072492	0.0999882
404394.75	0.0999895	3766	stimuli/foods\eggplant.jpg	7	43	1	eggplant	1	116	NF_059	1	0	0		0	0	1956.122507	1956.222497	0.0999895
404432.25	0.0999879	3767	stimuli/foods\toasted_bread_with_tomatoes.jpg	7	43	1	toasted_bread_with_tomatoes	1	297	TF_017	0	0	0		0	0	1956.272505	1956.372492	0.0999879
404469.75	0.0999959	3768	stimuli/foods\capsicum.jpg	7	43	1	capsicum	1	55	NF_076	1	0	0		0	0	1956.422499	1956.522495	0.0999959
404507.25	0.0999965	3769	stimuli/non_foods\stim119_inanimate_furniture_table_3.png	7	43	1	table_3	0	293		NaN	0	0		0	0	1956.572494	1956.672491	0.0999965
404544.75	0.0999848	3770	stimuli/foods\octopus.jpg	7	43	1	octopus	1	198	TF_113	0	0	0		0	0	1956.722502	1956.822487	0.0999848
404582.25	0.1000081	3771	stimuli/non_foods\stim092_inanimate_clothing_jeans_4.png	7	43	1	jeans_4	0	167		NaN	0	0		0	0	1956.872494	1956.972502	0.1000081
404619.75	0.0999963	3772	stimuli/non_foods\stim058_animate_insect_grasshopper_2.png	7	43	1	grasshopper_2	0	144		NaN	0	0		0	0	1957.022488	1957.122485	0.0999963
404657.25	0.0999983	3773	stimuli/non_foods\stim059_animate_insect_grasshopper_3.png	7	43	1	grasshopper_3	0	145		NaN	0	0		0	0	1957.172491	1957.272489	0.0999983
404694.75	0.0999926	3774	stimuli/non_foods\stim132_inanimate_plants_sunflower_4.png	7	43	1	sunflower_4	0	289		NaN	0	0		0	0	1957.322491	1957.422483	0.0999926
404732.25	0.100002	3775	stimuli/non_foods\stim019_animate_bird_penguin_3.png	7	43	1	penguin_3	0	227		NaN	0	0		0	0	1957.472488	1957.57249	0.100002
404769.75	0.0999695	3776	stimuli/foods\omelette.jpg	7	43	1	omelette	1	199	TF_057	0	0	0		0	0	1957.622513	1957.722482	0.0999695
404807.25	0.099988	3777	stimuli/foods\grapes.jpg	7	43	1	grapes	1	142	NF_098	1	0	0		0	0	1957.772493	1957.872481	0.099988
404844.75	0.0999938	3778	stimuli/non_foods\stim105_inanimate_furniture_chair_1.png	7	43	1	chair_1	0	60		NaN	0	0		0	0	1957.922487	1958.022481	0.0999938
404882.25	0.0999926	3779	stimuli/non_foods\stim102_inanimate_furniture_bed_2.png	7	43	1	bed_2	0	20		NaN	0	0		0	0	1958.072486	1958.172479	0.0999926
404919.75	0.0999918	3780	stimuli/non_foods\stim028_animate_human_child_4.png	7	43	1	child_4	0	73		NaN	0	0		0	0	1958.222482	1958.322474	0.0999918
404957.25	0.0999943	3781	stimuli/foods\ice_cream.jpg	7	43	1	ice_cream	1	162	TF_062	0	0	0		0	0	1958.372486	1958.47248	0.0999943
404994.75	0.0999898	3782	stimuli/foods\cooked_prawn.jpg	7	43	1	cooked_prawn	1	92	TF_060	0	0	0		0	0	1958.522485	1958.622475	0.0999898
405032.25	0.1000048	3783	stimuli/foods\green_beans.jpg	7	43	1	green_beans	1	147	NF_034	1	0	0		0	0	1958.672482	1958.772487	0.1000048
405069.75	0.0999842	3784	stimuli/non_foods\stim051_animate_insect_butterfly_3.png	7	43	1	butterfly_3	0	46		NaN	0	0		0	0	1958.822489	1958.922473	0.0999842
405107.25	0.0999868	3785	stimuli/foods\raw_sausage.jpg	7	43	1	raw_sausage	1	243	TF_131	0	0	0		0	0	1958.972482	1959.072469	0.0999868
405144.75	0.0999955	3786	stimuli/non_foods\stim050_animate_insect_butterfly_2.png	7	43	1	butterfly_2	0	45		NaN	0	0		0	0	1959.122475	1959.222471	0.0999955
405182.25	0.100014	3787	stimuli/foods\taco.jpg	7	43	1	taco	1	295	TF_141	0	0	0		0	0	1959.27248	1959.372494	0.100014
405219.75	0.0999751	3788	stimuli/non_foods\stim135_inanimate_plants_tree_3.png	7	43	1	tree_3	0	301		NaN	0	0		0	0	1959.422492	1959.522467	0.0999751
405257.25	0.0999976	3789	stimuli/non_foods\stim055_animate_insect_dragonfly_3.png	7	43	1	dragonfly_3	0	108		NaN	0	0		0	0	1959.57247	1959.672468	0.0999976
405294.75	0.0999856	3790	stimuli/foods\banana.jpg	7	43	1	banana	1	18	NF_013	1	0	0		0	0	1959.722477	1959.822463	0.0999856
405332.25	0.0999963	3791	stimuli/non_foods\stim157_inanimate_tools_wrench_1.png	7	43	1	wrench_1	0	310		NaN	0	0		0	0	1959.872466	1959.972463	0.0999963
405369.75	0.0999961	3792	stimuli/non_foods\stim071_animate_mammal_kangaroo_3.png	7	43	1	kangaroo_3	0	170		NaN	0	0		0	0	1960.022468	1960.122464	0.0999961
405407.25	0.0999934	3793	stimuli/non_foods\stim141_inanimate_tools_broom_1.png	7	43	1	broom_1	0	30		NaN	0	0		0	0	1960.172467	1960.27246	0.0999934
405444.75	0.09999	3794	stimuli/foods\roasted_chicken.jpg	7	43	1	roasted_chicken	1	253	TF_109	0	0	0		0	0	1960.322473	1960.422463	0.09999
405482.25	0.0999915	3795	stimuli/foods\linguine_with_clams.jpg	7	43	1	linguine_with_clams	1	181	TF_077	0	0	0		0	0	1960.472469	1960.572461	0.0999915
405519.75	0.0999878	3796	stimuli/foods\pear.jpg	7	43	1	pear	1	223	NF_077	1	0	0		0	0	1960.622469	1960.722456	0.0999878
405557.25	0.0999892	3797	stimuli/foods\chocolate_pudding.jpg	7	43	1	chocolate_pudding	1	78	TF_018	0	0	0		0	0	1960.772468	1960.872457	0.0999892
405594.75	0.099995	3798	stimuli/non_foods\stim069_animate_mammal_kangaroo_1.png	7	43	1	kangaroo_1	0	168		NaN	0	0		0	0	1960.922462	1961.022457	0.099995
405632.25	0.0999927	3799	stimuli/foods\lamb_chops.jpg	7	43	1	lamb_chops	1	173	TF_040	0	0	0		0	0	1961.072466	1961.172459	0.0999927
405669.75	0.0999734	3800	stimuli/non_foods\stim109_inanimate_furniture_closet_1.png	7	43	1	closet_1	0	81		NaN	0	0		0	0	1961.222481	1961.322455	0.0999734
405707.25	0.099997	3801	stimuli/non_foods\stim104_inanimate_furniture_bed_4.png	7	43	1	bed_4	0	22		NaN	0	0		0	0	1961.372456	1961.472453	0.099997
405744.75	0.0999914	3802	stimuli/foods\gnocchi.jpg	7	43	1	gnocchi	1	140	TF_064	0	0	0		0	0	1961.522459	1961.622451	0.0999914
405782.25	0.0999894	3803	stimuli/foods\cinnamon.jpg	7	43	1	cinnamon	1	79	NF_017	1	0	0		0	0	1961.672462	1961.772451	0.0999894
405819.75	0.0999946	3804	stimuli/non_foods\stim048_animate_insect_bug_4.png	7	43	1	bug_4	0	39		NaN	0	0		0	0	1961.822451	1961.922446	0.0999946
405857.25	0.0999929	3805	stimuli/non_foods\stim081_inanimate_clothing_gloves_1.png	7	43	1	gloves_1	0	136		NaN	0	0		0	0	1961.972453	1962.072446	0.0999929
405894.75	0.0999924	3806	stimuli/non_foods\stim134_inanimate_plants_tree_2.png	7	43	1	tree_2	0	300		NaN	0	0		0	0	1962.122452	1962.222444	0.0999924
405932.25	0.0999854	3807	stimuli/foods\baked_lamb_with_potatoes.jpg	7	43	1	baked_lamb_with_potatoes	1	17	TF_001	0	0	0		0	0	1962.272469	1962.372455	0.0999854
405969.75	0.0999947	3808	stimuli/non_foods\stim046_animate_insect_bug_2.png	7	43	1	bug_2	0	37		NaN	1	0		0	0	1962.422453	1962.522447	0.0999947
406007.25	0.0999904	3809	stimuli/foods\spring_onions.jpg	7	43	1	spring_onions	1	282	NF_086	1	0	0		0	0	1962.572452	1962.672443	0.0999904
406044.75	0.0999902	3810	stimuli/foods\lemon.jpg	7	43	1	lemon	1	175	NF_049	1	0	1	f	0.3920856	1	1962.722449	1962.822439	0.0999902
406082.25	0.1000106	3811	stimuli/non_foods\stim137_inanimate_plants_tulip_1.png	7	43	1	tulip_1	0	303		NaN	0	0		0	0	1962.872447	1962.972458	0.1000106
406119.75	0.0999953	3812	stimuli/non_foods\stim149_inanimate_tools_pan_1.png	7	43	1	pan_1	0	205		NaN	0	0		0	0	1963.022442	1963.122437	0.0999953
406157.25	0.0999954	3813	stimuli/non_foods\stim066_animate_mammal_giraffe_2.png	7	43	1	giraffe_2	0	133		NaN	0	0		0	0	1963.172441	1963.272437	0.0999954
406194.75	0.0999962	3814	stimuli/non_foods\stim143_inanimate_tools_broom_3.png	7	43	1	broom_3	0	32		NaN	0	0		0	0	1963.322438	1963.422434	0.0999962
406232.25	0.1000005	3815	stimuli/non_foods\stim029_animate_human_clown_1.png	7	43	1	clown_1	0	85		NaN	0	0		0	0	1963.472437	1963.572437	0.1000005
406269.75	0.0999879	3816	stimuli/foods\cracker.jpg	7	43	1	cracker	1	98	TF_043	0	0	0		0	0	1963.622448	1963.722436	0.0999879
406307.25	0.0999969	3817	stimuli/non_foods\stim012_animate_bird_parrot_4.png	7	43	1	parrot_4	0	215		NaN	0	0		0	0	1963.772435	1963.872432	0.0999969
406344.75	0.0999939	3818	stimuli/non_foods\stim114_inanimate_furniture_sofa_2.png	7	43	1	sofa_2	0	272		NaN	0	0		0	0	1963.922437	1964.022431	0.0999939
406382.25	0.099986	3819	stimuli/foods\oyster.jpg	7	43	1	oyster	1	204	NF_067	1	0	0		0	0	1964.072443	1964.172429	0.099986
406419.75	0.0999901	3820	stimuli/foods\cauliflower.jpg	7	43	1	cauliflower	1	57	NF_022	1	0	0		0	0	1964.222439	1964.322429	0.0999901
406457.25	0.0999859	3821	stimuli/foods\raw_ham.jpg	7	43	1	raw_ham	1	242	TF_117	0	0	0		0	0	1964.372441	1964.472427	0.0999859
406494.75	0.0999893	3822	stimuli/foods\onion.jpg	7	43	1	onion	1	200	NF_029	1	0	0		0	0	1964.522437	1964.622427	0.0999893
406532.25	0.1000096	3823	stimuli/non_foods\stim018_animate_bird_penguin_2.png	7	43	1	penguin_2	0	226		NaN	0	0		0	0	1964.672434	1964.772444	0.1000096
406569.75	0.0999885	3824	stimuli/foods\potatoes.jpg	7	43	1	potatoes	1	237	NF_071	1	0	0		0	0	1964.822437	1964.922425	0.0999885
406607.25	0.0999904	3825	stimuli/non_foods\stim062_animate_mammal_cow_2.png	7	43	1	cow_2	0	95		NaN	0	0		0	0	1964.972429	1965.072419	0.0999904
406644.75	0.0999898	3826	stimuli/foods\fennel.jpg	7	43	1	fennel	1	121	NF_036	1	0	0		0	0	1965.122434	1965.222424	0.0999898
406682.25	0.0999876	3827	stimuli/foods\tomato.jpg	7	43	1	tomato	1	298	NF_084	1	0	0		0	0	1965.272431	1965.372419	0.0999876
406719.75	0.0999984	3828	stimuli/non_foods\stim138_inanimate_plants_tulip_2.png	7	43	1	tulip_2	0	304		NaN	0	0		0	0	1965.422422	1965.522421	0.0999984
406757.25	0.0999857	3829	stimuli/foods\cooked_ham.jpg	7	43	1	cooked_ham	1	91	TF_116	0	0	0		0	0	1965.57243	1965.672416	0.0999857
406794.75	0.100009	3830	stimuli/foods\orange.jpg	7	43	1	orange	1	201	NF_008	1	0	0		0	0	1965.722428	1965.822437	0.100009
406832.25	0.0999632	3831	stimuli/foods\broccoli.jpg	7	43	1	broccoli	1	29	NF_016	1	0	0		0	0	1965.872456	1965.972419	0.0999632
406869.75	0.0999863	3832	stimuli/foods\apple.jpg	7	43	1	apple	1	5	NF_055	1	0	0		0	0	1966.022426	1966.122412	0.0999863
406907.25	0.1000013	3833	stimuli/non_foods\stim089_inanimate_clothing_jeans_1.png	7	43	1	jeans_1	0	164		NaN	0	0		0	0	1966.172415	1966.272416	0.1000013
406944.75	0.1000006	3834	stimuli/non_foods\stim124_inanimate_plants_bush_4.png	7	43	1	bush_4	0	43		NaN	0	0		0	0	1966.322415	1966.422416	0.1000006
406982.25	0.0999702	3835	stimuli/foods\pasta_carbonara.jpg	7	43	1	pasta_carbonara	1	216	TF_027	0	0	0		0	0	1966.472441	1966.572412	0.0999702
407019.75	0.0999935	3836	stimuli/foods\ice_cream_sandwich.jpg	7	43	1	ice_cream_sandwich	1	163	TF_061	0	0	0		0	0	1966.622419	1966.722412	0.0999935
407057.25	0.0999986	3837	stimuli/non_foods\stim064_animate_mammal_cow_4.png	7	43	1	cow_4	0	97		NaN	0	0		0	0	1966.772415	1966.872413	0.0999986
407094.75	0.0999962	3838	stimuli/non_foods\stim150_inanimate_tools_pan_2.png	7	43	1	pan_2	0	206		NaN	0	0		0	0	1966.922411	1967.022407	0.0999962
407132.25	0.099992	3839	stimuli/foods\savory_pie.jpg	7	43	1	savory_pie	1	257	TF_146	0	0	0		0	0	1967.072418	1967.17241	0.099992
407169.75	0.0999942	3840	stimuli/non_foods\stim101_inanimate_furniture_bed_1.png	7	43	1	bed_1	0	19		NaN	0	0		0	0	1967.222411	1967.322405	0.0999942
407207.25	0.099992	3841	stimuli/non_foods\stim099_inanimate_clothing_socks_3.png	7	43	1	socks_3	0	269		NaN	0	0		0	0	1967.37241	1967.472401	0.099992
407244.75	0.1000031	3842	stimuli/foods\fried_zucchini.jpg	7	43	1	fried_zucchini	1	125	TF_159	0	0	0		0	0	1967.522413	1967.622416	0.1000031
407282.25	0.0999849	3843	stimuli/non_foods\stim040_animate_human_sports_4.png	7	43	1	sports_4	0	281		NaN	0	0		0	0	1967.672416	1967.772401	0.0999849
407319.75	0.0999989	3844	stimuli/non_foods\stim006_animate_bird_duck_2.png	7	43	1	duck_2	0	112		NaN	0	0		0	0	1967.822405	1967.922404	0.0999989
407357.25	0.0999857	3845	stimuli/foods\cream_donuts.jpg	7	43	1	cream_donuts	1	99	TF_014	0	0	0		0	0	1967.972411	1968.072397	0.0999857
407394.75	0.1000263	3846	stimuli/foods\blue_cheese.jpg	7	43	1	blue_cheese	1	25	TF_066	0	0	0		0	0	1968.122409	1968.222435	0.1000263
407432.25	0.0999764	3847	stimuli/non_foods\stim090_inanimate_clothing_jeans_2.png	7	43	1	jeans_2	0	165		NaN	0	0		0	0	1968.272421	1968.372397	0.0999764
407469.75	0.0999885	3848	stimuli/foods\salami.jpg	7	43	1	salami	1	255	TF_127	0	0	0		0	0	1968.422405	1968.522393	0.0999885
407507.25	0.0999891	3849	stimuli/foods\waffle.jpg	7	43	1	waffle	1	308	TF_030	0	0	0		0	0	1968.572408	1968.672397	0.0999891
407544.75	0.0999877	3850	stimuli/foods\cereal.jpg	7	43	1	cereal	1	59	TF_028	0	0	0		0	0	1968.722406	1968.822394	0.0999877
407582.25	0.0999874	3851	stimuli/foods\baguette.jpg	7	43	1	baguette	1	15	TF_006	0	0	0		0	0	1968.872402	1968.97239	0.0999874
407619.75	0.0999978	3852	stimuli/non_foods\stim030_animate_human_clown_2.png	7	43	1	clown_2	0	86		NaN	0	0		0	0	1969.022392	1969.12239	0.0999978
407657.25	0.0999944	3853	stimuli/non_foods\stim146_inanimate_tools_hammer_2.png	7	43	1	hammer_2	0	152		NaN	0	0		0	0	1969.172393	1969.272387	0.0999944
407694.75	0.1000058	3854	stimuli/non_foods\stim044_animate_insect_ant_4.png	7	43	1	ant_4	0	4		NaN	0	0		0	0	1969.322392	1969.422398	0.1000058
407732.25	0.0999682	3855	stimuli/foods\mandarin.jpg	7	43	1	mandarin	1	184	NF_052	1	0	0		0	0	1969.472415	1969.572384	0.0999682
407769.75	0.0999997	3856	stimuli/non_foods\stim144_inanimate_tools_broom_4.png	7	43	1	broom_4	0	33		NaN	0	0		0	0	1969.622384	1969.722384	0.0999997
407807.25	0.0999918	3857	stimuli/non_foods\stim088_inanimate_clothing_hat_4.png	7	43	1	hat_4	0	158		NaN	0	0		0	0	1969.772391	1969.872383	0.0999918
407844.75	0.1000231	3858	stimuli/foods\pickles.jpg	7	43	1	pickles	1	230	TF_134	0	0	0		0	0	1969.922393	1970.022416	0.1000231
407882.25	0.0999782	3859	stimuli/non_foods\stim070_animate_mammal_kangaroo_2.png	7	43	1	kangaroo_2	0	169		NaN	0	0		0	0	1970.072417	1970.172396	0.0999782
407919.75	0.0999856	3860	stimuli/foods\coffee_beans.jpg	7	43	1	coffee_beans	1	90	TF_029	0	0	0		0	0	1970.222393	1970.322378	0.0999856
407957.25	0.0999948	3861	stimuli/non_foods\stim027_animate_human_child_3.png	7	43	1	child_3	0	72		NaN	0	0		0	0	1970.372382	1970.472377	0.0999948
407994.75	0.1000011	3862	stimuli/non_foods\stim152_inanimate_tools_pan_4.png	7	43	1	pan_4	0	208		NaN	0	0		0	0	1970.522378	1970.622379	0.1000011
408032.25	0.0999943	3863	stimuli/non_foods\stim053_animate_insect_dragonfly_1.png	7	43	1	dragonfly_1	0	106		NaN	0	0		0	0	1970.672381	1970.772375	0.0999943
408069.75	0.0999979	3864	stimuli/non_foods\stim131_inanimate_plants_sunflower_3.png	7	43	1	sunflower_3	0	288		NaN	0	0		0	0	1970.82238	1970.922378	0.0999979
408107.25	0.0999986	3865	stimuli/non_foods\stim127_inanimate_plants_cactus_3.png	7	43	1	cactus_3	0	51		NaN	0	0		0	0	1970.972381	1971.07238	0.0999986
408144.75	0.0999956	3866	stimuli/non_foods\stim057_animate_insect_grasshopper_1.png	7	43	1	grasshopper_1	0	143		NaN	0	0		0	0	1971.122378	1971.222374	0.0999956
408182.25	0.0999945	3867	stimuli/non_foods\stim015_animate_bird_peacock_3.png	7	43	1	peacock_3	0	221		NaN	0	0		0	0	1971.272377	1971.372372	0.0999945
408219.75	0.0999951	3868	stimuli/non_foods\stim020_animate_bird_penguin_4.png	7	43	1	penguin_4	0	228		NaN	0	0		0	0	1971.422376	1971.522371	0.0999951
408257.25	0.0999981	3869	stimuli/non_foods\stim047_animate_insect_bug_3.png	7	43	1	bug_3	0	38		NaN	0	0		0	0	1971.572374	1971.672373	0.0999981
408294.75	0.100006	3870	stimuli/foods\apricot.jpg	7	43	1	apricot	1	6	NF_002	1	0	0		0	0	1971.722382	1971.822388	0.100006
408332.25	0.0999757	3871	stimuli/foods\figs.jpg	7	43	1	figs	1	122	NF_035	1	0	0		0	0	1971.872392	1971.972367	0.0999757
408369.75	0.0999735	3872	stimuli/foods\nougat.jpg	7	43	1	nougat	1	197	TF_144	0	0	0		0	0	1972.022395	1972.122369	0.0999735
408407.25	0.0999939	3873	stimuli/non_foods\stim036_animate_human_faces_4.png	7	43	1	faces_4	0	120		NaN	0	0		0	0	1972.172371	1972.272364	0.0999939
408444.75	0.0999908	3874	stimuli/non_foods\stim035_animate_human_faces_3.png	7	43	1	faces_3	0	119		NaN	0	0		0	0	1972.322373	1972.422364	0.0999908
408482.25	0.0999997	3875	stimuli/non_foods\stim148_inanimate_tools_hammer_4.png	7	43	1	hammer_4	0	154		NaN	0	0		0	0	1972.472364	1972.572364	0.0999997
408519.75	0.0999846	3876	stimuli/foods\coconut.jpg	7	43	1	coconut	1	89	NF_030	1	0	0		0	0	1972.622376	1972.72236	0.0999846
408557.25	0.0999897	3877	stimuli/foods\pork_and_rice.jpg	7	43	1	pork_and_rice	1	233	TF_080	0	1	0		0	0	1972.77237	1972.872359	0.0999897
408594.75	0.0999801	3878	stimuli/foods\risotto_with_peas_and_asparagus_tips.jpg	7	43	1	risotto_with_peas_and_asparagus_tips	1	252	TF_123	0	0	0		0	0	1972.92238	1973.02236	0.0999801
408632.25	0.0999875	3879	stimuli/foods\oregano.jpg	7	43	1	oregano	1	202	NF_066	1	0	0		0	0	1973.072371	1973.172358	0.0999875
408669.75	0.0999923	3880	stimuli/foods\mango.jpg	7	43	1	mango	1	185	NF_054	1	0	1	f	0.5421122	1	1973.222365	1973.322357	0.0999923
408707.25	0.0999944	3881	stimuli/non_foods\stim128_inanimate_plants_cactus_4.png	7	43	1	cactus_4	0	52		NaN	0	0		0	0	1973.372359	1973.472353	0.0999944
408744.75	0.0999635	3882	stimuli/non_foods\stim022_animate_human_baby_2.png	7	43	1	baby_2	0	11		NaN	0	0		0	0	1973.522416	1973.62238	0.0999635
408782.25	0.0999782	3883	stimuli/foods\baked_cod_with_carrots_and_green_beans.jpg	7	43	1	baked_cod_with_carrots_and_green_beans	1	16	TF_082	0	0	0		0	0	1973.672373	1973.772351	0.0999782
408819.75	0.0999914	3884	stimuli/non_foods\stim121_inanimate_plants_bush_1.png	7	43	1	bush_1	0	40		NaN	0	0		0	0	1973.822361	1973.922352	0.0999914
408857.25	0.0999944	3885	stimuli/non_foods\stim093_inanimate_clothing_shirt_1.png	7	43	1	shirt_1	0	262		NaN	0	0		0	0	1973.972356	1974.072351	0.0999944
408894.75	0.0999883	3886	stimuli/foods\rice_cake.jpg	7	43	1	rice_cake	1	251	TF_059	0	0	0		0	0	1974.122361	1974.22235	0.0999883
408932.25	0.0999874	3887	stimuli/foods\pepperoni_pizza.jpg	7	43	1	pepperoni_pizza	1	229	TF_106	0	0	0		0	0	1974.272358	1974.372345	0.0999874
408969.75	0.0999907	3888	stimuli/foods\bread_roll.jpg	7	43	1	bread_roll	1	27	TF_090	0	0	0		0	0	1974.422361	1974.522352	0.0999907
409007.25	0.0999896	3889	stimuli/foods\kiwi.jpg	7	43	1	kiwi	1	172	NF_044	1	0	0		0	0	1974.572357	1974.672346	0.0999896
409044.75	0.099992	3890	stimuli/foods\red_beans.jpg	7	43	1	red_beans	1	244	NF_033	1	0	0		0	0	1974.722353	1974.822345	0.099992
409082.25	0.0999922	3891	stimuli/non_foods\stim024_animate_human_baby_4.png	7	43	1	baby_4	0	13		NaN	0	0		0	0	1974.87235	1974.972342	0.0999922
409119.75	0.0999922	3892	stimuli/non_foods\stim014_animate_bird_peacock_2.png	7	43	1	peacock_2	0	220		NaN	0	0		0	0	1975.022349	1975.122342	0.0999922
409157.25	0.1000021	3893	stimuli/non_foods\stim034_animate_human_faces_2.png	7	43	1	faces_2	0	118		NaN	0	0		0	0	1975.172344	1975.272346	0.1000021
409194.75	0.0999801	3894	stimuli/foods\spaghetti_with_meat_sauce.jpg	7	43	1	spaghetti_with_meat_sauce	1	275	TF_137	0	0	0		0	0	1975.322375	1975.422356	0.0999801
409232.25	0.0999998	3895	stimuli/non_foods\stim142_inanimate_tools_broom_2.png	7	43	1	broom_2	0	31		NaN	0	0		0	0	1975.472339	1975.572339	0.0999998
409269.75	0.0999899	3896	stimuli/foods\lettuce.jpg	7	43	1	lettuce	1	178	NF_046	1	0	0		0	0	1975.622348	1975.722338	0.0999899
409307.25	0.0999916	3897	stimuli/foods\peach.jpg	7	43	1	peach	1	218	NF_079	1	0	0		0	0	1975.772344	1975.872335	0.0999916
409344.75	0.0999886	3898	stimuli/non_foods\stim112_inanimate_furniture_closet_4.png	7	43	1	closet_4	0	84		NaN	0	0		0	0	1975.922345	1976.022333	0.0999886
409382.25	0.0999977	3899	stimuli/non_foods\stim072_animate_mammal_kangaroo_4.png	7	43	1	kangaroo_4	0	171		NaN	0	0		0	0	1976.072339	1976.172336	0.0999977
409419.75	0.0999897	3900	stimuli/foods\fries.jpg	7	43	1	fries	1	126	TF_094	0	0	0		0	0	1976.22234	1976.32233	0.0999897
409457.25	0.1000049	3901	stimuli/foods\honey.jpg	7	43	1	honey	1	160	NF_062	1	0	0		0	0	1976.372341	1976.472346	0.1000049
409494.75	0.099995	3902	stimuli/non_foods\stim054_animate_insect_dragonfly_2.png	7	43	1	dragonfly_2	0	107		NaN	0	0		0	0	1976.522334	1976.622329	0.099995
409532.25	0.099997	3903	stimuli/non_foods\stim156_inanimate_tools_scissors_4.png	7	43	1	scissors_4	0	261		NaN	0	0		0	0	1976.672332	1976.772329	0.099997
409569.75	0.0999854	3904	stimuli/foods\frankfurters.jpg	7	43	1	frankfurters	1	123	TF_156	0	0	0		0	0	1976.822342	1976.922327	0.0999854
409607.25	0.099997	3905	stimuli/foods\peas.jpg	7	43	1	peas	1	224	NF_081	1	0	0		0	0	1976.972335	1977.072332	0.099997
409644.75	0.0999658	3906	stimuli/foods\egg.jpg	7	43	1	egg	1	115	NF_095	1	0	0		0	0	1977.122359	1977.222325	0.0999658
409682.25	0.0999877	3907	stimuli/foods\spinach.jpg	7	43	1	spinach	1	277	NF_094	1	0	0		0	0	1977.272336	1977.372324	0.0999877
409719.75	0.0999935	3908	stimuli/non_foods\stim111_inanimate_furniture_closet_3.png	7	43	1	closet_3	0	83		NaN	0	0		0	0	1977.422328	1977.522321	0.0999935
409757.25	0.0999876	3909	stimuli/foods\cupcake.jpg	7	43	1	cupcake	1	102	TF_050	0	0	0		0	0	1977.572337	1977.672324	0.0999876
409794.75	0.100021	3910	stimuli/non_foods\stim094_inanimate_clothing_shirt_2.png	7	43	1	shirt_2	0	263		NaN	0	0		0	0	1977.722326	1977.822347	0.100021
409832.25	0.0999949	3911	stimuli/non_foods\stim065_animate_mammal_giraffe_1.png	7	43	1	giraffe_1	0	132		NaN	0	0		0	0	1977.872324	1977.972319	0.0999949
409869.75	0.0999896	3912	stimuli/foods\hazelnuts.jpg	7	43	1	hazelnuts	1	159	NF_065	1	0	0		0	0	1978.022328	1978.122317	0.0999896
409907.25	0.0999996	3913	stimuli/non_foods\stim106_inanimate_furniture_chair_2.png	7	43	1	chair_2	0	61		NaN	0	0		0	0	1978.172322	1978.272322	0.0999996
409944.75	0.0999927	3914	stimuli/non_foods\stim098_inanimate_clothing_socks_2.png	7	43	1	socks_2	0	268		NaN	0	0		0	0	1978.322324	1978.422317	0.0999927
409982.25	0.099989	3915	stimuli/foods\almonds.jpg	7	43	1	almonds	1	0	NF_053	1	0	0		0	0	1978.472326	1978.572315	0.099989
410469.75	0.0999802	3916	stimuli/foods\lemon_meringue_pie.jpg	7	44	1	lemon_meringue_pie	1	176	TF_151	0	0	0		0	0	1980.422319	1980.522299	0.0999802
410507.25	0.0999942	3917	stimuli/non_foods\stim074_animate_mammal_monkey_2.png	7	44	1	monkey_2	0	189		NaN	0	0		0	0	1980.572303	1980.672297	0.0999942
410544.75	0.0999785	3918	stimuli/foods\pomegranate.jpg	7	44	1	pomegranate	1	232	NF_058	1	0	0		0	0	1980.722319	1980.822297	0.0999785
410582.25	0.0999993	3919	stimuli/foods\waffle.jpg	7	44	1	waffle	1	308	TF_030	0	0	0		0	0	1980.872299	1980.972298	0.0999993
410619.75	0.0999979	3920	stimuli/non_foods\stim048_animate_insect_bug_4.png	7	44	1	bug_4	0	39		NaN	0	0		0	0	1981.022288	1981.122286	0.0999979
410657.25	0.0999841	3921	stimuli/foods\potatoes.jpg	7	44	1	potatoes	1	237	NF_071	1	0	0		0	0	1981.172303	1981.272287	0.0999841
410694.75	0.0999734	3922	stimuli/non_foods\stim040_animate_human_sports_4.png	7	44	1	sports_4	0	281		NaN	0	0		0	0	1981.322296	1981.42227	0.0999734
410732.25	0.0999983	3923	stimuli/non_foods\stim157_inanimate_tools_wrench_1.png	7	44	1	wrench_1	0	310		NaN	0	0		0	0	1981.472292	1981.57229	0.0999983
410769.75	0.0999905	3924	stimuli/foods\pickles.jpg	7	44	1	pickles	1	230	TF_134	0	0	0		0	0	1981.622298	1981.722289	0.0999905
410807.25	0.0999857	3925	stimuli/foods\rice.jpg	7	44	1	rice	1	250	TF_121	0	0	0		0	0	1981.772302	1981.872288	0.0999857
410844.75	0.099991	3926	stimuli/foods\radish.jpg	7	44	1	radish	1	240	NF_090	1	0	0		0	0	1981.922295	1982.022286	0.099991
410882.25	0.0999878	3927	stimuli/foods\fruit_flan.jpg	7	44	1	fruit_flan	1	127	TF_093	0	0	0		0	0	1982.072295	1982.172283	0.0999878
410919.75	0.100006	3928	stimuli/foods\cream_donuts.jpg	7	44	1	cream_donuts	1	99	TF_014	0	0	0		0	0	1982.222294	1982.3223	0.100006
410957.25	0.0999895	3929	stimuli/foods\ice_cream.jpg	7	44	1	ice_cream	1	162	TF_062	0	0	0		0	0	1982.372292	1982.472282	0.0999895
410994.75	0.099994	3930	stimuli/non_foods\stim012_animate_bird_parrot_4.png	7	44	1	parrot_4	0	215		NaN	0	0		0	0	1982.522289	1982.622283	0.099994
411032.25	0.0999922	3931	stimuli/foods\green_beans.jpg	7	44	1	green_beans	1	147	NF_034	1	0	0		0	0	1982.672289	1982.772281	0.0999922
411069.75	0.0999862	3932	stimuli/foods\almonds.jpg	7	44	1	almonds	1	0	NF_053	1	0	0		0	0	1982.822292	1982.922278	0.0999862
411107.25	0.0999957	3933	stimuli/non_foods\stim014_animate_bird_peacock_2.png	7	44	1	peacock_2	0	220		NaN	0	0		0	0	1982.972283	1983.072278	0.0999957
411144.75	0.1000052	3934	stimuli/foods\pancakes.jpg	7	44	1	pancakes	1	209	TF_058	0	0	0		0	0	1983.122291	1983.222296	0.1000052
411182.25	0.0999923	3935	stimuli/non_foods\stim082_inanimate_clothing_gloves_2.png	7	44	1	gloves_2	0	137		NaN	0	0		0	0	1983.272282	1983.372274	0.0999923
411219.75	0.0999967	3936	stimuli/non_foods\stim089_inanimate_clothing_jeans_1.png	7	44	1	jeans_1	0	164		NaN	0	0		0	0	1983.422278	1983.522274	0.0999967
411257.25	0.0999884	3937	stimuli/foods\cinnamon.jpg	7	44	1	cinnamon	1	79	NF_017	1	0	0		0	0	1983.572284	1983.672272	0.0999884
411294.75	0.0999952	3938	stimuli/non_foods\stim018_animate_bird_penguin_2.png	7	44	1	penguin_2	0	226		NaN	0	0		0	0	1983.722277	1983.822273	0.0999952
411332.25	0.0999938	3939	stimuli/foods\brussel_sprouts.jpg	7	44	1	brussel_sprouts	1	35	NF_021	1	0	0		0	0	1983.87228	1983.972273	0.0999938
411369.75	0.0999939	3940	stimuli/non_foods\stim118_inanimate_furniture_table_2.png	7	44	1	table_2	0	292		NaN	0	0		0	0	1984.022275	1984.122269	0.0999939
411407.25	0.1000161	3941	stimuli/non_foods\stim102_inanimate_furniture_bed_2.png	7	44	1	bed_2	0	20		NaN	0	0		0	0	1984.172273	1984.272289	0.1000161
411444.75	0.0999901	3942	stimuli/foods\cannoli.jpg	7	44	1	cannoli	1	54	TF_022	0	0	0		0	0	1984.322278	1984.422268	0.0999901
411482.25	0.0999958	3943	stimuli/non_foods\stim115_inanimate_furniture_sofa_3.png	7	44	1	sofa_3	0	273		NaN	0	0		0	0	1984.472271	1984.572266	0.0999958
411519.75	0.0999966	3944	stimuli/non_foods\stim150_inanimate_tools_pan_2.png	7	44	1	pan_2	0	206		NaN	1	0		0	0	1984.622267	1984.722264	0.0999966
411557.25	0.0999983	3945	stimuli/non_foods\stim112_inanimate_furniture_closet_4.png	7	44	1	closet_4	0	84		NaN	0	0		0	0	1984.772271	1984.872269	0.0999983
411594.75	0.0999716	3946	stimuli/non_foods\stim088_inanimate_clothing_hat_4.png	7	44	1	hat_4	0	158		NaN	0	1	d	0.4002232	1	1984.922289	1985.022261	0.0999716
411632.25	0.0999963	3947	stimuli/non_foods\stim121_inanimate_plants_bush_1.png	7	44	1	bush_1	0	40		NaN	0	0		0	0	1985.072267	1985.172264	0.0999963
411669.75	0.0999878	3948	stimuli/foods\bread_roll.jpg	7	44	1	bread_roll	1	27	TF_090	0	0	0		0	0	1985.222272	1985.322259	0.0999878
411707.25	0.0999923	3949	stimuli/foods\banana.jpg	7	44	1	banana	1	18	NF_013	1	0	0		0	0	1985.372266	1985.472259	0.0999923
411744.75	0.0999969	3950	stimuli/non_foods\stim013_animate_bird_peacock_1.png	7	44	1	peacock_1	0	219		NaN	0	0		0	0	1985.522262	1985.622259	0.0999969
411782.25	0.099996	3951	stimuli/non_foods\stim113_inanimate_furniture_sofa_1.png	7	44	1	sofa_1	0	271		NaN	0	0		0	0	1985.672258	1985.772254	0.099996
411819.75	0.0999902	3952	stimuli/foods\bread.jpg	7	44	1	bread	1	26	TF_089	0	0	0		0	0	1985.822266	1985.922256	0.0999902
411857.25	0.1000051	3953	stimuli/foods\mortadella.jpg	7	44	1	mortadella	1	192	TF_083	0	0	0		0	0	1985.972263	1986.072268	0.1000051
411894.75	0.0999958	3954	stimuli/non_foods\stim111_inanimate_furniture_closet_3.png	7	44	1	closet_3	0	83		NaN	0	0		0	0	1986.122257	1986.222252	0.0999958
411932.25	0.0999909	3955	stimuli/foods\ice_cream_sandwich.jpg	7	44	1	ice_cream_sandwich	1	163	TF_061	0	0	0		0	0	1986.272261	1986.372252	0.0999909
411969.75	0.0999867	3956	stimuli/foods\lime.jpg	7	44	1	lime	1	180	NF_048	1	0	0		0	0	1986.422261	1986.522247	0.0999867
412007.25	0.1000145	3957	stimuli/foods\capsicum.jpg	7	44	1	capsicum	1	55	NF_076	1	0	0		0	0	1986.572257	1986.672272	0.1000145
412044.75	0.0999729	3958	stimuli/non_foods\stim064_animate_mammal_cow_4.png	7	44	1	cow_4	0	97		NaN	0	0		0	0	1986.722277	1986.82225	0.0999729
412082.25	0.0999949	3959	stimuli/non_foods\stim025_animate_human_child_1.png	7	44	1	child_1	0	70		NaN	0	0		0	0	1986.872249	1986.972244	0.0999949
412119.75	0.0999878	3960	stimuli/foods\asparagus.jpg	7	44	1	asparagus	1	8	NF_010	1	0	0		0	0	1987.022255	1987.122243	0.0999878
412157.25	0.0999897	3961	stimuli/non_foods\stim136_inanimate_plants_tree_4.png	7	44	1	tree_4	0	302		NaN	0	0		0	0	1987.172253	1987.272243	0.0999897
412194.75	0.0999977	3962	stimuli/non_foods\stim059_animate_insect_grasshopper_3.png	7	44	1	grasshopper_3	0	145		NaN	0	0		0	0	1987.322245	1987.422243	0.0999977
412232.25	0.0999951	3963	stimuli/non_foods\stim125_inanimate_plants_cactus_1.png	7	44	1	cactus_1	0	49		NaN	0	0		0	0	1987.472248	1987.572243	0.0999951
412269.75	0.0999902	3964	stimuli/non_foods\stim106_inanimate_furniture_chair_2.png	7	44	1	chair_2	0	61		NaN	0	0		0	0	1987.622247	1987.722237	0.0999902
412307.25	0.1000007	3965	stimuli/non_foods\stim076_animate_mammal_monkey_4.png	7	44	1	monkey_4	0	191		NaN	0	0		0	0	1987.772242	1987.872243	0.1000007
412344.75	0.1000087	3966	stimuli/non_foods\stim037_animate_human_sports_1.png	7	44	1	sports_1	0	278		NaN	0	0		0	0	1987.922229	1988.022238	0.1000087
412382.25	0.1000133	3967	stimuli/non_foods\stim149_inanimate_tools_pan_1.png	7	44	1	pan_1	0	205		NaN	0	0		0	0	1988.072236	1988.17225	0.1000133
412419.75	0.0999987	3968	stimuli/non_foods\stim065_animate_mammal_giraffe_1.png	7	44	1	giraffe_1	0	132		NaN	0	0		0	0	1988.222237	1988.322236	0.0999987
412457.25	0.1000226	3969	stimuli/non_foods\stim132_inanimate_plants_sunflower_4.png	7	44	1	sunflower_4	0	289		NaN	0	0		0	0	1988.372243	1988.472266	0.1000226
412494.75	0.0999569	3970	stimuli/foods\fruit_pie.jpg	7	44	1	fruit_pie	1	128	TF_147	0	0	0		0	0	1988.522273	1988.62223	0.0999569
412532.25	0.0999965	3971	stimuli/non_foods\stim071_animate_mammal_kangaroo_3.png	7	44	1	kangaroo_3	0	170		NaN	0	0		0	0	1988.672235	1988.772232	0.0999965
412569.75	0.0999913	3972	stimuli/non_foods\stim075_animate_mammal_monkey_3.png	7	44	1	monkey_3	0	190		NaN	0	0		0	0	1988.822238	1988.92223	0.0999913
412607.25	0.0999874	3973	stimuli/foods\lollies.jpg	7	44	1	lollies	1	183	TF_026	0	0	0		0	0	1988.972242	1989.07223	0.0999874
412644.75	0.0999967	3974	stimuli/non_foods\stim058_animate_insect_grasshopper_2.png	7	44	1	grasshopper_2	0	144		NaN	0	0		0	0	1989.122231	1989.222228	0.0999967
412682.25	0.0999881	3975	stimuli/foods\baked_cod_with_carrots_and_green_beans.jpg	7	44	1	baked_cod_with_carrots_and_green_beans	1	16	TF_082	0	0	0		0	0	1989.272237	1989.372226	0.0999881
412719.75	0.1000071	3976	stimuli/non_foods\stim096_inanimate_clothing_shirt_4.png	7	44	1	shirt_4	0	265		NaN	0	0		0	0	1989.422236	1989.522243	0.1000071
412757.25	0.0999932	3977	stimuli/non_foods\stim129_inanimate_plants_sunflower_1.png	7	44	1	sunflower_1	0	286		NaN	0	0		0	0	1989.57223	1989.672223	0.0999932
412794.75	0.0999962	3978	stimuli/non_foods\stim131_inanimate_plants_sunflower_3.png	7	44	1	sunflower_3	0	288		NaN	0	0		0	0	1989.722229	1989.822225	0.0999962
412832.25	0.0999953	3979	stimuli/non_foods\stim038_animate_human_sports_2.png	7	44	1	sports_2	0	279		NaN	0	0		0	0	1989.872224	1989.972219	0.0999953
412869.75	0.0999917	3980	stimuli/foods\raw_ham.jpg	7	44	1	raw_ham	1	242	TF_117	0	0	0		0	0	1990.022229	1990.122221	0.0999917
412907.25	0.0999986	3981	stimuli/foods\avocado.jpg	7	44	1	avocado	1	9	NF_012	1	0	0		0	0	1990.172232	1990.272231	0.0999986
412944.75	0.0999852	3982	stimuli/non_foods\stim072_animate_mammal_kangaroo_4.png	7	44	1	kangaroo_4	0	171		NaN	0	0		0	0	1990.322235	1990.42222	0.0999852
412982.25	0.1000001	3983	stimuli/non_foods\stim010_animate_bird_parrot_2.png	7	44	1	parrot_2	0	213		NaN	0	0		0	0	1990.472218	1990.572218	0.1000001
413019.75	0.0999938	3984	stimuli/non_foods\stim084_inanimate_clothing_gloves_4.png	7	44	1	gloves_4	0	139		NaN	0	0		0	0	1990.622223	1990.722216	0.0999938
413057.25	0.1000131	3985	stimuli/non_foods\stim032_animate_human_clown_4.png	7	44	1	clown_4	0	88		NaN	0	0		0	0	1990.772217	1990.87223	0.1000131
413094.75	0.0999984	3986	stimuli/non_foods\stim028_animate_human_child_4.png	7	44	1	child_4	0	73		NaN	0	0		0	0	1990.922217	1991.022216	0.0999984
413132.25	0.0999945	3987	stimuli/non_foods\stim051_animate_insect_butterfly_3.png	7	44	1	butterfly_3	0	46		NaN	0	0		0	0	1991.072218	1991.172212	0.0999945
413169.75	0.0999906	3988	stimuli/foods\oregano.jpg	7	44	1	oregano	1	202	NF_066	1	0	0		0	0	1991.22222	1991.322211	0.0999906
413207.25	0.0999768	3989	stimuli/non_foods\stim053_animate_insect_dragonfly_1.png	7	44	1	dragonfly_1	0	106		NaN	0	0		0	0	1991.372229	1991.472206	0.0999768
413244.75	0.0999938	3990	stimuli/non_foods\stim062_animate_mammal_cow_2.png	7	44	1	cow_2	0	95		NaN	0	0		0	0	1991.522212	1991.622206	0.0999938
413282.25	0.0999958	3991	stimuli/non_foods\stim016_animate_bird_peacock_4.png	7	44	1	peacock_4	0	222		NaN	0	0		0	0	1991.672213	1991.772209	0.0999958
413319.75	0.0999867	3992	stimuli/foods\oven-roasted_tomatoes.jpg	7	44	1	oven-roasted_tomatoes	1	203	TF_114	0	0	0		0	0	1991.822217	1991.922203	0.0999867
413357.25	0.1000181	3993	stimuli/non_foods\stim036_animate_human_faces_4.png	7	44	1	faces_4	0	120		NaN	0	0		0	0	1991.972214	1992.072232	0.1000181
413394.75	0.0999951	3994	stimuli/non_foods\stim116_inanimate_furniture_sofa_4.png	7	44	1	sofa_4	0	274		NaN	0	0		0	0	1992.12221	1992.222205	0.0999951
413432.25	0.0999939	3995	stimuli/non_foods\stim006_animate_bird_duck_2.png	7	44	1	duck_2	0	112		NaN	0	0		0	0	1992.272207	1992.372201	0.0999939
413469.75	0.0999913	3996	stimuli/foods\spaghetti_with_meat_sauce.jpg	7	44	1	spaghetti_with_meat_sauce	1	275	TF_137	0	0	0		0	0	1992.422213	1992.522205	0.0999913
413507.25	0.0999948	3997	stimuli/non_foods\stim085_inanimate_clothing_hat_1.png	7	44	1	hat_1	0	155		NaN	0	0		0	0	1992.572205	1992.6722	0.0999948
413544.75	0.0999916	3998	stimuli/foods\gnocchi.jpg	7	44	1	gnocchi	1	140	TF_064	0	0	0		0	0	1992.722207	1992.822199	0.0999916
413582.25	0.1000008	3999	stimuli/non_foods\stim145_inanimate_tools_hammer_1.png	7	44	1	hammer_1	0	151		NaN	0	0		0	0	1992.872199	1992.9722	0.1000008
413619.75	0.0999867	4000	stimuli/foods\pineapple.jpg	7	44	1	pineapple	1	231	NF_004	1	0	0		0	0	1993.022208	1993.122194	0.0999867
413657.25	0.1000127	4001	stimuli/non_foods\stim073_animate_mammal_monkey_1.png	7	44	1	monkey_1	0	188		NaN	0	0		0	0	1993.1722	1993.272213	0.1000127
413694.75	0.0999924	4002	stimuli/non_foods\stim110_inanimate_furniture_closet_2.png	7	44	1	closet_2	0	82		NaN	0	0		0	0	1993.322204	1993.422196	0.0999924
413732.25	0.0999978	4003	stimuli/non_foods\stim160_inanimate_tools_wrench_4.png	7	44	1	wrench_4	0	313		NaN	0	0		0	0	1993.472194	1993.572191	0.0999978
413769.75	0.1000033	4004	stimuli/foods\risotto_with_peas_and_asparagus_tips.jpg	7	44	1	risotto_with_peas_and_asparagus_tips	1	252	TF_123	0	0	0		0	0	1993.622199	1993.722203	0.1000033
413807.25	0.099969	4005	stimuli/non_foods\stim086_inanimate_clothing_hat_2.png	7	44	1	hat_2	0	156		NaN	0	0		0	0	1993.772233	1993.872202	0.099969
413844.75	0.0999977	4006	stimuli/non_foods\stim050_animate_insect_butterfly_2.png	7	44	1	butterfly_2	0	45		NaN	0	0		0	0	1993.922191	1994.022189	0.0999977
413882.25	0.0999923	4007	stimuli/foods\toasted_bread_with_tomatoes.jpg	7	44	1	toasted_bread_with_tomatoes	1	297	TF_017	0	0	0		0	0	1994.0722	1994.172193	0.0999923
413919.75	0.099991	4008	stimuli/non_foods\stim109_inanimate_furniture_closet_1.png	7	44	1	closet_1	0	81		NaN	0	0		0	0	1994.222195	1994.322186	0.099991
413957.25	0.0999991	4009	stimuli/non_foods\stim151_inanimate_tools_pan_3.png	7	44	1	pan_3	0	207		NaN	0	0		0	0	1994.37219	1994.472189	0.0999991
413994.75	0.0999887	4010	stimuli/foods\oyster.jpg	7	44	1	oyster	1	204	NF_067	1	0	0		0	0	1994.522196	1994.622185	0.0999887
414032.25	0.0999964	4011	stimuli/non_foods\stim060_animate_insect_grasshopper_4.png	7	44	1	grasshopper_4	0	146		NaN	0	0		0	0	1994.672184	1994.772181	0.0999964
414069.75	0.1000107	4012	stimuli/foods\bagel.jpg	7	44	1	bagel	1	14	TF_005	0	0	0		0	0	1994.82219	1994.9222	0.1000107
414107.25	0.0999866	4013	stimuli/foods\mango.jpg	7	44	1	mango	1	185	NF_054	1	0	0		0	0	1994.972191	1995.072177	0.0999866
414144.75	0.0999887	4014	stimuli/foods\lentils.jpg	7	44	1	lentils	1	177	NF_047	1	0	0		0	0	1995.122191	1995.222179	0.0999887
414182.25	0.0999904	4015	stimuli/foods\watermelon.jpg	7	44	1	watermelon	1	309	NF_005	1	0	0		0	0	1995.27219	1995.372181	0.0999904
414219.75	0.1000011	4016	stimuli/non_foods\stim069_animate_mammal_kangaroo_1.png	7	44	1	kangaroo_1	0	168		NaN	0	0		0	0	1995.42218	1995.522181	0.1000011
414257.25	0.0999658	4017	stimuli/foods\baguette.jpg	7	44	1	baguette	1	15	TF_006	0	0	0		0	0	1995.572209	1995.672175	0.0999658
414294.75	0.0999918	4018	stimuli/non_foods\stim077_animate_mammal_rhino_1.png	7	44	1	rhino_1	0	246		NaN	0	0		0	0	1995.722181	1995.822173	0.0999918
414332.25	0.1000007	4019	stimuli/non_foods\stim057_animate_insect_grasshopper_1.png	7	44	1	grasshopper_1	0	143		NaN	0	0		0	0	1995.872174	1995.972175	0.1000007
414369.75	0.0999963	4020	stimuli/non_foods\stim017_animate_bird_penguin_1.png	7	44	1	penguin_1	0	225		NaN	0	0		0	0	1996.022175	1996.122172	0.0999963
414407.25	0.0999912	4021	stimuli/non_foods\stim156_inanimate_tools_scissors_4.png	7	44	1	scissors_4	0	261		NaN	0	0		0	0	1996.172177	1996.272168	0.0999912
414444.75	0.0999911	4022	stimuli/foods\cereal.jpg	7	44	1	cereal	1	59	TF_028	0	0	0		0	0	1996.322182	1996.422173	0.0999911
414482.25	0.0999878	4023	stimuli/foods\grapefruits.jpg	7	44	1	grapefruits	1	141	NF_085	1	0	0		0	0	1996.472181	1996.572168	0.0999878
414519.75	0.1000007	4024	stimuli/non_foods\stim107_inanimate_furniture_chair_3.png	7	44	1	chair_3	0	62		NaN	0	0		0	0	1996.622173	1996.722173	0.1000007
414557.25	0.0999802	4025	stimuli/non_foods\stim148_inanimate_tools_hammer_4.png	7	44	1	hammer_4	0	154		NaN	0	0		0	0	1996.772186	1996.872167	0.0999802
414594.75	0.0999903	4026	stimuli/foods\chestnut.jpg	7	44	1	chestnut	1	65	NF_020	1	0	0		0	0	1996.922175	1997.022165	0.0999903
414632.25	0.1000171	4027	stimuli/non_foods\stim154_inanimate_tools_scissors_2.png	7	44	1	scissors_2	0	259		NaN	0	0		0	0	1997.072167	1997.172184	0.1000171
414669.75	0.1000155	4028	stimuli/foods\beetroots.jpg	7	44	1	beetroots	1	23	NF_015	1	0	0		0	0	1997.222175	1997.322191	0.1000155
414707.25	0.0999765	4029	stimuli/non_foods\stim026_animate_human_child_2.png	7	44	1	child_2	0	71		NaN	0	0		0	0	1997.372186	1997.472163	0.0999765
414744.75	0.0999965	4030	stimuli/non_foods\stim130_inanimate_plants_sunflower_2.png	7	44	1	sunflower_2	0	287		NaN	0	0		0	0	1997.522164	1997.62216	0.0999965
414782.25	0.0999877	4031	stimuli/foods\salmon.jpg	7	44	1	salmon	1	256	TF_130	0	0	0		0	0	1997.67217	1997.772157	0.0999877
414819.75	0.0999982	4032	stimuli/non_foods\stim083_inanimate_clothing_gloves_3.png	7	44	1	gloves_3	0	138		NaN	1	0		0	0	1997.822163	1997.922161	0.0999982
414857.25	0.099992	4033	stimuli/non_foods\stim087_inanimate_clothing_hat_3.png	7	44	1	hat_3	0	157		NaN	0	0		0	0	1997.972164	1998.072156	0.099992
414894.75	0.0999904	4034	stimuli/foods\lamb_chops.jpg	7	44	1	lamb_chops	1	173	TF_040	0	0	1	d	0.3921414	1	1998.122167	1998.222157	0.0999904
414932.25	0.0999965	4035	stimuli/non_foods\stim009_animate_bird_parrot_1.png	7	44	1	parrot_1	0	212		NaN	0	0		0	0	1998.272159	1998.372155	0.0999965
414969.75	0.0999828	4036	stimuli/foods\celery.jpg	7	44	1	celery	1	58	NF_092	1	0	0		0	0	1998.422168	1998.522151	0.0999828
415007.25	0.0999884	4037	stimuli/foods\kiwi.jpg	7	44	1	kiwi	1	172	NF_044	1	0	0		0	0	1998.572162	1998.672151	0.0999884
415044.75	0.0999941	4038	stimuli/non_foods\stim126_inanimate_plants_cactus_2.png	7	44	1	cactus_2	0	50		NaN	0	0		0	0	1998.722157	1998.822151	0.0999941
415082.25	0.0999932	4039	stimuli/non_foods\stim035_animate_human_faces_3.png	7	44	1	faces_3	0	119		NaN	0	0		0	0	1998.872156	1998.97215	0.0999932
415119.75	0.1000125	4040	stimuli/foods\fruit_salad.jpg	7	44	1	fruit_salad	1	129	NF_043	1	0	0		0	0	1999.022156	1999.122169	0.1000125
415157.25	0.0999656	4041	stimuli/foods\grilled_chicken_breast.jpg	7	44	1	grilled_chicken_breast	1	149	TF_104	0	0	0		0	0	1999.172181	1999.272146	0.0999656
415194.75	0.09999	4042	stimuli/foods\cauliflower.jpg	7	44	1	cauliflower	1	57	NF_022	1	0	0		0	0	1999.322156	1999.422146	0.09999
415232.25	0.0999921	4043	stimuli/foods\pork_and_rice.jpg	7	44	1	pork_and_rice	1	233	TF_080	0	0	0		0	0	1999.472152	1999.572144	0.0999921
415269.75	0.0999901	4044	stimuli/foods\cooked_ham.jpg	7	44	1	cooked_ham	1	91	TF_116	0	0	0		0	0	1999.622155	1999.722145	0.0999901
415307.25	0.099993	4045	stimuli/foods\meatballs.jpg	7	44	1	meatballs	1	186	TF_112	0	0	0		0	0	1999.772149	1999.872142	0.099993
415344.75	0.099979	4046	stimuli/non_foods\stim007_animate_bird_duck_3.png	7	44	1	duck_3	0	113		NaN	0	0		0	0	1999.922163	2000.022142	0.099979
415382.25	0.0999889	4047	stimuli/foods\potato_and_green_bean_salad.jpg	7	44	1	potato_and_green_bean_salad	1	235	TF_072	0	0	0		0	0	2000.072149	2000.172138	0.0999889
415419.75	0.0999863	4048	stimuli/non_foods\stim031_animate_human_clown_3.png	7	44	1	clown_3	0	87		NaN	0	0		0	0	2000.222164	2000.32215	0.0999863
415457.25	0.0999877	4049	stimuli/foods\pork_loin_with_peas.jpg	7	44	1	pork_loin_with_peas	1	234	TF_003	0	0	0		0	0	2000.37215	2000.472137	0.0999877
415494.75	0.0999921	4050	stimuli/foods\wafer.jpg	7	44	1	wafer	1	307	TF_155	0	0	0		0	0	2000.522144	2000.622136	0.0999921
415532.25	0.0999865	4051	stimuli/foods\blackberry.jpg	7	44	1	blackberry	1	24	NF_063	1	0	0		0	0	2000.672147	2000.772133	0.0999865
415569.75	0.1000094	4052	stimuli/non_foods\stim128_inanimate_plants_cactus_4.png	7	44	1	cactus_4	0	52		NaN	0	0		0	0	2000.822144	2000.922153	0.1000094
415607.25	0.1000015	4053	stimuli/foods\cupcake.jpg	7	44	1	cupcake	1	102	TF_050	0	0	0		0	0	2000.972146	2001.072148	0.1000015
415644.75	0.0999882	4054	stimuli/foods\linguine_with_clams.jpg	7	44	1	linguine_with_clams	1	181	TF_077	0	0	0		0	0	2001.122143	2001.222131	0.0999882
415682.25	0.0999913	4055	stimuli/non_foods\stim097_inanimate_clothing_socks_1.png	7	44	1	socks_1	0	267		NaN	0	0		0	0	2001.272135	2001.372126	0.0999913
415719.75	0.0999921	4056	stimuli/foods\pepperoni_pizza.jpg	7	44	1	pepperoni_pizza	1	229	TF_106	0	0	0		0	0	2001.422139	2001.522132	0.0999921
415757.25	0.0999883	4057	stimuli/foods\fried_zucchini.jpg	7	44	1	fried_zucchini	1	125	TF_159	0	0	0		0	0	2001.572138	2001.672126	0.0999883
415794.75	0.0999905	4058	stimuli/foods\mushroom.jpg	7	44	1	mushroom	1	194	NF_039	1	0	0		0	0	2001.722135	2001.822126	0.0999905
415832.25	0.0999901	4059	stimuli/non_foods\stim098_inanimate_clothing_socks_2.png	7	44	1	socks_2	0	268		NaN	0	0		0	0	2001.872134	2001.972124	0.0999901
415869.75	0.0999863	4060	stimuli/non_foods\stim090_inanimate_clothing_jeans_2.png	7	44	1	jeans_2	0	165		NaN	0	0		0	0	2002.022137	2002.122123	0.0999863
415907.25	0.0999959	4061	stimuli/non_foods\stim093_inanimate_clothing_shirt_1.png	7	44	1	shirt_1	0	262		NaN	0	0		0	0	2002.172128	2002.272124	0.0999959
415944.75	0.0999978	4062	stimuli/non_foods\stim158_inanimate_tools_wrench_2.png	7	44	1	wrench_2	0	311		NaN	0	0		0	0	2002.322125	2002.422123	0.0999978
415982.25	0.0999955	4063	stimuli/non_foods\stim041_animate_insect_ant_1.png	7	44	1	ant_1	0	1		NaN	0	0		0	0	2002.472123	2002.572119	0.0999955
416019.75	0.1000124	4064	stimuli/non_foods\stim078_animate_mammal_rhino_2.png	7	44	1	rhino_2	0	247		NaN	0	0		0	0	2002.622129	2002.722142	0.1000124
416057.25	0.0999932	4065	stimuli/non_foods\stim134_inanimate_plants_tree_2.png	7	44	1	tree_2	0	300		NaN	0	0		0	0	2002.772122	2002.872115	0.0999932
416094.75	0.0999938	4066	stimuli/foods\taco.jpg	7	44	1	taco	1	295	TF_141	0	0	0		0	0	2002.922124	2003.022118	0.0999938
416132.25	0.0999954	4067	stimuli/non_foods\stim052_animate_insect_butterfly_4.png	7	44	1	butterfly_4	0	47		NaN	0	0		0	0	2003.07212	2003.172115	0.0999954
416169.75	0.0999929	4068	stimuli/foods\peach.jpg	7	44	1	peach	1	218	NF_079	1	0	0		0	0	2003.222122	2003.322115	0.0999929
416207.25	0.09999	4069	stimuli/foods\potato_chips.jpg	7	44	1	potato_chips	1	236	TF_097	0	0	0		0	0	2003.372124	2003.472114	0.09999
416244.75	0.0999942	4070	stimuli/non_foods\stim123_inanimate_plants_bush_3.png	7	44	1	bush_3	0	42		NaN	0	0		0	0	2003.522117	2003.622111	0.0999942
416282.25	0.1000092	4071	stimuli/foods\cucumber.jpg	7	44	1	cucumber	1	101	NF_026	1	0	0		0	0	2003.67212	2003.77213	0.1000092
416319.75	0.0999883	4072	stimuli/foods\hazelnuts.jpg	7	44	1	hazelnuts	1	159	NF_065	1	0	0		0	0	2003.822123	2003.922112	0.0999883
418090.75	0.0999794	4073	stimuli/non_foods\stim133_inanimate_plants_tree_1.png	7	45	1	tree_1	0	299		NaN	0	0		0	0	2010.905407	2011.005386	0.0999794
418128.25	0.0999939	4074	stimuli/foods\minestrone_soup.jpg	7	45	1	minestrone_soup	1	187	TF_160	0	0	0		0	0	2011.055391	2011.155385	0.0999939
418165.75	0.0999939	4075	stimuli/non_foods\stim119_inanimate_furniture_table_3.png	7	45	1	table_3	0	293		NaN	0	0		0	0	2011.205386	2011.30538	0.0999939
418203.25	0.0999667	4076	stimuli/non_foods\stim049_animate_insect_butterfly_1.png	7	45	1	butterfly_1	0	44		NaN	0	0		0	0	2011.355416	2011.455382	0.0999667
418240.75	0.0999962	4077	stimuli/non_foods\stim135_inanimate_plants_tree_3.png	7	45	1	tree_3	0	301		NaN	0	0		0	0	2011.505387	2011.605384	0.0999962
418278.25	0.099998	4078	stimuli/non_foods\stim142_inanimate_tools_broom_2.png	7	45	1	broom_2	0	31		NaN	0	0		0	0	2011.655379	2011.755377	0.099998
418315.75	0.0999969	4079	stimuli/foods\grapes.jpg	7	45	1	grapes	1	142	NF_098	1	0	0		0	0	2011.80539	2011.905387	0.0999969
418353.25	0.0999889	4080	stimuli/foods\spaghetti_with_olives_and_capers.jpg	7	45	1	spaghetti_with_olives_and_capers	1	276	TF_135	0	0	0		0	0	2011.955388	2012.055377	0.0999889
418390.75	0.0999962	4081	stimuli/non_foods\stim056_animate_insect_dragonfly_4.png	7	45	1	dragonfly_4	0	109		NaN	0	0		0	0	2012.105378	2012.205375	0.0999962
418428.25	0.0999962	4082	stimuli/non_foods\stim120_inanimate_furniture_table_4.png	7	45	1	table_4	0	294		NaN	0	0		0	0	2012.25538	2012.355376	0.0999962
418465.75	0.0999863	4083	stimuli/non_foods\stim003_animate_bird_chicken_3.png	7	45	1	chicken_3	0	68		NaN	0	0		0	0	2012.405375	2012.505361	0.0999863
418503.25	0.0999759	4084	stimuli/foods\dates.jpg	7	45	1	dates	1	104	NF_032	1	0	0		0	0	2012.555396	2012.655372	0.0999759
418540.75	0.0999892	4085	stimuli/non_foods\stim043_animate_insect_ant_3.png	7	45	1	ant_3	0	3		NaN	0	0		0	0	2012.705376	2012.805365	0.0999892
418578.25	0.0999998	4086	stimuli/non_foods\stim124_inanimate_plants_bush_4.png	7	45	1	bush_4	0	43		NaN	0	0		0	0	2012.855366	2012.955366	0.0999998
418615.75	0.0999823	4087	stimuli/non_foods\stim033_animate_human_faces_1.png	7	45	1	faces_1	0	117		NaN	0	0		0	0	2013.005377	2013.105359	0.0999823
418653	0.1000166	4088	stimuli/foods\eggplant.jpg	7	45	1	eggplant	1	116	NF_059	1	0	0		0	0	2013.155352	2013.255368	0.1000166
418690.75	0.0999805	4089	stimuli/foods\garlic.jpg	7	45	1	garlic	1	130	NF_001	1	0	0		0	0	2013.305367	2013.405347	0.0999805
418728.25	0.1000097	4090	stimuli/foods\raw_sausage.jpg	7	45	1	raw_sausage	1	243	TF_131	0	0	0		0	0	2013.455355	2013.555365	0.1000097
418765.75	0.0999969	4091	stimuli/non_foods\stim144_inanimate_tools_broom_4.png	7	45	1	broom_4	0	33		NaN	0	0		0	0	2013.605365	2013.705362	0.0999969
418803.25	0.0999979	4092	stimuli/non_foods\stim146_inanimate_tools_hammer_2.png	7	45	1	hammer_2	0	152		NaN	0	0		0	0	2013.755365	2013.855363	0.0999979
418840.75	0.0999868	4093	stimuli/non_foods\stim081_inanimate_clothing_gloves_1.png	7	45	1	gloves_1	0	136		NaN	0	0		0	0	2013.905373	2014.00536	0.0999868
418878.25	0.0999913	4094	stimuli/foods\raisins.jpg	7	45	1	raisins	1	241	NF_096	1	0	0		0	0	2014.05537	2014.155361	0.0999913
418915.75	0.099987	4095	stimuli/foods\smoked_ham.jpg	7	45	1	smoked_ham	1	266	TF_118	0	0	0		0	0	2014.205366	2014.305353	0.099987
418953.25	0.1000004	4096	stimuli/foods\onion.jpg	7	45	1	onion	1	200	NF_029	1	0	0		0	0	2014.355357	2014.455358	0.1000004
418990.75	0.0999949	4097	stimuli/foods\frankfurters.jpg	7	45	1	frankfurters	1	123	TF_156	0	0	0		0	0	2014.505357	2014.605352	0.0999949
419028.25	0.1000016	4098	stimuli/non_foods\stim122_inanimate_plants_bush_2.png	7	45	1	bush_2	0	41		NaN	1	0		0	0	2014.655358	2014.755359	0.1000016
419065.75	0.100042	4099	stimuli/non_foods\stim140_inanimate_plants_tulip_4.png	7	45	1	tulip_4	0	306		NaN	0	0		0	0	2014.805353	2014.905395	0.100042
419103.25	0.1000041	4100	stimuli/non_foods\stim104_inanimate_furniture_bed_4.png	7	45	1	bed_4	0	22		NaN	0	1	d	0.3921243	1	2014.95536	2015.055364	0.1000041
419140.75	0.0999954	4101	stimuli/non_foods\stim105_inanimate_furniture_chair_1.png	7	45	1	chair_1	0	60		NaN	0	0		0	0	2015.105346	2015.205341	0.0999954
419178.25	0.0999804	4102	stimuli/foods\brownie.jpg	7	45	1	brownie	1	34	TF_011	0	0	0		0	0	2015.255353	2015.355334	0.0999804
419215.75	0.0999865	4103	stimuli/non_foods\stim055_animate_insect_dragonfly_3.png	7	45	1	dragonfly_3	0	108		NaN	0	0		0	0	2015.405361	2015.505348	0.0999865
419253.25	0.0999896	4104	stimuli/foods\green_olives.jpg	7	45	1	green_olives	1	148	TF_085	0	0	0		0	0	2015.555358	2015.655348	0.0999896
419290.75	0.0999891	4105	stimuli/foods\parmesan_cheese.jpg	7	45	1	parmesan_cheese	1	211	TF_091	0	0	0		0	0	2015.705357	2015.805346	0.0999891
419328.25	0.0999935	4106	stimuli/foods\tomato.jpg	7	45	1	tomato	1	298	NF_084	1	0	0		0	0	2015.855355	2015.955348	0.0999935
419365.75	0.0999904	4107	stimuli/foods\cooked_prawn.jpg	7	45	1	cooked_prawn	1	92	TF_060	0	0	0		0	0	2016.005355	2016.105345	0.0999904
419403	0.100014	4108	stimuli/non_foods\stim030_animate_human_clown_2.png	7	45	1	clown_2	0	86		NaN	0	0		0	0	2016.155327	2016.255341	0.100014
419440.5	0.1000088	4109	stimuli/foods\broccoli.jpg	7	45	1	broccoli	1	29	NF_016	1	0	0		0	0	2016.305327	2016.405336	0.1000088
419478.25	0.0999799	4110	stimuli/foods\chocolate_chip_cookies.jpg	7	45	1	chocolate_chip_cookies	1	76	TF_010	0	0	0		0	0	2016.455352	2016.555332	0.0999799
419515.75	0.0999859	4111	stimuli/foods\coconut.jpg	7	45	1	coconut	1	89	NF_030	1	0	0		0	0	2016.605351	2016.705337	0.0999859
419553.25	0.0999955	4112	stimuli/non_foods\stim020_animate_bird_penguin_4.png	7	45	1	penguin_4	0	228		NaN	0	0		0	0	2016.755335	2016.855331	0.0999955
419590.75	0.0999741	4113	stimuli/non_foods\stim015_animate_bird_peacock_3.png	7	45	1	peacock_3	0	221		NaN	0	0		0	0	2016.905358	2017.005332	0.0999741
419628.25	0.0999878	4114	stimuli/foods\lemon.jpg	7	45	1	lemon	1	175	NF_049	1	0	0		0	0	2017.055347	2017.155334	0.0999878
419665.75	0.1000121	4115	stimuli/non_foods\stim091_inanimate_clothing_jeans_3.png	7	45	1	jeans_3	0	166		NaN	0	0		0	0	2017.205339	2017.305351	0.1000121
419703.25	0.0999864	4116	stimuli/foods\figs.jpg	7	45	1	figs	1	122	NF_035	1	0	0		0	0	2017.355346	2017.455333	0.0999864
419740.75	0.0999935	4117	stimuli/foods\hotdog.jpg	7	45	1	hotdog	1	161	TF_070	0	0	0		0	0	2017.505337	2017.605331	0.0999935
419778.25	0.0999799	4118	stimuli/foods\mussels.jpg	7	45	1	mussels	1	195	TF_042	0	0	0		0	0	2017.655351	2017.755331	0.0999799
419815.75	0.1000045	4119	stimuli/foods\apple.jpg	7	45	1	apple	1	5	NF_055	1	0	0		0	0	2017.805341	2017.905345	0.1000045
419853	0.100018	4120	stimuli/foods\artichoke.jpg	7	45	1	artichoke	1	7	NF_018	1	0	0		0	0	2017.95531	2018.055328	0.100018
419890.75	0.0999898	4121	stimuli/foods\spring_onions.jpg	7	45	1	spring_onions	1	282	NF_086	1	0	0		0	0	2018.105338	2018.205328	0.0999898
419928.25	0.0999869	4122	stimuli/foods\hamburger.jpg	7	45	1	hamburger	1	150	TF_069	0	0	0		0	0	2018.255338	2018.355324	0.0999869
419965.75	0.1000067	4123	stimuli/foods\chilli.jpg	7	45	1	chilli	1	74	NF_073	1	0	0		0	0	2018.405337	2018.505344	0.1000067
420003.25	0.099983	4124	stimuli/foods\chocolate_pralines.jpg	7	45	1	chocolate_pralines	1	77	TF_035	0	0	0		0	0	2018.555331	2018.655314	0.099983
420040.5	0.0999968	4125	stimuli/non_foods\stim042_animate_insect_ant_2.png	7	45	1	ant_2	0	2		NaN	0	0		0	0	2018.705319	2018.805316	0.0999968
420078.25	0.0999674	4126	stimuli/foods\ginger_root.jpg	7	45	1	ginger_root	1	131	NF_088	1	0	0		0	0	2018.855358	2018.955326	0.0999674
420115.5	0.0999918	4127	stimuli/non_foods\stim021_animate_human_baby_1.png	7	45	1	baby_1	0	10		NaN	0	0		0	0	2019.005318	2019.10531	0.0999918
420153	0.0999903	4128	stimuli/foods\dried_figs.jpg	7	45	1	dried_figs	1	110	TF_054	0	0	0		0	0	2019.155321	2019.255311	0.0999903
420190.75	0.0999839	4129	stimuli/foods\red_beans.jpg	7	45	1	red_beans	1	244	NF_033	1	0	0		0	0	2019.305324	2019.405308	0.0999839
420228.25	0.0999719	4130	stimuli/foods\baked_lamb_with_potatoes.jpg	7	45	1	baked_lamb_with_potatoes	1	17	TF_001	0	0	0		0	0	2019.455321	2019.555293	0.0999719
420265.75	0.099991	4131	stimuli/foods\cuttlefish.jpg	7	45	1	cuttlefish	1	103	NF_093	1	0	0		0	0	2019.605322	2019.705313	0.099991
420303.25	0.0999849	4132	stimuli/foods\stew_with_potatoes_and_carrots.jpg	7	45	1	stew_with_potatoes_and_carrots	1	284	TF_139	0	0	0		0	0	2019.755329	2019.855314	0.0999849
420340.75	0.0999876	4133	stimuli/foods\pumpkin.jpg	7	45	1	pumpkin	1	239	NF_101	1	0	0		0	0	2019.905325	2020.005313	0.0999876
420378.25	0.0999942	4134	stimuli/non_foods\stim008_animate_bird_duck_4.png	7	45	1	duck_4	0	114		NaN	1	0		0	0	2020.055317	2020.155311	0.0999942
420415.5	0.0999951	4135	stimuli/non_foods\stim092_inanimate_clothing_jeans_4.png	7	45	1	jeans_4	0	167		NaN	0	0		0	0	2020.205313	2020.305308	0.0999951
420453.25	0.1000023	4136	stimuli/foods\cracker.jpg	7	45	1	cracker	1	98	TF_043	0	0	0		0	0	2020.355319	2020.455321	0.1000023
420490.75	0.0999756	4137	stimuli/non_foods\stim108_inanimate_furniture_chair_4.png	7	45	1	chair_4	0	63		NaN	0	1	d	0.4501987	1	2020.505331	2020.605306	0.0999756
420528	0.0999975	4138	stimuli/non_foods\stim044_animate_insect_ant_4.png	7	45	1	ant_4	0	4		NaN	0	0		0	0	2020.655299	2020.755297	0.0999975
420565.5	0.100009	4139	stimuli/non_foods\stim138_inanimate_plants_tulip_2.png	7	45	1	tulip_2	0	304		NaN	0	0		0	0	2020.805303	2020.905312	0.100009
420603	0.0999973	4140	stimuli/non_foods\stim152_inanimate_tools_pan_4.png	7	45	1	pan_4	0	208		NaN	0	0		0	0	2020.955307	2021.055304	0.0999973
420640.75	0.0999926	4141	stimuli/foods\red_cabbage.jpg	7	45	1	red_cabbage	1	245	NF_023	1	0	0		0	0	2021.105316	2021.205308	0.0999926
420678.25	0.0999885	4142	stimuli/non_foods\stim103_inanimate_furniture_bed_3.png	7	45	1	bed_3	0	21		NaN	0	0		0	0	2021.255314	2021.355303	0.0999885
420715.75	0.099991	4143	stimuli/foods\mandarin.jpg	7	45	1	mandarin	1	184	NF_052	1	0	0		0	0	2021.40531	2021.505301	0.099991
420753.25	0.0999898	4144	stimuli/non_foods\stim024_animate_human_baby_4.png	7	45	1	baby_4	0	13		NaN	0	0		0	0	2021.555311	2021.655301	0.0999898
420790.5	0.0999975	4145	stimuli/foods\carrot.jpg	7	45	1	carrot	1	56	NF_019	1	0	0		0	0	2021.705303	2021.8053	0.0999975
420828	0.1000233	4146	stimuli/non_foods\stim005_animate_bird_duck_1.png	7	45	1	duck_1	0	111		NaN	0	0		0	0	2021.855301	2021.955324	0.1000233
420865.75	0.1001189	4147	stimuli/foods\fried_calamari.jpg	7	45	1	fried_calamari	1	124	TF_020	0	0	0		0	0	2022.005317	2022.105436	0.1001189
420903.25	0.099958	4148	stimuli/foods\chocolate_pudding.jpg	7	45	1	chocolate_pudding	1	78	TF_018	0	0	0		0	0	2022.155329	2022.255287	0.099958
420940.5	0.0999951	4149	stimuli/non_foods\stim022_animate_human_baby_2.png	7	45	1	baby_2	0	11		NaN	0	0		0	0	2022.305288	2022.405283	0.0999951
420978	0.0999936	4150	stimuli/foods\croissant.jpg	7	45	1	croissant	1	100	TF_037	0	0	0		0	0	2022.455298	2022.555292	0.0999936
421015.75	0.0999911	4151	stimuli/foods\octopus.jpg	7	45	1	octopus	1	198	TF_113	0	0	0		0	0	2022.605303	2022.705294	0.0999911
421053	0.0999978	4152	stimuli/foods\prawn.jpg	7	45	1	prawn	1	238	NF_041	1	0	0		0	0	2022.755293	2022.855291	0.0999978
421090.5	0.0999901	4153	stimuli/non_foods\stim023_animate_human_baby_3.png	7	45	1	baby_3	0	12		NaN	0	0		0	0	2022.905289	2023.005279	0.0999901
421128	0.0999999	4154	stimuli/non_foods\stim066_animate_mammal_giraffe_2.png	7	45	1	giraffe_2	0	133		NaN	0	0		0	0	2023.05528	2023.15528	0.0999999
421165.5	0.0999867	4155	stimuli/foods\fries.jpg	7	45	1	fries	1	126	TF_094	0	0	0		0	0	2023.20529	2023.305276	0.0999867
421203	0.0999993	4156	stimuli/foods\cherry.jpg	7	45	1	cherry	1	64	NF_027	1	0	0		0	0	2023.355288	2023.455287	0.0999993
421240.5	0.1000034	4157	stimuli/foods\egg.jpg	7	45	1	egg	1	115	NF_095	1	0	0		0	0	2023.505285	2023.605288	0.1000034
421278	0.0999829	4158	stimuli/non_foods\stim002_animate_bird_chicken_2.png	7	45	1	chicken_2	0	67		NaN	0	0		0	0	2023.655289	2023.755272	0.0999829
421315.5	0.1000384	4159	stimuli/non_foods\stim159_inanimate_tools_wrench_3.png	7	45	1	wrench_3	0	312		NaN	0	0		0	0	2023.805252	2023.905291	0.1000384
421353	0.1000011	4160	stimuli/foods\blue_cheese.jpg	7	45	1	blue_cheese	1	25	TF_066	0	0	0		0	0	2023.955283	2024.055284	0.1000011
421390.5	0.09997	4161	stimuli/foods\nectarine.jpg	7	45	1	nectarine	1	196	NF_078	1	0	0		0	0	2024.105281	2024.205251	0.09997
421428	0.100001	4162	stimuli/non_foods\stim141_inanimate_tools_broom_1.png	7	45	1	broom_1	0	30		NaN	0	0		0	0	2024.255278	2024.355279	0.100001
421465.5	0.0999946	4163	stimuli/non_foods\stim061_animate_mammal_cow_1.png	7	45	1	cow_1	0	94		NaN	0	0		0	0	2024.405277	2024.505272	0.0999946
421503	0.0999952	4164	stimuli/non_foods\stim127_inanimate_plants_cactus_3.png	7	45	1	cactus_3	0	51		NaN	0	0		0	0	2024.55527	2024.655265	0.0999952
421540.75	0.0999921	4165	stimuli/foods\nougat.jpg	7	45	1	nougat	1	197	TF_144	0	0	0		0	0	2024.705293	2024.805285	0.0999921
421578	0.0999949	4166	stimuli/non_foods\stim027_animate_human_child_3.png	7	45	1	child_3	0	72		NaN	0	0		0	0	2024.855277	2024.955272	0.0999949
421615.75	0.099993	4167	stimuli/foods\pea_pod.jpg	7	45	1	pea_pod	1	217	NF_082	1	0	0		0	0	2025.00528	2025.105273	0.099993
421653.25	0.0999813	4168	stimuli/foods\strawberry.jpg	7	45	1	strawberry	1	285	NF_037	1	0	0		0	0	2025.155283	2025.255264	0.0999813
421690.5	0.0999829	4169	stimuli/foods\museli_bars.jpg	7	45	1	museli_bars	1	193	TF_008	0	0	0		0	0	2025.30528	2025.405262	0.0999829
421728.25	0.0999931	4170	stimuli/non_foods\stim080_animate_mammal_rhino_4.png	7	45	1	rhino_4	0	249		NaN	0	0		0	0	2025.455275	2025.555268	0.0999931
421765.5	0.099989	4171	stimuli/non_foods\stim117_inanimate_furniture_table_1.png	7	45	1	table_1	0	291		NaN	0	0		0	0	2025.605271	2025.70526	0.099989
421803.25	0.0999789	4172	stimuli/foods\lettuce.jpg	7	45	1	lettuce	1	178	NF_046	1	0	0		0	0	2025.755275	2025.855254	0.0999789
421840.5	0.0999804	4173	stimuli/foods\corncob.jpg	7	45	1	corncob	1	93	NF_051	1	0	0		0	0	2025.905277	2026.005257	0.0999804
421878	0.099989	4174	stimuli/foods\donut.jpg	7	45	1	donut	1	105	TF_032	0	0	0		0	0	2026.055265	2026.155254	0.099989
421915.5	0.0999919	4175	stimuli/foods\toast.jpg	7	45	1	toast	1	296	TF_053	0	0	0		0	0	2026.20526	2026.305252	0.0999919
421953	0.0999962	4176	stimuli/non_foods\stim047_animate_insect_bug_3.png	7	45	1	bug_3	0	38		NaN	0	0		0	0	2026.355269	2026.455265	0.0999962
421990.5	0.0999865	4177	stimuli/non_foods\stim068_animate_mammal_giraffe_4.png	7	45	1	giraffe_4	0	135		NaN	0	0		0	0	2026.505261	2026.605248	0.0999865
422028	0.0999939	4178	stimuli/foods\omelette.jpg	7	45	1	omelette	1	199	TF_057	0	0	0		0	0	2026.655267	2026.755261	0.0999939
422065.5	0.0999958	4179	stimuli/non_foods\stim095_inanimate_clothing_shirt_3.png	7	45	1	shirt_3	0	264		NaN	0	0		0	0	2026.805259	2026.905255	0.0999958
422103	0.0999914	4180	stimuli/non_foods\stim139_inanimate_plants_tulip_3.png	7	45	1	tulip_3	0	305		NaN	0	0		0	0	2026.955259	2027.055251	0.0999914
422140.5	0.1000006	4181	stimuli/non_foods\stim063_animate_mammal_cow_3.png	7	45	1	cow_3	0	96		NaN	0	0		0	0	2027.105255	2027.205255	0.1000006
422178	0.0999862	4182	stimuli/non_foods\stim114_inanimate_furniture_sofa_2.png	7	45	1	sofa_2	0	272		NaN	0	0		0	0	2027.255259	2027.355245	0.0999862
422215.5	0.0999918	4183	stimuli/non_foods\stim067_animate_mammal_giraffe_3.png	7	45	1	giraffe_3	0	134		NaN	0	0		0	0	2027.405253	2027.505245	0.0999918
422253	0.0999776	4184	stimuli/non_foods\stim100_inanimate_clothing_socks_4.png	7	45	1	socks_4	0	270		NaN	0	0		0	0	2027.555249	2027.655226	0.0999776
422290.5	0.0999883	4185	stimuli/foods\apricot.jpg	7	45	1	apricot	1	6	NF_002	1	0	0		0	0	2027.705259	2027.805248	0.0999883
422328	0.1000038	4186	stimuli/non_foods\stim019_animate_bird_penguin_3.png	7	45	1	penguin_3	0	227		NaN	0	0		0	0	2027.855248	2027.955252	0.1000038
422365.5	0.0999845	4187	stimuli/foods\savory_pie.jpg	7	45	1	savory_pie	1	257	TF_146	0	0	0		0	0	2028.005258	2028.105242	0.0999845
422403	0.100017	4188	stimuli/foods\cabbage.jpg	7	45	1	cabbage	1	48	NF_025	1	0	0		0	0	2028.15523	2028.255247	0.100017
422440.5	0.0999846	4189	stimuli/non_foods\stim004_animate_bird_chicken_4.png	7	45	1	chicken_4	0	69		NaN	0	0		0	0	2028.30525	2028.405235	0.0999846
422478	0.0999954	4190	stimuli/non_foods\stim079_animate_mammal_rhino_3.png	7	45	1	rhino_3	0	248		NaN	0	0		0	0	2028.455248	2028.555243	0.0999954
422515.5	0.0999914	4191	stimuli/foods\papaya.jpg	7	45	1	papaya	1	210	NF_069	1	0	0		0	0	2028.605252	2028.705243	0.0999914
422553	0.1000006	4192	stimuli/non_foods\stim099_inanimate_clothing_socks_3.png	7	45	1	socks_3	0	269		NaN	0	0		0	0	2028.755242	2028.855242	0.1000006
422590.75	0.0999821	4193	stimuli/foods\coffee_beans.jpg	7	45	1	coffee_beans	1	90	TF_029	0	0	0		0	0	2028.905257	2029.005239	0.0999821
422628	0.1000004	4194	stimuli/non_foods\stim147_inanimate_tools_hammer_3.png	7	45	1	hammer_3	0	153		NaN	0	0		0	0	2029.055235	2029.155236	0.1000004
422665.5	0.099979	4195	stimuli/foods\cinnamon_sroll.jpg	7	45	1	cinnamon_sroll	1	80	TF_021	0	0	0		0	0	2029.205247	2029.305226	0.099979
422703	0.0999813	4196	stimuli/foods\chocolate_bar.jpg	7	45	1	chocolate_bar	1	75	TF_033	0	0	0		0	0	2029.355247	2029.455229	0.0999813
422740.5	0.0999815	4197	stimuli/non_foods\stim046_animate_insect_bug_2.png	7	45	1	bug_2	0	37		NaN	0	0		0	0	2029.505241	2029.605223	0.0999815
422778	0.0999944	4198	stimuli/foods\honey.jpg	7	45	1	honey	1	160	NF_062	1	0	0		0	0	2029.65524	2029.755234	0.0999944
422815.5	0.0999897	4199	stimuli/non_foods\stim137_inanimate_plants_tulip_1.png	7	45	1	tulip_1	0	303		NaN	0	0		0	0	2029.805236	2029.905225	0.0999897
422853	0.0999958	4200	stimuli/non_foods\stim143_inanimate_tools_broom_3.png	7	45	1	broom_3	0	32		NaN	0	0		0	0	2029.955234	2030.05523	0.0999958
422890.5	0.0999895	4201	stimuli/non_foods\stim094_inanimate_clothing_shirt_2.png	7	45	1	shirt_2	0	263		NaN	0	0		0	0	2030.105238	2030.205227	0.0999895
422928	0.0999763	4202	stimuli/foods\salami.jpg	7	45	1	salami	1	255	TF_127	0	0	0		0	0	2030.255248	2030.355224	0.0999763
422965.5	0.0999715	4203	stimuli/foods\steak.jpg	7	45	1	steak	1	283	TF_013	0	0	0		0	0	2030.405232	2030.505203	0.0999715
423003	0.1000161	4204	stimuli/foods\swordfish.jpg	7	45	1	swordfish	1	290	TF_101	0	0	0		0	0	2030.555214	2030.65523	0.1000161
423040.5	0.0999864	4205	stimuli/foods\orange.jpg	7	45	1	orange	1	201	NF_008	1	0	0		0	0	2030.705237	2030.805223	0.0999864
423078	0.0999987	4206	stimuli/non_foods\stim029_animate_human_clown_1.png	7	45	1	clown_1	0	85		NaN	0	0		0	0	2030.855227	2030.955225	0.0999987
423115.5	0.1000051	4207	stimuli/non_foods\stim054_animate_insect_dragonfly_2.png	7	45	1	dragonfly_2	0	107		NaN	0	0		0	0	2031.005224	2031.105229	0.1000051
423153	0.0999906	4208	stimuli/non_foods\stim034_animate_human_faces_2.png	7	45	1	faces_2	0	118		NaN	0	0		0	0	2031.155229	2031.255219	0.0999906
423190.5	0.0999995	4209	stimuli/non_foods\stim001_animate_bird_chicken_1.png	7	45	1	chicken_1	0	66		NaN	0	0		0	0	2031.305223	2031.405222	0.0999995
423228	0.0999763	4210	stimuli/non_foods\stim070_animate_mammal_kangaroo_2.png	7	45	1	kangaroo_2	0	169		NaN	0	0		0	0	2031.455235	2031.555211	0.0999763
423265.5	0.1000081	4211	stimuli/non_foods\stim101_inanimate_furniture_bed_1.png	7	45	1	bed_1	0	19		NaN	0	0		0	0	2031.605199	2031.705208	0.1000081
423303	0.0999882	4212	stimuli/foods\lasagna.jpg	7	45	1	lasagna	1	174	TF_076	0	0	0		0	0	2031.75522	2031.855208	0.0999882
423340.75	0.0999945	4213	stimuli/non_foods\stim153_inanimate_tools_scissors_1.png	7	45	1	scissors_1	0	258		NaN	0	0		0	0	2031.905233	2032.005227	0.0999945
423378	0.0999827	4214	stimuli/foods\calamari.jpg	7	45	1	calamari	1	53	TF_019	0	0	0		0	0	2032.055224	2032.155207	0.0999827
423415.5	0.099989	4215	stimuli/non_foods\stim039_animate_human_sports_3.png	7	45	1	sports_3	0	280		NaN	0	0		0	0	2032.205204	2032.305193	0.099989
423453	0.1000131	4216	stimuli/foods\roasted_chicken.jpg	7	45	1	roasted_chicken	1	253	TF_109	0	0	0		0	0	2032.3552	2032.455214	0.1000131
423490.5	0.1000003	4217	stimuli/foods\pasta_carbonara.jpg	7	45	1	pasta_carbonara	1	216	TF_027	0	0	0		0	0	2032.505205	2032.605205	0.1000003
423528	0.0999924	4218	stimuli/foods\rice_cake.jpg	7	45	1	rice_cake	1	251	TF_059	0	0	0		0	0	2032.655221	2032.755213	0.0999924
423565.5	0.0999898	4219	stimuli/foods\rockmelon.jpg	7	45	1	rockmelon	1	254	NF_060	1	0	0		0	0	2032.80522	2032.905209	0.0999898
423603	0.0999959	4220	stimuli/non_foods\stim045_animate_insect_bug_1.png	7	45	1	bug_1	0	36		NaN	0	0		0	0	2032.955213	2033.055208	0.0999959
423640.5	0.0999995	4221	stimuli/non_foods\stim155_inanimate_tools_scissors_3.png	7	45	1	scissors_3	0	260		NaN	0	0		0	0	2033.105209	2033.205209	0.0999995
423678	0.1000033	4222	stimuli/foods\brie.jpg	7	45	1	brie	1	28	TF_016	0	0	0		0	0	2033.255213	2033.355217	0.1000033
423715.5	0.0999868	4223	stimuli/foods\licorice.jpg	7	45	1	licorice	1	179	TF_078	0	0	0		0	0	2033.405215	2033.505202	0.0999868
423753	0.0999899	4224	stimuli/foods\peas.jpg	7	45	1	peas	1	224	NF_081	1	0	0		0	0	2033.555211	2033.655201	0.0999899
423790.5	0.0999937	4225	stimuli/non_foods\stim011_animate_bird_parrot_3.png	7	45	1	parrot_3	0	214		NaN	0	0		0	0	2033.705209	2033.805203	0.0999937
423828	0.0999881	4226	stimuli/foods\lobster.jpg	7	45	1	lobster	1	182	NF_007	1	0	0		0	0	2033.855213	2033.955201	0.0999881
423865.5	0.0999857	4227	stimuli/foods\spinach.jpg	7	45	1	spinach	1	277	NF_094	1	0	0		0	0	2034.005208	2034.105194	0.0999857
423903	0.0999868	4228	stimuli/foods\pear.jpg	7	45	1	pear	1	223	NF_077	1	0	0		0	0	2034.155213	2034.255199	0.0999868
423940.5	0.099986	4229	stimuli/foods\fennel.jpg	7	45	1	fennel	1	121	NF_036	1	0	0		0	0	2034.30521	2034.405196	0.099986
432294.75	0.116658	4230	stimuli/foods\bread_roll.jpg	8	46	0	bread_roll	1	27	TF_090	0	0	NaN	f	0.5222139	1	2067.721608	2067.838266	0.116658
432649	0.1166523	4231	stimuli/foods\rockmelon.jpg	8	46	0	rockmelon	1	254	NF_060	1	0	NaN	a	0.4506118	1	2069.138266	2069.254918	0.1166523
433049	0.1166469	4232	stimuli/foods\frankfurters.jpg	8	46	0	frankfurters	1	123	TF_156	0	0	NaN	f	0.4015697	1	2070.738255	2070.854901	0.1166469
433378	0.1166473	4233	stimuli/foods\omelette.jpg	8	46	0	omelette	1	199	TF_057	0	0	NaN	f	0.3669175	1	2072.054911	2072.171558	0.1166473
433811.5	0.1166494	4234	stimuli/foods\brownie.jpg	8	46	0	brownie	1	34	TF_011	0	0	NaN	f	0.2375722	1	2073.788229	2073.904878	0.1166494
434144.75	0.1166551	4235	stimuli/foods\museli_bars.jpg	8	46	0	museli_bars	1	193	TF_008	0	0	NaN	f	0.2612616	1	2075.121549	2075.238204	0.1166551
434490.5	0.1166576	4236	stimuli/foods\nougat.jpg	8	46	0	nougat	1	197	TF_144	0	0	NaN	f	0.3189652	1	2076.504874	2076.621532	0.1166576
434874	0.1166465	4237	stimuli/foods\taco.jpg	8	46	0	taco	1	295	TF_141	0	0	NaN	f	0.2486156	1	2078.038197	2078.154843	0.1166465
435274	0.1166423	4238	stimuli/foods\pancakes.jpg	8	46	0	pancakes	1	209	TF_058	0	0	NaN	f	0.3246922	1	2079.638182	2079.754824	0.1166423
435594.75	0.1166499	4239	stimuli/foods\apple.jpg	8	46	0	apple	1	5	NF_055	1	0	NaN	a	0.4433137	1	2080.921506	2081.038156	0.1166499
435932.25	0.1166475	4240	stimuli/foods\grapes.jpg	8	46	0	grapes	1	142	NF_098	1	0	NaN	a	0.5033595	1	2082.271494	2082.388142	0.1166475
436324	0.1166486	4241	stimuli/foods\lamb_chops.jpg	8	46	0	lamb_chops	1	173	TF_040	0	0	NaN	f	0.2926648	1	2083.838147	2083.954795	0.1166486
436665.5	0.116651	4242	stimuli/foods\octopus.jpg	8	46	0	octopus	1	198	TF_113	0	0	NaN	f	0.422051	1	2085.204802	2085.321453	0.116651
437049	0.1166489	4243	stimuli/foods\capsicum.jpg	8	46	0	capsicum	1	55	NF_076	1	0	NaN	a	0.3356915	1	2086.738127	2086.854776	0.1166489
437440.5	0.1166303	4244	stimuli/foods\oyster.jpg	8	46	0	oyster	1	204	NF_067	1	0	NaN	a	0.3010693	1	2088.304798	2088.421429	0.1166303
437765.5	0.116648	4245	stimuli/foods\grilled_chicken_breast.jpg	8	46	0	grilled_chicken_breast	1	149	TF_104	0	0	NaN	a	0.3440578	0	2089.60477	2089.721418	0.116648
438086.5	0.1166516	4246	stimuli/foods\donut.jpg	8	46	0	donut	1	105	TF_032	0	0	NaN	f	0.5187493	1	2090.888096	2091.004747	0.1166516
438494.75	0.1166422	4247	stimuli/foods\potatoes.jpg	8	46	0	potatoes	1	237	NF_071	1	0	NaN	f	0.4174082	0	2092.521421	2092.638063	0.1166422
438844.75	0.1166469	4248	stimuli/foods\oven-roasted_tomatoes.jpg	8	46	0	oven-roasted_tomatoes	1	203	TF_114	0	0	NaN	f	0.5384267	1	2093.921402	2094.038049	0.1166469
439303	0.116645	4249	stimuli/foods\smoked_ham.jpg	8	46	0	smoked_ham	1	266	TF_118	0	0	NaN	f	0.5641074	1	2095.754723	2095.871368	0.116645
439749	0.1166529	4250	stimuli/foods\lime.jpg	8	46	0	lime	1	180	NF_048	1	0	NaN	a	0.3177733	1	2097.538036	2097.654689	0.1166529
440165.5	0.1166477	4251	stimuli/foods\bread.jpg	8	46	0	bread	1	26	TF_089	0	0	NaN	a	0.3911084	0	2099.204692	2099.321339	0.1166477
441290.5	0.1166532	4252	stimuli/foods\coconut.jpg	8	47	0	coconut	1	89	NF_030	1	0	NaN	a	0.5621989	1	2103.704652	2103.821305	0.1166532
441674	0.1166545	4253	stimuli/foods\cracker.jpg	8	47	0	cracker	1	98	TF_043	0	0	NaN	f	0.398857	1	2105.237972	2105.354626	0.1166545
442069.75	0.1166895	4254	stimuli/foods\croissant.jpg	8	47	0	croissant	1	100	TF_037	0	0	NaN	f	0.2754553	1	2106.821291	2106.937981	0.1166895
442411.5	0.1166289	4255	stimuli/foods\swordfish.jpg	8	47	0	swordfish	1	290	TF_101	0	0	NaN	f	0.3258897	1	2108.18797	2108.304599	0.1166289
442811.5	0.1166637	4256	stimuli/foods\hamburger.jpg	8	47	0	hamburger	1	150	TF_069	0	0	NaN	f	0.3088797	1	2109.787936	2109.904599	0.1166637
443111.5	0.1166504	4257	stimuli/foods\brussel_sprouts.jpg	8	47	0	brussel_sprouts	1	35	NF_021	1	0	NaN	a	0.335879	1	2110.987927	2111.104577	0.1166504
443419.75	0.1166478	4258	stimuli/foods\corncob.jpg	8	47	0	corncob	1	93	NF_051	1	0	NaN	a	0.2966749	1	2112.221252	2112.3379	0.1166478
443807.25	0.1166492	4259	stimuli/foods\asparagus.jpg	8	47	0	asparagus	1	8	NF_010	1	0	NaN	a	0.3405989	1	2113.771239	2113.887888	0.1166492
444128	0.1166498	4260	stimuli/foods\meatballs.jpg	8	47	0	meatballs	1	186	TF_112	0	0	NaN	f	0.4672901	1	2115.054561	2115.171211	0.1166498
444536.5	0.1166503	4261	stimuli/foods\lemon.jpg	8	47	0	lemon	1	175	NF_049	1	0	NaN	a	0.5279537	1	2116.68788	2116.80453	0.1166503
444982.25	0.1166495	4262	stimuli/foods\pea_pod.jpg	8	47	0	pea_pod	1	217	NF_082	1	0	NaN	a	0.3425933	1	2118.471201	2118.58785	0.1166495
445353	0.1166562	4263	stimuli/foods\spring_onions.jpg	8	47	0	spring_onions	1	282	NF_086	1	0	NaN	f	0.3962902	0	2119.954522	2120.071178	0.1166562
445774	0.1166479	4264	stimuli/foods\potato_chips.jpg	8	47	0	potato_chips	1	236	TF_097	0	0	NaN	f	0.4019492	1	2121.637844	2121.754491	0.1166479
446203	0.1166616	4265	stimuli/foods\avocado.jpg	8	47	0	avocado	1	9	NF_012	1	0	NaN	f	0.2652933	0	2123.354485	2123.471147	0.1166616
446607.25	0.1166448	4266	stimuli/foods\pasta_carbonara.jpg	8	47	0	pasta_carbonara	1	216	TF_027	0	0	NaN	f	0.6996511	1	2124.971146	2125.087791	0.1166448
447011.5	0.1166397	4267	stimuli/foods\pork_and_rice.jpg	8	47	0	pork_and_rice	1	233	TF_080	0	0	NaN	f	0.4060407	1	2126.587802	2126.704442	0.1166397
447340.5	0.1166278	4268	stimuli/foods\chocolate_pudding.jpg	8	47	0	chocolate_pudding	1	78	TF_018	0	0	NaN	f	0.3953398	1	2127.90448	2128.021108	0.1166278
447749	0.1166499	4269	stimuli/foods\linguine_with_clams.jpg	8	47	0	linguine_with_clams	1	181	TF_077	0	0	NaN	f	0.3280557	1	2129.537778	2129.654428	0.1166499
448107.25	0.1166532	4270	stimuli/foods\fries.jpg	8	47	0	fries	1	126	TF_094	0	0	NaN	f	0.3137299	1	2130.971097	2131.08775	0.1166532
448424	0.1166235	4271	stimuli/foods\minestrone_soup.jpg	8	47	0	minestrone_soup	1	187	TF_160	0	0	NaN	f	0.3170757	1	2132.237773	2132.354397	0.1166235
448728	0.1166594	4272	stimuli/foods\nectarine.jpg	8	47	0	nectarine	1	196	NF_078	1	0	NaN	a	0.3484531	1	2133.45441	2133.57107	0.1166594
449069.75	0.1166542	4273	stimuli/foods\raw_sausage.jpg	8	47	0	raw_sausage	1	243	TF_131	0	0	NaN	f	0.4207551	1	2134.821066	2134.93772	0.1166542
450178	0.1166527	4274	stimuli/foods\cauliflower.jpg	8	48	0	cauliflower	1	57	NF_022	1	0	NaN	a	0.5424599	1	2139.254361	2139.371013	0.1166527
450611.5	0.1166498	4275	stimuli/foods\mango.jpg	8	48	0	mango	1	185	NF_054	1	0	NaN	a	0.2761941	1	2140.987683	2141.104333	0.1166498
450940.5	0.1165982	4276	stimuli/foods\chocolate_bar.jpg	8	48	0	chocolate_bar	1	75	TF_033	0	0	NaN	f	0.4904813	1	2142.30439	2142.420988	0.1165982
451286.5	0.1166506	4277	stimuli/foods\pumpkin.jpg	8	48	0	pumpkin	1	239	NF_101	1	0	NaN	a	0.387133	1	2143.687661	2143.804312	0.1166506
451611.5	0.1166673	4278	stimuli/foods\dates.jpg	8	48	0	dates	1	104	NF_032	1	0	NaN	a	0.407159	1	2144.987652	2145.10432	0.1166673
451953	0.1166618	4279	stimuli/foods\cupcake.jpg	8	48	0	cupcake	1	102	TF_050	0	0	NaN	f	0.4415215	1	2146.354296	2146.470957	0.1166618
452361.5	0.1166447	4280	stimuli/foods\fruit_pie.jpg	8	48	0	fruit_pie	1	128	TF_147	0	0	NaN	f	0.4352089	1	2147.987631	2148.104276	0.1166447
452774	0.1166528	4281	stimuli/foods\blue_cheese.jpg	8	48	0	blue_cheese	1	25	TF_066	0	0	NaN	f	0.3632824	1	2149.63761	2149.754263	0.1166528
453157.25	0.116644	4282	stimuli/foods\cereal.jpg	8	48	0	cereal	1	59	TF_028	0	0	NaN	f	0.425898	1	2151.170939	2151.287584	0.116644
453599	0.1166443	4283	stimuli/foods\roasted_chicken.jpg	8	48	0	roasted_chicken	1	253	TF_109	0	0	NaN	f	0.383241	1	2152.93759	2153.054234	0.1166443
453990.5	0.1166767	4284	stimuli/foods\pear.jpg	8	48	0	pear	1	223	NF_077	1	0	NaN	a	0.3045674	1	2154.504235	2154.620912	0.1166767
454315.5	0.1166537	4285	stimuli/foods\onion.jpg	8	48	0	onion	1	200	NF_029	1	0	NaN	a	0.3396012	1	2155.804225	2155.920878	0.1166537
454678	0.1166388	4286	stimuli/foods\carrot.jpg	8	48	0	carrot	1	56	NF_019	1	0	NaN	a	0.2846041	1	2157.254228	2157.370866	0.1166388
454969.75	0.1166496	4287	stimuli/foods\toasted_bread_with_tomatoes.jpg	8	48	0	toasted_bread_with_tomatoes	1	297	TF_017	0	0	NaN	f	0.4419527	1	2158.420872	2158.537522	0.1166496
455303	0.1166462	4288	stimuli/foods\wafer.jpg	8	48	0	wafer	1	307	TF_155	0	0	NaN	f	0.4386376	1	2159.754197	2159.870843	0.1166462
455728	0.1164511	4289	stimuli/foods\mussels.jpg	8	48	0	mussels	1	195	TF_042	0	0	NaN	a	0.6356543	0	2161.454378	2161.570829	0.1164511
456111.5	0.1166737	4290	stimuli/foods\fried_zucchini.jpg	8	48	0	fried_zucchini	1	125	TF_159	0	0	NaN	a	0.4193703	0	2162.987503	2163.104177	0.1166737
456457.25	0.1166517	4291	stimuli/foods\rice.jpg	8	48	0	rice	1	250	TF_121	0	0	NaN	f	0.4640246	1	2164.370823	2164.487475	0.1166517
456815.5	0.1166467	4292	stimuli/foods\figs.jpg	8	48	0	figs	1	122	NF_035	1	0	NaN	a	0.3856912	1	2165.80415	2165.920796	0.1166467
457144.75	0.1161642	4293	stimuli/foods\banana.jpg	8	48	0	banana	1	18	NF_013	1	0	NaN	a	0.2960825	1	2167.121291	2167.237455	0.1161642
457449	0.1166253	4294	stimuli/foods\fruit_flan.jpg	8	48	0	fruit_flan	1	127	TF_093	0	0	NaN	f	0.4773811	1	2168.337484	2168.45411	0.1166253
457794.75	0.1166476	4295	stimuli/foods\raw_ham.jpg	8	48	0	raw_ham	1	242	TF_117	0	0	NaN	f	0.5350326	1	2169.720785	2169.837433	0.1166476
462732.25	0.116648	4296	stimuli/foods\pork_loin_with_peas.jpg	8	49	0	pork_loin_with_peas	1	234	TF_003	0	0	NaN	f	0.4762139	1	2189.470622	2189.58727	0.116648
463111.5	0.1166484	4297	stimuli/foods\green_olives.jpg	8	49	0	green_olives	1	148	TF_085	0	0	NaN	a	0.5285839	0	2190.987276	2191.103924	0.1166484
463524	0.1166299	4298	stimuli/foods\coffee_beans.jpg	8	49	0	coffee_beans	1	90	TF_029	0	0	NaN	a	0.3525724	0	2192.63728	2192.75391	0.1166299
463903	0.1166473	4299	stimuli/foods\cooked_ham.jpg	8	49	0	cooked_ham	1	91	TF_116	0	0	NaN	f	0.3719364	1	2194.153918	2194.270565	0.1166473
464286.25	0.1166573	4300	stimuli/foods\celery.jpg	8	49	0	celery	1	58	NF_092	1	0	NaN	a	0.3275914	1	2195.68723	2195.803887	0.1166573
464590.5	0.116636	4301	stimuli/foods\pepperoni_pizza.jpg	8	49	0	pepperoni_pizza	1	229	TF_106	0	0	NaN	f	0.3459435	1	2196.903906	2197.020542	0.116636
464969.75	0.1166479	4302	stimuli/foods\cabbage.jpg	8	49	0	cabbage	1	48	NF_025	1	0	NaN	a	0.3882971	1	2198.420549	2198.537197	0.1166479
465332.25	0.1166473	4303	stimuli/foods\cuttlefish.jpg	8	49	0	cuttlefish	1	103	NF_093	1	0	NaN	a	0.5212912	1	2199.870538	2199.987185	0.1166473
465769.75	0.1166498	4304	stimuli/foods\grapefruits.jpg	8	49	0	grapefruits	1	141	NF_085	1	0	NaN	a	0.3723075	1	2201.620524	2201.737173	0.1166498
466103	0.1166533	4305	stimuli/foods\baked_lamb_with_potatoes.jpg	8	49	0	baked_lamb_with_potatoes	1	17	TF_001	0	0	NaN	f	0.4230387	1	2202.953845	2203.070498	0.1166533
466523.75	0.11665	4306	stimuli/foods\bagel.jpg	8	49	0	bagel	1	14	TF_005	0	0	NaN	f	0.5306849	1	2204.637164	2204.753814	0.11665
466886.5	0.1164969	4307	stimuli/foods\mortadella.jpg	8	49	0	mortadella	1	192	TF_083	0	0	NaN	f	0.2937369	1	2206.087306	2206.203803	0.1164969
467248.75	0.116656	4308	stimuli/foods\parmesan_cheese.jpg	8	49	0	parmesan_cheese	1	211	TF_091	0	0	NaN	f	0.3797047	1	2207.537135	2207.653791	0.116656
467590.5	0.1166257	4309	stimuli/foods\prawn.jpg	8	49	0	prawn	1	238	NF_041	1	0	NaN	a	0.3250694	1	2208.9038	2209.020425	0.1166257
467961.25	0.1166478	4310	stimuli/foods\hazelnuts.jpg	8	49	0	hazelnuts	1	159	NF_065	1	0	NaN	a	0.3447199	1	2210.387117	2210.503765	0.1166478
468340.5	0.1166587	4311	stimuli/foods\cream_donuts.jpg	8	49	0	cream_donuts	1	99	TF_014	0	0	NaN	f	0.2980709	1	2211.903765	2212.020423	0.1166587
468736.25	0.1166477	4312	stimuli/foods\stew_with_potatoes_and_carrots.jpg	8	49	0	stew_with_potatoes_and_carrots	1	284	TF_139	0	0	NaN	f	0.3597478	1	2213.487094	2213.603742	0.1166477
469169.75	0.1166851	4313	stimuli/foods\pineapple.jpg	8	49	0	pineapple	1	231	NF_004	1	0	NaN	a	0.3853775	1	2215.220413	2215.337098	0.1166851
469603	0.1166298	4314	stimuli/foods\fruit_salad.jpg	8	49	0	fruit_salad	1	129	NF_043	1	0	NaN	a	0.3371079	1	2216.953752	2217.070381	0.1166298
469957.25	0.116653	4315	stimuli/foods\spaghetti_with_olives_and_capers.jpg	8	49	0	spaghetti_with_olives_and_capers	1	276	TF_135	0	0	NaN	f	0.487489	1	2218.370384	2218.487037	0.116653
470344.75	0.1166514	4316	stimuli/foods\mushroom.jpg	8	49	0	mushroom	1	194	NF_039	1	0	NaN	a	0.4194787	1	2219.920373	2220.037025	0.1166514
470736.25	0.116654	4317	stimuli/foods\chilli.jpg	8	49	0	chilli	1	74	NF_073	1	0	NaN	a	0.3817798	1	2221.487026	2221.60368	0.116654
472732.25	0.1166517	4318	stimuli/foods\cherry.jpg	8	50	0	cherry	1	64	NF_027	1	0	NaN	a	0.5695237	1	2229.470293	2229.586944	0.1166517
473173.75	0.1166517	4319	stimuli/foods\lentils.jpg	8	50	0	lentils	1	177	NF_047	1	0	NaN	a	0.5058732	1	2231.236946	2231.353598	0.1166517
473536.25	0.1166501	4320	stimuli/foods\lollies.jpg	8	50	0	lollies	1	183	TF_026	0	0	NaN	f	0.3598929	1	2232.686936	2232.803586	0.1166501
473948.75	0.116647	4321	stimuli/foods\fried_calamari.jpg	8	50	0	fried_calamari	1	124	TF_020	0	0	NaN	f	0.3269266	1	2234.336925	2234.453572	0.116647
474265.5	0.1166585	4322	stimuli/foods\licorice.jpg	8	50	0	licorice	1	179	TF_078	0	0	NaN	f	0.4172467	1	2235.603573	2235.720232	0.1166585
474603	0.116653	4323	stimuli/foods\risotto_with_peas_and_asparagus_tips.jpg	8	50	0	risotto_with_peas_and_asparagus_tips	1	252	TF_123	0	0	NaN	f	0.6051917	1	2236.953567	2237.07022	0.116653
475073.75	0.1166489	4324	stimuli/foods\toast.jpg	8	50	0	toast	1	296	TF_053	0	0	NaN	f	0.3839633	1	2238.836888	2238.953537	0.1166489
475411.25	0.1166484	4325	stimuli/foods\green_beans.jpg	8	50	0	green_beans	1	147	NF_034	1	0	NaN	a	0.4529829	1	2240.186875	2240.303523	0.1166484
475786.25	0.1166526	4326	stimuli/foods\oregano.jpg	8	50	0	oregano	1	202	NF_066	1	0	NaN	f	0.5299623	0	2241.686871	2241.803523	0.1166526
476198.75	0.1166461	4327	stimuli/foods\almonds.jpg	8	50	0	almonds	1	0	NF_053	1	0	NaN	a	0.3630008	1	2243.336849	2243.453495	0.1166461
476619.75	0.1166477	4328	stimuli/foods\radish.jpg	8	50	0	radish	1	240	NF_090	1	0	NaN	a	0.3646658	1	2245.020169	2245.136817	0.1166477
476948.75	0.1166346	4329	stimuli/foods\chestnut.jpg	8	50	0	chestnut	1	65	NF_020	1	0	NaN	a	0.502044	1	2246.336828	2246.453462	0.1166346
477365.5	0.1166523	4330	stimuli/foods\beetroots.jpg	8	50	0	beetroots	1	23	NF_015	1	0	NaN	a	0.4634114	1	2248.003475	2248.120127	0.1166523
477732.25	0.1166454	4331	stimuli/foods\lasagna.jpg	8	50	0	lasagna	1	174	TF_076	0	0	NaN	f	0.3617815	1	2249.470136	2249.586781	0.1166454
478128	0.1166478	4332	stimuli/foods\cannoli.jpg	8	50	0	cannoli	1	54	TF_022	0	0	NaN	f	0.4754049	1	2251.053453	2251.170101	0.1166478
478498.75	0.1166477	4333	stimuli/foods\egg.jpg	8	50	0	egg	1	115	NF_095	1	0	NaN	a	0.504061	1	2252.536774	2252.653422	0.1166477
478932.25	0.1166564	4334	stimuli/foods\honey.jpg	8	50	0	honey	1	160	NF_062	1	0	NaN	f	0.5017193	0	2254.270095	2254.386751	0.1166564
479340.5	0.1166523	4335	stimuli/foods\dried_figs.jpg	8	50	0	dried_figs	1	110	TF_054	0	0	NaN	a	0.4514614	0	2255.903411	2256.020063	0.1166523
479703	0.1166495	4336	stimuli/foods\cinnamon.jpg	8	50	0	cinnamon	1	79	NF_017	1	0	NaN	a	0.3484058	1	2257.353401	2257.470051	0.1166495
480107.25	0.1166896	4337	stimuli/foods\papaya.jpg	8	50	0	papaya	1	210	NF_069	1	0	NaN	a	0.4097303	1	2258.970051	2259.086741	0.1166896
480498.75	0.1167507	4338	stimuli/foods\raisins.jpg	8	50	0	raisins	1	241	NF_096	1	0	NaN	a	0.3309388	1	2260.536709	2260.65346	0.1167507
480832.25	0.1166272	4339	stimuli/foods\watermelon.jpg	8	50	0	watermelon	1	309	NF_005	1	0	NaN	a	0.6848245	1	2261.870053	2261.98668	0.1166272
482319.75	0.1165972	4340	stimuli/foods\salami.jpg	8	51	0	salami	1	255	TF_127	0	0	NaN	f	0.3468908	1	2267.820037	2267.936634	0.1165972
482703	0.1166574	4341	stimuli/foods\waffle.jpg	8	51	0	waffle	1	308	TF_030	0	0	NaN	f	0.2815622	1	2269.353296	2269.469953	0.1166574
483007.25	0.1166544	4342	stimuli/foods\broccoli.jpg	8	51	0	broccoli	1	29	NF_016	1	0	NaN	a	0.3378901	1	2270.569957	2270.686612	0.1166544
483365.5	0.1166596	4343	stimuli/foods\ice_cream.jpg	8	51	0	ice_cream	1	162	TF_062	0	0	NaN	f	0.2885365	1	2272.003284	2272.119943	0.1166596
483669.75	0.1166291	4344	stimuli/foods\steak.jpg	8	51	0	steak	1	283	TF_013	0	0	NaN	f	0.2888974	1	2273.219958	2273.336587	0.1166291
484073.75	0.1166509	4345	stimuli/foods\mandarin.jpg	8	51	0	mandarin	1	184	NF_052	1	0	NaN	a	0.3722689	1	2274.83659	2274.953241	0.1166509
484419.75	0.1166507	4346	stimuli/foods\baguette.jpg	8	51	0	baguette	1	15	TF_006	0	0	NaN	f	0.4539293	1	2276.219913	2276.336563	0.1166507
484840.5	0.1166516	4347	stimuli/foods\red_cabbage.jpg	8	51	0	red_cabbage	1	245	NF_023	1	0	NaN	a	0.5456251	1	2277.903233	2278.019884	0.1166516
485248.75	0.1166467	4348	stimuli/foods\hotdog.jpg	8	51	0	hotdog	1	161	TF_070	0	0	NaN	f	0.3223905	1	2279.536554	2279.653201	0.1166467
485611.25	0.1166385	4349	stimuli/foods\fennel.jpg	8	51	0	fennel	1	121	NF_036	1	0	NaN	a	0.4113499	1	2280.986543	2281.103181	0.1166385
486040.5	0.1166474	4350	stimuli/foods\potato_and_green_bean_salad.jpg	8	51	0	potato_and_green_bean_salad	1	235	TF_072	0	0	NaN	f	0.4686499	1	2282.703195	2282.819843	0.1166474
486382.25	0.1166566	4351	stimuli/foods\lettuce.jpg	8	51	0	lettuce	1	178	NF_046	1	0	NaN	a	0.5549876	1	2284.069849	2284.186505	0.1166566
486857.25	0.1166521	4352	stimuli/foods\red_beans.jpg	8	51	0	red_beans	1	244	NF_033	1	0	NaN	a	0.6269992	1	2285.969835	2286.086487	0.1166521
487282.25	0.1166264	4353	stimuli/foods\artichoke.jpg	8	51	0	artichoke	1	7	NF_018	1	0	NaN	a	0.3330252	1	2287.669844	2287.78647	0.1166264
487665.5	0.1166573	4354	stimuli/foods\garlic.jpg	8	51	0	garlic	1	130	NF_001	1	0	NaN	a	0.2657409	1	2289.20314	2289.319797	0.1166573
488061.25	0.1166471	4355	stimuli/foods\chocolate_pralines.jpg	8	51	0	chocolate_pralines	1	77	TF_035	0	0	NaN	a	0.3823934	0	2290.786459	2290.903107	0.1166471
488457.25	0.1166465	4356	stimuli/foods\calamari.jpg	8	51	0	calamari	1	53	TF_019	0	0	NaN	f	0.3730903	1	2292.369783	2292.48643	0.1166465
488811.25	0.1166241	4357	stimuli/foods\lobster.jpg	8	51	0	lobster	1	182	NF_007	1	0	NaN	a	0.5263802	1	2293.786462	2293.903086	0.1166241
489198.75	0.1166954	4358	stimuli/foods\orange.jpg	8	51	0	orange	1	201	NF_008	1	0	NaN	a	0.3594334	1	2295.336426	2295.453122	0.1166954
489553	0.1166496	4359	stimuli/foods\apricot.jpg	8	51	0	apricot	1	6	NF_002	1	0	NaN	a	0.3757739	1	2296.753079	2296.869729	0.1166496
489973.75	0.1166501	4360	stimuli/foods\pomegranate.jpg	8	51	0	pomegranate	1	232	NF_058	1	0	NaN	a	0.4494853	1	2298.4364	2298.55305	0.1166501
490398.75	0.1166474	4361	stimuli/foods\peas.jpg	8	51	0	peas	1	224	NF_081	1	0	NaN	a	0.4254539	1	2300.136386	2300.253034	0.1166474
494653	0.1166578	4362	stimuli/foods\salmon.jpg	8	52	0	salmon	1	256	TF_130	0	0	NaN	f	0.395912	1	2317.152906	2317.269564	0.1166578
494982.25	0.116649	4363	stimuli/foods\strawberry.jpg	8	52	0	strawberry	1	285	NF_037	1	0	NaN	a	0.2912701	1	2318.469582	2318.586231	0.116649
495386.25	0.1166312	4364	stimuli/foods\pickles.jpg	8	52	0	pickles	1	230	TF_134	0	0	NaN	a	0.3046522	0	2320.086239	2320.202871	0.1166312
495782.25	0.1166488	4365	stimuli/foods\brie.jpg	8	52	0	brie	1	28	TF_016	0	0	NaN	a	0.5773144	0	2321.669544	2321.786193	0.1166488
496265.5	0.1166286	4366	stimuli/foods\gnocchi.jpg	8	52	0	gnocchi	1	140	TF_064	0	0	NaN	f	0.4230057	1	2323.602884	2323.719513	0.1166286
496678	0.1166507	4367	stimuli/foods\ginger_root.jpg	8	52	0	ginger_root	1	131	NF_088	1	0	NaN	f	0.3380303	0	2325.252845	2325.369496	0.1166507
496990.5	0.1166499	4368	stimuli/foods\blackberry.jpg	8	52	0	blackberry	1	24	NF_063	1	0	NaN	a	0.5461056	1	2326.502834	2326.619484	0.1166499
497457.25	0.1166521	4369	stimuli/foods\cooked_prawn.jpg	8	52	0	cooked_prawn	1	92	TF_060	0	0	NaN	a	0.4883872	0	2328.369486	2328.486138	0.1166521
497828	0.1166404	4370	stimuli/foods\savory_pie.jpg	8	52	0	savory_pie	1	257	TF_146	0	0	NaN	f	0.3490296	1	2329.852811	2329.969451	0.1166404
498140.5	0.1166647	4371	stimuli/foods\peach.jpg	8	52	0	peach	1	218	NF_079	1	0	NaN	a	0.346045	1	2331.102796	2331.21946	0.1166647
498565.5	0.1166591	4372	stimuli/foods\kiwi.jpg	8	52	0	kiwi	1	172	NF_044	1	0	NaN	a	0.2810431	1	2332.802793	2332.919452	0.1166591
498919.75	0.1166486	4373	stimuli/foods\cucumber.jpg	8	52	0	cucumber	1	101	NF_026	1	0	NaN	a	0.306415	1	2334.219441	2334.336089	0.1166486
499298.75	0.1166503	4374	stimuli/foods\tomato.jpg	8	52	0	tomato	1	298	NF_084	1	0	NaN	a	0.3227597	1	2335.736094	2335.852744	0.1166503
499640.5	0.1166625	4375	stimuli/foods\spinach.jpg	8	52	0	spinach	1	277	NF_094	1	0	NaN	a	0.3330796	1	2337.102752	2337.219414	0.1166625
500053	0.1166677	4376	stimuli/foods\lemon_meringue_pie.jpg	8	52	0	lemon_meringue_pie	1	176	TF_151	0	0	NaN	a	0.3301122	0	2338.752734	2338.869402	0.1166677
500398.75	0.1166419	4377	stimuli/foods\baked_cod_with_carrots_and_green_beans.jpg	8	52	0	baked_cod_with_carrots_and_green_beans	1	16	TF_082	0	0	NaN	f	0.4777862	1	2340.136059	2340.2527	0.1166419
500848.75	0.1166393	4378	stimuli/foods\spaghetti_with_meat_sauce.jpg	8	52	0	spaghetti_with_meat_sauce	1	275	TF_137	0	0	NaN	f	0.2708534	1	2341.936053	2342.052692	0.1166393
501136.25	0.1166505	4379	stimuli/foods\cinnamon_sroll.jpg	8	52	0	cinnamon_sroll	1	80	TF_021	0	0	NaN	f	0.3348581	1	2343.086033	2343.202683	0.1166505
501519.75	0.1166717	4380	stimuli/foods\eggplant.jpg	8	52	0	eggplant	1	116	NF_059	1	0	NaN	a	0.5374757	1	2344.619353	2344.736025	0.1166717
501990.5	0.1166583	4381	stimuli/foods\chocolate_chip_cookies.jpg	8	52	0	chocolate_chip_cookies	1	76	TF_010	0	0	NaN	f	0.5402166	1	2346.502665	2346.619323	0.1166583
502448.75	0.116646	4382	stimuli/foods\ice_cream_sandwich.jpg	8	52	0	ice_cream_sandwich	1	163	TF_061	0	0	NaN	f	0.5428614	1	2348.335993	2348.452639	0.116646
502878	0.116672	4383	stimuli/foods\rice_cake.jpg	8	52	0	rice_cake	1	251	TF_059	0	0	NaN	f	0.4711987	1	2350.052642	2350.169314	0.116672
504786.25	0.0999828	4384	stimuli/foods\papaya.jpg	9	53	1	papaya	1	210	NF_069	1	0	0		0	0	2357.685913	2357.785895	0.0999828
504823.75	0.0999869	4385	stimuli/foods\cereal.jpg	9	53	1	cereal	1	59	TF_028	0	0	0		0	0	2357.835907	2357.935894	0.0999869
504861.25	0.0999966	4386	stimuli/non_foods\stim082_inanimate_clothing_gloves_2.png	9	53	1	gloves_2	0	137		NaN	0	0		0	0	2357.9859	2358.085896	0.0999966
504898.75	0.1000187	4387	stimuli/foods\asparagus.jpg	9	53	1	asparagus	1	8	NF_010	1	0	0		0	0	2358.135903	2358.235922	0.1000187
504936.25	0.0999949	4388	stimuli/foods\cooked_prawn.jpg	9	53	1	cooked_prawn	1	92	TF_060	0	0	0		0	0	2358.285898	2358.385893	0.0999949
504973.75	0.099994	4389	stimuli/non_foods\stim046_animate_insect_bug_2.png	9	53	1	bug_2	0	37		NaN	0	0		0	0	2358.435895	2358.535889	0.099994
505011.25	0.0999905	4390	stimuli/foods\potato_and_green_bean_salad.jpg	9	53	1	potato_and_green_bean_salad	1	235	TF_072	0	0	0		0	0	2358.585897	2358.685888	0.0999905
505048.75	0.099991	4391	stimuli/foods\pumpkin.jpg	9	53	1	pumpkin	1	239	NF_101	1	0	0		0	0	2358.7359	2358.835891	0.099991
505086.25	0.0999956	4392	stimuli/non_foods\stim135_inanimate_plants_tree_3.png	9	53	1	tree_3	0	301		NaN	0	0		0	0	2358.88589	2358.985886	0.0999956
505123.75	0.1000006	4393	stimuli/non_foods\stim020_animate_bird_penguin_4.png	9	53	1	penguin_4	0	228		NaN	0	0		0	0	2359.035886	2359.135887	0.1000006
505161.25	0.0999938	4394	stimuli/non_foods\stim006_animate_bird_duck_2.png	9	53	1	duck_2	0	112		NaN	0	0		0	0	2359.18589	2359.285884	0.0999938
505198.75	0.099977	4395	stimuli/non_foods\stim101_inanimate_furniture_bed_1.png	9	53	1	bed_1	0	19		NaN	0	0		0	0	2359.335906	2359.435883	0.099977
505236.25	0.0999342	4396	stimuli/foods\fruit_pie.jpg	9	53	1	fruit_pie	1	128	TF_147	0	0	0		0	0	2359.485924	2359.585859	0.0999342
505273.75	0.0999899	4397	stimuli/foods\potato_chips.jpg	9	53	1	potato_chips	1	236	TF_097	0	0	0		0	0	2359.635889	2359.735879	0.0999899
505311.25	0.0999869	4398	stimuli/foods\cucumber.jpg	9	53	1	cucumber	1	101	NF_026	1	0	0		0	0	2359.785891	2359.885878	0.0999869
505348.75	0.1000057	4399	stimuli/foods\lettuce.jpg	9	53	1	lettuce	1	178	NF_046	1	0	0		0	0	2359.935893	2360.035899	0.1000057
505386.25	0.0999799	4400	stimuli/non_foods\stim037_animate_human_sports_1.png	9	53	1	sports_1	0	278		NaN	0	0		0	0	2360.085894	2360.185874	0.0999799
505423.75	0.1000007	4401	stimuli/non_foods\stim118_inanimate_furniture_table_2.png	9	53	1	table_2	0	292		NaN	0	0		0	0	2360.235879	2360.335879	0.1000007
505461.25	0.0999895	4402	stimuli/foods\nectarine.jpg	9	53	1	nectarine	1	196	NF_078	1	0	0		0	0	2360.385886	2360.485875	0.0999895
505498.75	0.0999984	4403	stimuli/non_foods\stim148_inanimate_tools_hammer_4.png	9	53	1	hammer_4	0	154		NaN	0	0		0	0	2360.535873	2360.635871	0.0999984
505536.25	0.0999904	4404	stimuli/non_foods\stim112_inanimate_furniture_closet_4.png	9	53	1	closet_4	0	84		NaN	0	0		0	0	2360.685878	2360.785869	0.0999904
505573.75	0.0999879	4405	stimuli/foods\hotdog.jpg	9	53	1	hotdog	1	161	TF_070	0	1	0		0	0	2360.835882	2360.93587	0.0999879
505611.25	0.0999985	4406	stimuli/non_foods\stim039_animate_human_sports_3.png	9	53	1	sports_3	0	280		NaN	0	0		0	0	2360.985872	2361.085871	0.0999985
505648.75	0.0999794	4407	stimuli/foods\cauliflower.jpg	9	53	1	cauliflower	1	57	NF_022	1	0	1	f	0.3921296	1	2361.135891	2361.23587	0.0999794
505686.25	0.0999895	4408	stimuli/foods\radish.jpg	9	53	1	radish	1	240	NF_090	1	0	0		0	0	2361.285877	2361.385866	0.0999895
505723.75	0.0999928	4409	stimuli/foods\blackberry.jpg	9	53	1	blackberry	1	24	NF_063	1	0	0		0	0	2361.435874	2361.535867	0.0999928
505761.25	0.0999969	4410	stimuli/non_foods\stim154_inanimate_tools_scissors_2.png	9	53	1	scissors_2	0	259		NaN	0	0		0	0	2361.585865	2361.685862	0.0999969
505798.75	0.1000217	4411	stimuli/foods\toast.jpg	9	53	1	toast	1	296	TF_053	0	0	0		0	0	2361.735872	2361.835894	0.1000217
505836.25	0.0999886	4412	stimuli/foods\lollies.jpg	9	53	1	lollies	1	183	TF_026	0	0	0		0	0	2361.885871	2361.98586	0.0999886
505873.75	0.0999993	4413	stimuli/non_foods\stim027_animate_human_child_3.png	9	53	1	child_3	0	72		NaN	0	0		0	0	2362.035862	2362.135861	0.0999993
505911.25	0.099992	4414	stimuli/foods\toasted_bread_with_tomatoes.jpg	9	53	1	toasted_bread_with_tomatoes	1	297	TF_017	0	0	0		0	0	2362.18587	2362.285862	0.099992
505948.75	0.0999852	4415	stimuli/foods\pear.jpg	9	53	1	pear	1	223	NF_077	1	0	0		0	0	2362.335868	2362.435853	0.0999852
505986.25	0.0999903	4416	stimuli/foods\cinnamon_sroll.jpg	9	53	1	cinnamon_sroll	1	80	TF_021	0	0	0		0	0	2362.485867	2362.585857	0.0999903
506023.75	0.0999953	4417	stimuli/non_foods\stim050_animate_insect_butterfly_2.png	9	53	1	butterfly_2	0	45		NaN	0	0		0	0	2362.635859	2362.735854	0.0999953
506061.25	0.0999889	4418	stimuli/foods\fennel.jpg	9	53	1	fennel	1	121	NF_036	1	0	0		0	0	2362.785865	2362.885854	0.0999889
506098.75	0.1000096	4419	stimuli/non_foods\stim131_inanimate_plants_sunflower_3.png	9	53	1	sunflower_3	0	288		NaN	0	0		0	0	2362.935855	2363.035865	0.1000096
506136.25	0.0999763	4420	stimuli/foods\green_beans.jpg	9	53	1	green_beans	1	147	NF_034	1	0	0		0	0	2363.085874	2363.185851	0.0999763
506173.75	0.0999944	4421	stimuli/non_foods\stim129_inanimate_plants_sunflower_1.png	9	53	1	sunflower_1	0	286		NaN	0	0		0	0	2363.235858	2363.335853	0.0999944
506211.25	0.0999884	4422	stimuli/foods\fruit_salad.jpg	9	53	1	fruit_salad	1	129	NF_043	1	0	0		0	0	2363.38586	2363.485848	0.0999884
506248.75	0.1000046	4423	stimuli/foods\octopus.jpg	9	53	1	octopus	1	198	TF_113	0	0	0		0	0	2363.535857	2363.635862	0.1000046
506286.25	0.099994	4424	stimuli/non_foods\stim001_animate_bird_chicken_1.png	9	53	1	chicken_1	0	66		NaN	0	0		0	0	2363.685849	2363.785843	0.099994
506323.75	0.0999924	4425	stimuli/non_foods\stim103_inanimate_furniture_bed_3.png	9	53	1	bed_3	0	21		NaN	0	0		0	0	2363.835852	2363.935845	0.0999924
506361.25	0.0999961	4426	stimuli/non_foods\stim025_animate_human_child_1.png	9	53	1	child_1	0	70		NaN	0	0		0	0	2363.985849	2364.085845	0.0999961
506398.75	0.0999976	4427	stimuli/non_foods\stim157_inanimate_tools_wrench_1.png	9	53	1	wrench_1	0	310		NaN	0	0		0	0	2364.135843	2364.23584	0.0999976
506436.25	0.0999889	4428	stimuli/non_foods\stim077_animate_mammal_rhino_1.png	9	53	1	rhino_1	0	246		NaN	0	0		0	0	2364.285851	2364.38584	0.0999889
506473.75	0.0999901	4429	stimuli/non_foods\stim031_animate_human_clown_3.png	9	53	1	clown_3	0	87		NaN	0	0		0	0	2364.435845	2364.535835	0.0999901
506511.25	0.1000086	4430	stimuli/foods\pepperoni_pizza.jpg	9	53	1	pepperoni_pizza	1	229	TF_106	0	0	0		0	0	2364.585849	2364.685858	0.1000086
506548.75	0.0999898	4431	stimuli/foods\egg.jpg	9	53	1	egg	1	115	NF_095	1	0	0		0	0	2364.73585	2364.83584	0.0999898
506586.25	0.0999907	4432	stimuli/foods\raisins.jpg	9	53	1	raisins	1	241	NF_096	1	0	0		0	0	2364.885847	2364.985837	0.0999907
506623.75	0.099993	4433	stimuli/non_foods\stim138_inanimate_plants_tulip_2.png	9	53	1	tulip_2	0	304		NaN	0	0		0	0	2365.03584	2365.135833	0.099993
506661.25	0.1000005	4434	stimuli/non_foods\stim105_inanimate_furniture_chair_1.png	9	53	1	chair_1	0	60		NaN	0	0		0	0	2365.185837	2365.285837	0.1000005
506698.75	0.0999651	4435	stimuli/non_foods\stim132_inanimate_plants_sunflower_4.png	9	53	1	sunflower_4	0	289		NaN	0	0		0	0	2365.335868	2365.435833	0.0999651
506736.25	0.0999961	4436	stimuli/non_foods\stim136_inanimate_plants_tree_4.png	9	53	1	tree_4	0	302		NaN	0	0		0	0	2365.485835	2365.585831	0.0999961
506773.75	0.1000022	4437	stimuli/non_foods\stim145_inanimate_tools_hammer_1.png	9	53	1	hammer_1	0	151		NaN	1	0		0	0	2365.635831	2365.735834	0.1000022
506811.25	0.0999814	4438	stimuli/foods\oyster.jpg	9	53	1	oyster	1	204	NF_067	1	0	0		0	0	2365.78584	2365.885821	0.0999814
506848.75	0.0999927	4439	stimuli/non_foods\stim074_animate_mammal_monkey_2.png	9	53	1	monkey_2	0	189		NaN	0	1	f	0.3920853	1	2365.935832	2366.035825	0.0999927
506886.25	0.0999954	4440	stimuli/non_foods\stim056_animate_insect_dragonfly_4.png	9	53	1	dragonfly_4	0	109		NaN	0	0		0	0	2366.085831	2366.185827	0.0999954
506923.75	0.0999856	4441	stimuli/non_foods\stim059_animate_insect_grasshopper_3.png	9	53	1	grasshopper_3	0	145		NaN	0	0		0	0	2366.235839	2366.335825	0.0999856
506961.25	0.1000266	4442	stimuli/non_foods\stim035_animate_human_faces_3.png	9	53	1	faces_3	0	119		NaN	0	0		0	0	2366.38583	2366.485856	0.1000266
506998.75	0.0999883	4443	stimuli/foods\dried_figs.jpg	9	53	1	dried_figs	1	110	TF_054	0	0	0		0	0	2366.535835	2366.635823	0.0999883
507036.25	0.0999911	4444	stimuli/foods\banana.jpg	9	53	1	banana	1	18	NF_013	1	0	0		0	0	2366.68583	2366.785821	0.0999911
507073.75	0.099998	4445	stimuli/non_foods\stim092_inanimate_clothing_jeans_4.png	9	53	1	jeans_4	0	167		NaN	0	0		0	0	2366.835824	2366.935822	0.099998
507111.25	0.0999858	4446	stimuli/non_foods\stim079_animate_mammal_rhino_3.png	9	53	1	rhino_3	0	248		NaN	0	0		0	0	2366.985824	2367.08581	0.0999858
507148.75	0.0999881	4447	stimuli/non_foods\stim115_inanimate_furniture_sofa_3.png	9	53	1	sofa_3	0	273		NaN	0	0		0	0	2367.135837	2367.235825	0.0999881
507186.25	0.0999784	4448	stimuli/foods\lemon_meringue_pie.jpg	9	53	1	lemon_meringue_pie	1	176	TF_151	0	0	0		0	0	2367.28583	2367.385808	0.0999784
507223.75	0.0999875	4449	stimuli/foods\red_beans.jpg	9	53	1	red_beans	1	244	NF_033	1	0	0		0	0	2367.435826	2367.535814	0.0999875
507261.25	0.0999897	4450	stimuli/foods\croissant.jpg	9	53	1	croissant	1	100	TF_037	0	0	0		0	0	2367.585825	2367.685815	0.0999897
507298.75	0.0999989	4451	stimuli/non_foods\stim041_animate_insect_ant_1.png	9	53	1	ant_1	0	1		NaN	0	0		0	0	2367.735815	2367.835814	0.0999989
507336.25	0.099944	4452	stimuli/non_foods\stim110_inanimate_furniture_closet_2.png	9	53	1	closet_2	0	82		NaN	0	0		0	0	2367.88586	2367.985804	0.099944
507373.75	0.0999974	4453	stimuli/non_foods\stim142_inanimate_tools_broom_2.png	9	53	1	broom_2	0	31		NaN	0	0		0	0	2368.035814	2368.135811	0.0999974
507411.25	0.0999984	4454	stimuli/non_foods\stim127_inanimate_plants_cactus_3.png	9	53	1	cactus_3	0	51		NaN	0	0		0	0	2368.185815	2368.285813	0.0999984
507448.75	0.0999971	4455	stimuli/non_foods\stim125_inanimate_plants_cactus_1.png	9	53	1	cactus_1	0	49		NaN	0	0		0	0	2368.335813	2368.43581	0.0999971
507486.25	0.0999948	4456	stimuli/non_foods\stim121_inanimate_plants_bush_1.png	9	53	1	bush_1	0	40		NaN	0	0		0	0	2368.485815	2368.58581	0.0999948
507523.75	0.0999984	4457	stimuli/non_foods\stim042_animate_insect_ant_2.png	9	53	1	ant_2	0	2		NaN	0	0		0	0	2368.635806	2368.735805	0.0999984
507561.25	0.100013	4458	stimuli/foods\red_cabbage.jpg	9	53	1	red_cabbage	1	245	NF_023	1	0	0		0	0	2368.785815	2368.885828	0.100013
507598.75	0.0999837	4459	stimuli/non_foods\stim088_inanimate_clothing_hat_4.png	9	53	1	hat_4	0	158		NaN	0	0		0	0	2368.935838	2369.035822	0.0999837
507636.25	0.0999983	4460	stimuli/non_foods\stim072_animate_mammal_kangaroo_4.png	9	53	1	kangaroo_4	0	171		NaN	0	0		0	0	2369.085805	2369.185803	0.0999983
507673.75	0.0999988	4461	stimuli/non_foods\stim028_animate_human_child_4.png	9	53	1	child_4	0	73		NaN	0	0		0	0	2369.235804	2369.335803	0.0999988
507711.25	0.0999859	4462	stimuli/foods\figs.jpg	9	53	1	figs	1	122	NF_035	1	0	0		0	0	2369.38581	2369.485796	0.0999859
507748.75	0.099996	4463	stimuli/non_foods\stim143_inanimate_tools_broom_3.png	9	53	1	broom_3	0	32		NaN	0	0		0	0	2369.535801	2369.635797	0.099996
507786.25	0.099985	4464	stimuli/foods\rice.jpg	9	53	1	rice	1	250	TF_121	0	0	0		0	0	2369.685812	2369.785797	0.099985
507823.75	0.0999951	4465	stimuli/non_foods\stim007_animate_bird_duck_3.png	9	53	1	duck_3	0	113		NaN	0	0		0	0	2369.835799	2369.935794	0.0999951
507861.25	0.0999746	4466	stimuli/non_foods\stim049_animate_insect_butterfly_1.png	9	53	1	butterfly_1	0	44		NaN	0	0		0	0	2369.985821	2370.085795	0.0999746
507898.75	0.0999653	4467	stimuli/foods\mussels.jpg	9	53	1	mussels	1	195	TF_042	0	0	0		0	0	2370.135828	2370.235793	0.0999653
507936.25	0.0999903	4468	stimuli/foods\beetroots.jpg	9	53	1	beetroots	1	23	NF_015	1	0	0		0	0	2370.285803	2370.385794	0.0999903
507973.75	0.0999851	4469	stimuli/foods\roasted_chicken.jpg	9	53	1	roasted_chicken	1	253	TF_109	0	0	0		0	0	2370.435803	2370.535788	0.0999851
508011.25	0.1000138	4470	stimuli/non_foods\stim066_animate_mammal_giraffe_2.png	9	53	1	giraffe_2	0	133		NaN	0	0		0	0	2370.585795	2370.685808	0.1000138
508048.75	0.0999759	4471	stimuli/foods\spinach.jpg	9	53	1	spinach	1	277	NF_094	1	0	0		0	0	2370.735812	2370.835788	0.0999759
508086.25	0.0999921	4472	stimuli/non_foods\stim032_animate_human_clown_4.png	9	53	1	clown_4	0	88		NaN	0	0		0	0	2370.885798	2370.98579	0.0999921
508123.75	0.0999971	4473	stimuli/non_foods\stim095_inanimate_clothing_shirt_3.png	9	53	1	shirt_3	0	264		NaN	0	0		0	0	2371.035792	2371.135789	0.0999971
508161.25	0.099985	4474	stimuli/foods\rockmelon.jpg	9	53	1	rockmelon	1	254	NF_060	1	0	0		0	0	2371.1858	2371.285785	0.099985
508198.75	0.0999956	4475	stimuli/non_foods\stim122_inanimate_plants_bush_2.png	9	53	1	bush_2	0	41		NaN	0	0		0	0	2371.335781	2371.435776	0.0999956
508236.25	0.0999999	4476	stimuli/foods\stew_with_potatoes_and_carrots.jpg	9	53	1	stew_with_potatoes_and_carrots	1	284	TF_139	0	0	0		0	0	2371.485791	2371.585791	0.0999999
508273.75	0.0999853	4477	stimuli/non_foods\stim057_animate_insect_grasshopper_1.png	9	53	1	grasshopper_1	0	143		NaN	0	0		0	0	2371.635786	2371.735772	0.0999853
508311.25	0.0999857	4478	stimuli/non_foods\stim012_animate_bird_parrot_4.png	9	53	1	parrot_4	0	215		NaN	0	0		0	0	2371.785795	2371.885781	0.0999857
508348.75	0.0999854	4479	stimuli/foods\honey.jpg	9	53	1	honey	1	160	NF_062	1	0	0		0	0	2371.935795	2372.03578	0.0999854
508386.25	0.0999885	4480	stimuli/foods\fried_zucchini.jpg	9	53	1	fried_zucchini	1	125	TF_159	0	0	0		0	0	2372.085789	2372.185777	0.0999885
508423.75	0.0999931	4481	stimuli/non_foods\stim109_inanimate_furniture_closet_1.png	9	53	1	closet_1	0	81		NaN	0	0		0	0	2372.235784	2372.335777	0.0999931
508461.25	0.1000117	4482	stimuli/foods\oven-roasted_tomatoes.jpg	9	53	1	oven-roasted_tomatoes	1	203	TF_114	0	0	0		0	0	2372.38579	2372.485801	0.1000117
508498.75	0.099971	4483	stimuli/foods\pineapple.jpg	9	53	1	pineapple	1	231	NF_004	1	0	0		0	0	2372.535802	2372.635773	0.099971
508536.25	0.0999952	4484	stimuli/non_foods\stim016_animate_bird_peacock_4.png	9	53	1	peacock_4	0	222		NaN	0	0		0	0	2372.685779	2372.785774	0.0999952
508573.75	0.099991	4485	stimuli/non_foods\stim108_inanimate_furniture_chair_4.png	9	53	1	chair_4	0	63		NaN	0	0		0	0	2372.835777	2372.935768	0.099991
508611.25	0.0999923	4486	stimuli/foods\ice_cream_sandwich.jpg	9	53	1	ice_cream_sandwich	1	163	TF_061	0	0	0		0	0	2372.985778	2373.085771	0.0999923
508648.75	0.0999875	4487	stimuli/foods\lentils.jpg	9	53	1	lentils	1	177	NF_047	1	0	0		0	0	2373.135781	2373.235769	0.0999875
508686.25	0.0999956	4488	stimuli/non_foods\stim053_animate_insect_dragonfly_1.png	9	53	1	dragonfly_1	0	106		NaN	0	0		0	0	2373.285771	2373.385767	0.0999956
508723.75	0.1000155	4489	stimuli/foods\bread.jpg	9	53	1	bread	1	26	TF_089	0	0	0		0	0	2373.435776	2373.535792	0.1000155
508761.25	0.0999962	4490	stimuli/non_foods\stim100_inanimate_clothing_socks_4.png	9	53	1	socks_4	0	270		NaN	0	0		0	0	2373.585769	2373.685766	0.0999962
508798.75	0.0999896	4491	stimuli/foods\baguette.jpg	9	53	1	baguette	1	15	TF_006	0	1	0		0	0	2373.735776	2373.835765	0.0999896
508836.25	0.0999957	4492	stimuli/non_foods\stim104_inanimate_furniture_bed_4.png	9	53	1	bed_4	0	22		NaN	0	0		0	0	2373.885767	2373.985763	0.0999957
508873.75	0.1000043	4493	stimuli/non_foods\stim158_inanimate_tools_wrench_2.png	9	53	1	wrench_2	0	311		NaN	0	1	f	0.392134	1	2374.035758	2374.135763	0.1000043
508911.25	0.1000073	4494	stimuli/foods\parmesan_cheese.jpg	9	53	1	parmesan_cheese	1	211	TF_091	0	0	0		0	0	2374.185759	2374.285766	0.1000073
508948.75	0.099989	4495	stimuli/foods\taco.jpg	9	53	1	taco	1	295	TF_141	0	0	0		0	0	2374.33577	2374.435759	0.099989
508986.25	0.0999932	4496	stimuli/non_foods\stim107_inanimate_furniture_chair_3.png	9	53	1	chair_3	0	62		NaN	0	0		0	0	2374.485764	2374.585758	0.0999932
509023.75	0.0999872	4497	stimuli/foods\lasagna.jpg	9	53	1	lasagna	1	174	TF_076	0	0	0		0	0	2374.635769	2374.735756	0.0999872
509061.25	0.0999822	4498	stimuli/foods\grapefruits.jpg	9	53	1	grapefruits	1	141	NF_085	1	0	0		0	0	2374.785767	2374.885749	0.0999822
509098.75	0.0999929	4499	stimuli/foods\tomato.jpg	9	53	1	tomato	1	298	NF_084	1	0	0		0	0	2374.935764	2375.035757	0.0999929
509136.25	0.0999983	4500	stimuli/non_foods\stim080_animate_mammal_rhino_4.png	9	53	1	rhino_4	0	249		NaN	0	0		0	0	2375.085757	2375.185755	0.0999983
509173.75	0.0999896	4501	stimuli/foods\carrot.jpg	9	53	1	carrot	1	56	NF_019	1	0	0		0	0	2375.235761	2375.33575	0.0999896
509211.25	0.0999955	4502	stimuli/non_foods\stim093_inanimate_clothing_shirt_1.png	9	53	1	shirt_1	0	262		NaN	0	0		0	0	2375.385756	2375.485752	0.0999955
509248.75	0.0999846	4503	stimuli/foods\lobster.jpg	9	53	1	lobster	1	182	NF_007	1	0	0		0	0	2375.535762	2375.635746	0.0999846
509286.25	0.0999895	4504	stimuli/foods\linguine_with_clams.jpg	9	53	1	linguine_with_clams	1	181	TF_077	0	0	0		0	0	2375.68576	2375.78575	0.0999895
509323.75	0.0999966	4505	stimuli/non_foods\stim009_animate_bird_parrot_1.png	9	53	1	parrot_1	0	212		NaN	0	0		0	0	2375.835754	2375.93575	0.0999966
509361.25	0.0999646	4506	stimuli/foods\coffee_beans.jpg	9	53	1	coffee_beans	1	90	TF_029	0	0	0		0	0	2375.985777	2376.085742	0.0999646
509398.75	0.0999925	4507	stimuli/foods\prawn.jpg	9	53	1	prawn	1	238	NF_041	1	0	0		0	0	2376.135752	2376.235745	0.0999925
509436.25	0.0999884	4508	stimuli/foods\cherry.jpg	9	53	1	cherry	1	64	NF_027	1	0	0		0	0	2376.285754	2376.385743	0.0999884
509473.75	0.0999949	4509	stimuli/non_foods\stim097_inanimate_clothing_socks_1.png	9	53	1	socks_1	0	267		NaN	0	0		0	0	2376.435748	2376.535743	0.0999949
509511.25	0.099996	4510	stimuli/non_foods\stim099_inanimate_clothing_socks_3.png	9	53	1	socks_3	0	269		NaN	0	0		0	0	2376.585746	2376.685742	0.099996
509548.75	0.0999956	4511	stimuli/non_foods\stim021_animate_human_baby_1.png	9	53	1	baby_1	0	10		NaN	0	0		0	0	2376.735745	2376.835741	0.0999956
509586.25	0.0999892	4512	stimuli/foods\chilli.jpg	9	53	1	chilli	1	74	NF_073	1	0	0		0	0	2376.885748	2376.985737	0.0999892
509623.75	0.0999888	4513	stimuli/foods\rice_cake.jpg	9	53	1	rice_cake	1	251	TF_059	0	0	0		0	0	2377.035749	2377.135737	0.0999888
509661.25	0.0999964	4514	stimuli/non_foods\stim036_animate_human_faces_4.png	9	53	1	faces_4	0	120		NaN	0	0		0	0	2377.185739	2377.285736	0.0999964
509698.75	0.0999969	4515	stimuli/non_foods\stim014_animate_bird_peacock_2.png	9	53	1	peacock_2	0	220		NaN	0	0		0	0	2377.33574	2377.435736	0.0999969
509736.25	0.0999855	4516	stimuli/foods\pancakes.jpg	9	53	1	pancakes	1	209	TF_058	0	0	0		0	0	2377.485746	2377.585731	0.0999855
509773.75	0.0999876	4517	stimuli/non_foods\stim144_inanimate_tools_broom_4.png	9	53	1	broom_4	0	33		NaN	0	0		0	0	2377.635731	2377.735719	0.0999876
509811.25	0.09998	4518	stimuli/non_foods\stim128_inanimate_plants_cactus_4.png	9	53	1	cactus_4	0	52		NaN	0	0		0	0	2377.785752	2377.885732	0.09998
509848.75	0.0999904	4519	stimuli/foods\risotto_with_peas_and_asparagus_tips.jpg	9	53	1	risotto_with_peas_and_asparagus_tips	1	252	TF_123	0	0	0		0	0	2377.935741	2378.035731	0.0999904
509886.25	0.0999976	4520	stimuli/non_foods\stim150_inanimate_tools_pan_2.png	9	53	1	pan_2	0	206		NaN	0	0		0	0	2378.085732	2378.18573	0.0999976
509923.75	0.0999878	4521	stimuli/foods\licorice.jpg	9	53	1	licorice	1	179	TF_078	0	0	0		0	0	2378.235736	2378.335724	0.0999878
509961.25	0.0999989	4522	stimuli/foods\mushroom.jpg	9	53	1	mushroom	1	194	NF_039	1	0	0		0	0	2378.385736	2378.485735	0.0999989
509998.75	0.0999927	4523	stimuli/non_foods\stim065_animate_mammal_giraffe_1.png	9	53	1	giraffe_1	0	132		NaN	0	0		0	0	2378.535731	2378.635724	0.0999927
510036.25	0.0999967	4524	stimuli/non_foods\stim008_animate_bird_duck_4.png	9	53	1	duck_4	0	114		NaN	0	0		0	0	2378.685729	2378.785725	0.0999967
510073.75	0.0999789	4525	stimuli/foods\gnocchi.jpg	9	53	1	gnocchi	1	140	TF_064	0	0	0		0	0	2378.835742	2378.935721	0.0999789
510111.25	0.0999887	4526	stimuli/foods\broccoli.jpg	9	53	1	broccoli	1	29	NF_016	1	0	0		0	0	2378.985733	2379.085722	0.0999887
510148.75	0.0999861	4527	stimuli/non_foods\stim062_animate_mammal_cow_2.png	9	53	1	cow_2	0	95		NaN	0	0		0	0	2379.135725	2379.235711	0.0999861
510186.25	0.0999956	4528	stimuli/non_foods\stim018_animate_bird_penguin_2.png	9	53	1	penguin_2	0	226		NaN	0	0		0	0	2379.285722	2379.385718	0.0999956
510223.75	0.1000175	4529	stimuli/non_foods\stim086_inanimate_clothing_hat_2.png	9	53	1	hat_2	0	156		NaN	0	0		0	0	2379.43572	2379.535738	0.1000175
510261.25	0.0999728	4530	stimuli/non_foods\stim064_animate_mammal_cow_4.png	9	53	1	cow_4	0	97		NaN	0	0		0	0	2379.585743	2379.685716	0.0999728
510298.75	0.0999979	4531	stimuli/non_foods\stim033_animate_human_faces_1.png	9	53	1	faces_1	0	117		NaN	0	0		0	0	2379.735719	2379.835717	0.0999979
510336.25	0.0999897	4532	stimuli/foods\raw_ham.jpg	9	53	1	raw_ham	1	242	TF_117	0	0	0		0	0	2379.885721	2379.985711	0.0999897
510373.75	0.0999951	4533	stimuli/non_foods\stim043_animate_insect_ant_3.png	9	53	1	ant_3	0	3		NaN	0	0		0	0	2380.035715	2380.135711	0.0999951
510411.25	0.0999965	4534	stimuli/non_foods\stim068_animate_mammal_giraffe_4.png	9	53	1	giraffe_4	0	135		NaN	0	0		0	0	2380.185716	2380.285713	0.0999965
510448.75	0.0999959	4535	stimuli/non_foods\stim133_inanimate_plants_tree_1.png	9	53	1	tree_1	0	299		NaN	0	0		0	0	2380.335712	2380.435708	0.0999959
510486.25	0.1000013	4536	stimuli/non_foods\stim019_animate_bird_penguin_3.png	9	53	1	penguin_3	0	227		NaN	0	0		0	0	2380.48571	2380.585711	0.1000013
510523.75	0.0999691	4537	stimuli/foods\cracker.jpg	9	53	1	cracker	1	98	TF_043	0	0	0		0	0	2380.635735	2380.735704	0.0999691
510561.25	0.0999906	4538	stimuli/foods\minestrone_soup.jpg	9	53	1	minestrone_soup	1	187	TF_160	0	0	0		0	0	2380.785715	2380.885706	0.0999906
510598.75	0.0999914	4539	stimuli/foods\swordfish.jpg	9	53	1	swordfish	1	290	TF_101	0	0	0		0	0	2380.935717	2381.035709	0.0999914
510636.25	0.0999907	4540	stimuli/non_foods\stim120_inanimate_furniture_table_4.png	9	53	1	table_4	0	294		NaN	0	0		0	0	2381.08571	2381.185701	0.0999907
512273.75	0.0999807	4541	stimuli/foods\calamari.jpg	9	54	1	calamari	1	53	TF_019	0	0	0		0	0	2387.635668	2387.735649	0.0999807
512311.25	0.1000273	4542	stimuli/non_foods\stim153_inanimate_tools_scissors_1.png	9	54	1	scissors_1	0	258		NaN	0	0		0	0	2387.785653	2387.885681	0.1000273
512348.75	0.0999581	4543	stimuli/foods\savory_pie.jpg	9	54	1	savory_pie	1	257	TF_146	0	0	0		0	0	2387.935694	2388.035652	0.0999581
512386.25	0.0999903	4544	stimuli/foods\steak.jpg	9	54	1	steak	1	283	TF_013	0	0	0		0	0	2388.085658	2388.185648	0.0999903
512423.75	0.0999995	4545	stimuli/non_foods\stim137_inanimate_plants_tulip_1.png	9	54	1	tulip_1	0	303		NaN	0	0		0	0	2388.235649	2388.335648	0.0999995
512461.25	0.0999867	4546	stimuli/foods\eggplant.jpg	9	54	1	eggplant	1	116	NF_059	1	0	0		0	0	2388.385655	2388.485642	0.0999867
512498.75	0.0999905	4547	stimuli/foods\fruit_flan.jpg	9	54	1	fruit_flan	1	127	TF_093	0	0	0		0	0	2388.535655	2388.635646	0.0999905
512536.25	0.099994	4548	stimuli/non_foods\stim094_inanimate_clothing_shirt_2.png	9	54	1	shirt_2	0	263		NaN	0	0		0	0	2388.685651	2388.785645	0.099994
512573.75	0.0999695	4549	stimuli/foods\chocolate_bar.jpg	9	54	1	chocolate_bar	1	75	TF_033	0	0	0		0	0	2388.835649	2388.935619	0.0999695
512611.25	0.0999688	4550	stimuli/foods\cannoli.jpg	9	54	1	cannoli	1	54	TF_022	0	0	0		0	0	2388.985674	2389.085642	0.0999688
512648.75	0.0999979	4551	stimuli/non_foods\stim140_inanimate_plants_tulip_4.png	9	54	1	tulip_4	0	306		NaN	0	0		0	0	2389.135639	2389.235637	0.0999979
512686.25	0.0999971	4552	stimuli/non_foods\stim130_inanimate_plants_sunflower_2.png	9	54	1	sunflower_2	0	287		NaN	0	0		0	0	2389.285639	2389.385636	0.0999971
512723.75	0.0999871	4553	stimuli/foods\capsicum.jpg	9	54	1	capsicum	1	55	NF_076	1	0	0		0	0	2389.435649	2389.535636	0.0999871
512761.25	0.1000078	4554	stimuli/foods\corncob.jpg	9	54	1	corncob	1	93	NF_051	1	0	0		0	0	2389.585647	2389.685655	0.1000078
512798.75	0.0999758	4555	stimuli/foods\frankfurters.jpg	9	54	1	frankfurters	1	123	TF_156	0	0	0		0	0	2389.735658	2389.835634	0.0999758
512836.25	0.099982	4556	stimuli/foods\cupcake.jpg	9	54	1	cupcake	1	102	TF_050	0	0	0		0	0	2389.885645	2389.985627	0.099982
512873.75	0.0999904	4557	stimuli/foods\hamburger.jpg	9	54	1	hamburger	1	150	TF_069	0	0	0		0	0	2390.03564	2390.135631	0.0999904
512911.25	0.0999745	4558	stimuli/non_foods\stim005_animate_bird_duck_1.png	9	54	1	duck_1	0	111		NaN	0	0		0	0	2390.185656	2390.28563	0.0999745
512948.75	0.0999842	4559	stimuli/foods\wafer.jpg	9	54	1	wafer	1	307	TF_155	0	0	0		0	0	2390.335644	2390.435628	0.0999842
512986.25	0.0999933	4560	stimuli/non_foods\stim114_inanimate_furniture_sofa_2.png	9	54	1	sofa_2	0	272		NaN	0	0		0	0	2390.485632	2390.585625	0.0999933
513023.75	0.0999898	4561	stimuli/foods\omelette.jpg	9	54	1	omelette	1	199	TF_057	0	0	0		0	0	2390.635638	2390.735627	0.0999898
513061.25	0.0999984	4562	stimuli/non_foods\stim141_inanimate_tools_broom_1.png	9	54	1	broom_1	0	30		NaN	1	0		0	0	2390.785642	2390.885641	0.0999984
513098.75	0.1000746	4563	stimuli/non_foods\stim052_animate_insect_butterfly_4.png	9	54	1	butterfly_4	0	47		NaN	0	0		0	0	2390.935631	2391.035706	0.1000746
513136.25	0.0999861	4564	stimuli/non_foods\stim081_inanimate_clothing_gloves_1.png	9	54	1	gloves_1	0	136		NaN	0	0		0	0	2391.085634	2391.18562	0.0999861
513173.75	0.0999939	4565	stimuli/foods\garlic.jpg	9	54	1	garlic	1	130	NF_001	1	0	1	f	0.4422833	1	2391.235631	2391.335625	0.0999939
513211.25	0.1000365	4566	stimuli/non_foods\stim160_inanimate_tools_wrench_4.png	9	54	1	wrench_4	0	313		NaN	0	0		0	0	2391.385627	2391.485663	0.1000365
513248.75	0.0999898	4567	stimuli/foods\almonds.jpg	9	54	1	almonds	1	0	NF_053	1	0	0		0	0	2391.535627	2391.635616	0.0999898
513286.25	0.0999878	4568	stimuli/foods\pork_loin_with_peas.jpg	9	54	1	pork_loin_with_peas	1	234	TF_003	0	0	0		0	0	2391.685631	2391.785619	0.0999878
513323.75	0.0999951	4569	stimuli/non_foods\stim076_animate_mammal_monkey_4.png	9	54	1	monkey_4	0	191		NaN	0	0		0	0	2391.835621	2391.935616	0.0999951
513361.25	0.1000157	4570	stimuli/non_foods\stim134_inanimate_plants_tree_2.png	9	54	1	tree_2	0	300		NaN	0	0		0	0	2391.985619	2392.085635	0.1000157
513398.75	0.099994	4571	stimuli/non_foods\stim067_animate_mammal_giraffe_3.png	9	54	1	giraffe_3	0	134		NaN	0	0		0	0	2392.135612	2392.235606	0.099994
513436.25	0.0999735	4572	stimuli/foods\bread_roll.jpg	9	54	1	bread_roll	1	27	TF_090	0	0	0		0	0	2392.285614	2392.385588	0.0999735
513473.75	0.0999932	4573	stimuli/non_foods\stim111_inanimate_furniture_closet_3.png	9	54	1	closet_3	0	83		NaN	0	0		0	0	2392.435617	2392.53561	0.0999932
513511.25	0.0999852	4574	stimuli/foods\blue_cheese.jpg	9	54	1	blue_cheese	1	25	TF_066	0	0	0		0	0	2392.585623	2392.685608	0.0999852
513548.75	0.0999964	4575	stimuli/non_foods\stim085_inanimate_clothing_hat_1.png	9	54	1	hat_1	0	155		NaN	0	0		0	0	2392.735613	2392.835609	0.0999964
513586.25	0.0999886	4576	stimuli/foods\fries.jpg	9	54	1	fries	1	126	TF_094	0	0	0		0	0	2392.88562	2392.985609	0.0999886
513623.75	0.0999949	4577	stimuli/non_foods\stim055_animate_insect_dragonfly_3.png	9	54	1	dragonfly_3	0	108		NaN	0	0		0	0	2393.035613	2393.135608	0.0999949
513661.25	0.1000181	4578	stimuli/non_foods\stim096_inanimate_clothing_shirt_4.png	9	54	1	shirt_4	0	265		NaN	0	0		0	0	2393.185602	2393.28562	0.1000181
513698.75	0.0999811	4579	stimuli/foods\green_olives.jpg	9	54	1	green_olives	1	148	TF_085	0	0	0		0	0	2393.335616	2393.435597	0.0999811
513736.25	0.0999866	4580	stimuli/foods\cuttlefish.jpg	9	54	1	cuttlefish	1	103	NF_093	1	0	0		0	0	2393.485614	2393.585601	0.0999866
513773.75	0.09999	4581	stimuli/foods\potatoes.jpg	9	54	1	potatoes	1	237	NF_071	1	0	0		0	0	2393.635614	2393.735604	0.09999
513811.25	0.0999867	4582	stimuli/foods\ice_cream.jpg	9	54	1	ice_cream	1	162	TF_062	0	0	0		0	0	2393.785611	2393.885598	0.0999867
513848.75	0.0999878	4583	stimuli/foods\mango.jpg	9	54	1	mango	1	185	NF_054	1	0	0		0	0	2393.93561	2394.035598	0.0999878
513886.25	0.0999906	4584	stimuli/foods\pickles.jpg	9	54	1	pickles	1	230	TF_134	0	0	0		0	0	2394.085609	2394.1856	0.0999906
513923.75	0.0999963	4585	stimuli/non_foods\stim047_animate_insect_bug_3.png	9	54	1	bug_3	0	38		NaN	0	0		0	0	2394.235602	2394.335598	0.0999963
513961.25	0.0999928	4586	stimuli/foods\mortadella.jpg	9	54	1	mortadella	1	192	TF_083	0	0	0		0	0	2394.385607	2394.4856	0.0999928
513998.75	0.0999943	4587	stimuli/non_foods\stim040_animate_human_sports_4.png	9	54	1	sports_4	0	281		NaN	0	0		0	0	2394.535598	2394.635592	0.0999943
514036.25	0.0999878	4588	stimuli/foods\pea_pod.jpg	9	54	1	pea_pod	1	217	NF_082	1	0	0		0	0	2394.685603	2394.785591	0.0999878
514073.75	0.0999916	4589	stimuli/foods\onion.jpg	9	54	1	onion	1	200	NF_029	1	0	0		0	0	2394.835605	2394.935597	0.0999916
514111.25	0.0999653	4590	stimuli/foods\chocolate_pudding.jpg	9	54	1	chocolate_pudding	1	78	TF_018	0	0	0		0	0	2394.985625	2395.08559	0.0999653
514148.75	0.0999961	4591	stimuli/non_foods\stim022_animate_human_baby_2.png	9	54	1	baby_2	0	11		NaN	0	0		0	0	2395.135594	2395.23559	0.0999961
514186.25	0.0999894	4592	stimuli/foods\lemon.jpg	9	54	1	lemon	1	175	NF_049	1	0	0		0	0	2395.285599	2395.385588	0.0999894
514223.75	0.0999883	4593	stimuli/foods\orange.jpg	9	54	1	orange	1	201	NF_008	1	0	0		0	0	2395.435596	2395.535585	0.0999883
514261.25	0.1000003	4594	stimuli/non_foods\stim147_inanimate_tools_hammer_3.png	9	54	1	hammer_3	0	153		NaN	0	0		0	0	2395.585589	2395.685589	0.1000003
514298.75	0.0999882	4595	stimuli/foods\peach.jpg	9	54	1	peach	1	218	NF_079	1	0	0		0	0	2395.735596	2395.835584	0.0999882
514336.25	0.099998	4596	stimuli/non_foods\stim159_inanimate_tools_wrench_3.png	9	54	1	wrench_3	0	312		NaN	0	0		0	0	2395.885584	2395.985582	0.099998
514373.75	0.0999907	4597	stimuli/foods\pomegranate.jpg	9	54	1	pomegranate	1	232	NF_058	1	0	0		0	0	2396.035594	2396.135585	0.0999907
514411.25	0.0999977	4598	stimuli/non_foods\stim156_inanimate_tools_scissors_4.png	9	54	1	scissors_4	0	261		NaN	0	0		0	0	2396.185582	2396.28558	0.0999977
514448.75	0.0999943	4599	stimuli/foods\brie.jpg	9	54	1	brie	1	28	TF_016	0	0	0		0	0	2396.335588	2396.435582	0.0999943
514486.25	0.0999951	4600	stimuli/non_foods\stim106_inanimate_furniture_chair_2.png	9	54	1	chair_2	0	61		NaN	0	0		0	0	2396.485585	2396.58558	0.0999951
514523.75	0.0999856	4601	stimuli/non_foods\stim060_animate_insect_grasshopper_4.png	9	54	1	grasshopper_4	0	146		NaN	0	0		0	0	2396.635578	2396.735564	0.0999856
514561.25	0.0999792	4602	stimuli/non_foods\stim117_inanimate_furniture_table_1.png	9	54	1	table_1	0	291		NaN	0	0		0	0	2396.785601	2396.88558	0.0999792
514598.75	0.1000014	4603	stimuli/foods\coconut.jpg	9	54	1	coconut	1	89	NF_030	1	0	0		0	0	2396.935589	2397.035591	0.1000014
514636.25	0.1000025	4604	stimuli/foods\apple.jpg	9	54	1	apple	1	5	NF_055	1	0	0		0	0	2397.085576	2397.185579	0.1000025
514673.75	0.099986	4605	stimuli/foods\meatballs.jpg	9	54	1	meatballs	1	186	TF_112	0	0	0		0	0	2397.235582	2397.335568	0.099986
514711.25	0.0999885	4606	stimuli/foods\grilled_chicken_breast.jpg	9	54	1	grilled_chicken_breast	1	149	TF_104	0	0	0		0	0	2397.385581	2397.485569	0.0999885
514748.75	0.0999901	4607	stimuli/foods\hazelnuts.jpg	9	54	1	hazelnuts	1	159	NF_065	1	0	0		0	0	2397.535582	2397.635572	0.0999901
514786.25	0.0999889	4608	stimuli/foods\waffle.jpg	9	54	1	waffle	1	308	TF_030	0	0	0		0	0	2397.68558	2397.785569	0.0999889
514823.75	0.0999955	4609	stimuli/foods\baked_cod_with_carrots_and_green_beans.jpg	9	54	1	baked_cod_with_carrots_and_green_beans	1	16	TF_082	0	0	0		0	0	2397.835591	2397.935586	0.0999955
514861.25	0.0999964	4610	stimuli/non_foods\stim045_animate_insect_bug_1.png	9	54	1	bug_1	0	36		NaN	0	0		0	0	2397.98557	2398.085566	0.0999964
514898.75	0.099992	4611	stimuli/foods\chocolate_chip_cookies.jpg	9	54	1	chocolate_chip_cookies	1	76	TF_010	0	0	0		0	0	2398.135574	2398.235565	0.099992
514936.25	0.0999892	4612	stimuli/foods\chestnut.jpg	9	54	1	chestnut	1	65	NF_020	1	0	0		0	0	2398.285575	2398.385564	0.0999892
514973.75	0.1000278	4613	stimuli/non_foods\stim071_animate_mammal_kangaroo_3.png	9	54	1	kangaroo_3	0	170		NaN	1	0		0	0	2398.435569	2398.535596	0.1000278
515011.25	0.0999674	4614	stimuli/non_foods\stim023_animate_human_baby_3.png	9	54	1	baby_3	0	12		NaN	0	0		0	0	2398.585592	2398.685559	0.0999674
515048.75	0.0999928	4615	stimuli/non_foods\stim073_animate_mammal_monkey_1.png	9	54	1	monkey_1	0	188		NaN	0	1	f	0.3921032	1	2398.735569	2398.835562	0.0999928
515086.25	0.0999944	4616	stimuli/non_foods\stim002_animate_bird_chicken_2.png	9	54	1	chicken_2	0	67		NaN	0	0		0	0	2398.885563	2398.985558	0.0999944
515123.75	0.0999937	4617	stimuli/non_foods\stim087_inanimate_clothing_hat_3.png	9	54	1	hat_3	0	157		NaN	0	0		0	0	2399.035564	2399.135558	0.0999937
515161.25	0.0999965	4618	stimuli/non_foods\stim089_inanimate_clothing_jeans_1.png	9	54	1	jeans_1	0	164		NaN	0	0		0	0	2399.185561	2399.285557	0.0999965
515198.75	0.0999791	4619	stimuli/foods\donut.jpg	9	54	1	donut	1	105	TF_032	0	0	0		0	0	2399.335567	2399.435546	0.0999791
515236.25	0.0999944	4620	stimuli/foods\lime.jpg	9	54	1	lime	1	180	NF_048	1	0	0		0	0	2399.485559	2399.585553	0.0999944
515273.75	0.0999719	4621	stimuli/non_foods\stim152_inanimate_tools_pan_4.png	9	54	1	pan_4	0	208		NaN	0	0		0	0	2399.635579	2399.73555	0.0999719
515311.25	0.099999	4622	stimuli/non_foods\stim119_inanimate_furniture_table_3.png	9	54	1	table_3	0	293		NaN	0	0		0	0	2399.785552	2399.885551	0.099999
515348.75	0.0999978	4623	stimuli/non_foods\stim113_inanimate_furniture_sofa_1.png	9	54	1	sofa_1	0	271		NaN	0	0		0	0	2399.935552	2400.03555	0.0999978
515386.25	0.0999919	4624	stimuli/foods\cinnamon.jpg	9	54	1	cinnamon	1	79	NF_017	1	0	0		0	0	2400.08556	2400.185552	0.0999919
515423.75	0.100009	4625	stimuli/foods\oregano.jpg	9	54	1	oregano	1	202	NF_066	1	0	0		0	0	2400.23556	2400.335569	0.100009
515461.25	0.0999872	4626	stimuli/non_foods\stim124_inanimate_plants_bush_4.png	9	54	1	bush_4	0	43		NaN	0	0		0	0	2400.385554	2400.485541	0.0999872
515498.75	0.0999893	4627	stimuli/foods\cooked_ham.jpg	9	54	1	cooked_ham	1	91	TF_116	0	0	0		0	0	2400.535555	2400.635544	0.0999893
515536.25	0.0999908	4628	stimuli/foods\spaghetti_with_olives_and_capers.jpg	9	54	1	spaghetti_with_olives_and_capers	1	276	TF_135	0	0	0		0	0	2400.685553	2400.785544	0.0999908
515573.75	0.099998	4629	stimuli/non_foods\stim069_animate_mammal_kangaroo_1.png	9	54	1	kangaroo_1	0	168		NaN	0	0		0	0	2400.835546	2400.935544	0.099998
515611.25	0.0999955	4630	stimuli/non_foods\stim011_animate_bird_parrot_3.png	9	54	1	parrot_3	0	214		NaN	0	0		0	0	2400.985547	2401.085543	0.0999955
515648.75	0.0999865	4631	stimuli/foods\spring_onions.jpg	9	54	1	spring_onions	1	282	NF_086	1	0	0		0	0	2401.135553	2401.23554	0.0999865
515686.25	0.0999881	4632	stimuli/foods\ginger_root.jpg	9	54	1	ginger_root	1	131	NF_088	1	0	0		0	0	2401.285549	2401.385537	0.0999881
515723.75	0.0999862	4633	stimuli/non_foods\stim063_animate_mammal_cow_3.png	9	54	1	cow_3	0	96		NaN	0	0		0	0	2401.435552	2401.535538	0.0999862
515761.25	0.0999916	4634	stimuli/non_foods\stim155_inanimate_tools_scissors_3.png	9	54	1	scissors_3	0	260		NaN	0	0		0	0	2401.585544	2401.685535	0.0999916
515798.75	0.0999928	4635	stimuli/non_foods\stim098_inanimate_clothing_socks_2.png	9	54	1	socks_2	0	268		NaN	0	0		0	0	2401.735541	2401.835534	0.0999928
515836.25	0.0999907	4636	stimuli/non_foods\stim139_inanimate_plants_tulip_3.png	9	54	1	tulip_3	0	305		NaN	0	0		0	0	2401.885539	2401.985529	0.0999907
515873.75	0.1000115	4637	stimuli/non_foods\stim091_inanimate_clothing_jeans_3.png	9	54	1	jeans_3	0	166		NaN	0	0		0	0	2402.035543	2402.135555	0.1000115
515911.25	0.100003	4638	stimuli/non_foods\stim126_inanimate_plants_cactus_2.png	9	54	1	cactus_2	0	50		NaN	0	0		0	0	2402.185533	2402.285536	0.100003
515948.75	0.0999892	4639	stimuli/non_foods\stim026_animate_human_child_2.png	9	54	1	child_2	0	71		NaN	0	0		0	0	2402.335533	2402.435522	0.0999892
515986.25	0.0999898	4640	stimuli/foods\kiwi.jpg	9	54	1	kiwi	1	172	NF_044	1	0	0		0	0	2402.48554	2402.58553	0.0999898
516023.75	0.0999996	4641	stimuli/non_foods\stim090_inanimate_clothing_jeans_2.png	9	54	1	jeans_2	0	165		NaN	0	0		0	0	2402.635532	2402.735532	0.0999996
516061.25	0.0999849	4642	stimuli/foods\lamb_chops.jpg	9	54	1	lamb_chops	1	173	TF_040	0	0	0		0	0	2402.785541	2402.885526	0.0999849
516098.75	0.0999942	4643	stimuli/foods\apricot.jpg	9	54	1	apricot	1	6	NF_002	1	0	0		0	0	2402.935531	2403.035526	0.0999942
516136.25	0.1000163	4644	stimuli/non_foods\stim151_inanimate_tools_pan_3.png	9	54	1	pan_3	0	207		NaN	0	0		0	0	2403.085531	2403.185547	0.1000163
516173.75	0.0999861	4645	stimuli/foods\salami.jpg	9	54	1	salami	1	255	TF_127	0	0	0		0	0	2403.235535	2403.335521	0.0999861
516211.25	0.0999989	4646	stimuli/non_foods\stim070_animate_mammal_kangaroo_2.png	9	54	1	kangaroo_2	0	169		NaN	0	0		0	0	2403.385525	2403.485524	0.0999989
516248.75	0.0999855	4647	stimuli/foods\pork_and_rice.jpg	9	54	1	pork_and_rice	1	233	TF_080	0	0	0		0	0	2403.535533	2403.635518	0.0999855
516286.25	0.099999	4648	stimuli/non_foods\stim123_inanimate_plants_bush_3.png	9	54	1	bush_3	0	42		NaN	0	0		0	0	2403.68552	2403.785519	0.099999
516323.75	0.1000112	4649	stimuli/non_foods\stim061_animate_mammal_cow_1.png	9	54	1	cow_1	0	94		NaN	0	0		0	0	2403.83551	2403.935521	0.1000112
516361.25	0.0999914	4650	stimuli/non_foods\stim003_animate_bird_chicken_3.png	9	54	1	chicken_3	0	68		NaN	0	0		0	0	2403.985525	2404.085516	0.0999914
516398.75	0.0999882	4651	stimuli/foods\fried_calamari.jpg	9	54	1	fried_calamari	1	124	TF_020	0	0	0		0	0	2404.135529	2404.235517	0.0999882
516436.25	0.099994	4652	stimuli/non_foods\stim044_animate_insect_ant_4.png	9	54	1	ant_4	0	4		NaN	0	0		0	0	2404.28552	2404.385514	0.099994
516473.75	0.0999853	4653	stimuli/foods\brussel_sprouts.jpg	9	54	1	brussel_sprouts	1	35	NF_021	1	0	0		0	0	2404.435525	2404.535511	0.0999853
516511.25	0.0999965	4654	stimuli/non_foods\stim102_inanimate_furniture_bed_2.png	9	54	1	bed_2	0	20		NaN	0	0		0	0	2404.585518	2404.685515	0.0999965
516548.75	0.0999874	4655	stimuli/foods\smoked_ham.jpg	9	54	1	smoked_ham	1	266	TF_118	0	0	0		0	0	2404.735522	2404.83551	0.0999874
516586.25	0.1000192	4656	stimuli/non_foods\stim024_animate_human_baby_4.png	9	54	1	baby_4	0	13		NaN	0	0		0	0	2404.885518	2404.985537	0.1000192
516623.75	0.0999976	4657	stimuli/non_foods\stim058_animate_insect_grasshopper_2.png	9	54	1	grasshopper_2	0	144		NaN	0	0		0	0	2405.035512	2405.13551	0.0999976
516661.25	0.0999914	4658	stimuli/foods\grapes.jpg	9	54	1	grapes	1	142	NF_098	1	0	0		0	0	2405.185516	2405.285508	0.0999914
516698.75	0.0999892	4659	stimuli/foods\bagel.jpg	9	54	1	bagel	1	14	TF_005	0	0	0		0	0	2405.335516	2405.435505	0.0999892
516736.25	0.0999871	4660	stimuli/foods\raw_sausage.jpg	9	54	1	raw_sausage	1	243	TF_131	0	0	0		0	0	2405.485518	2405.585505	0.0999871
516773.75	0.0999683	4661	stimuli/foods\chocolate_pralines.jpg	9	54	1	chocolate_pralines	1	77	TF_035	0	0	0		0	0	2405.635534	2405.735503	0.0999683
516811.25	0.0999626	4662	stimuli/foods\spaghetti_with_meat_sauce.jpg	9	54	1	spaghetti_with_meat_sauce	1	275	TF_137	0	0	0		0	0	2405.785538	2405.885501	0.0999626
516848.75	0.0999947	4663	stimuli/non_foods\stim116_inanimate_furniture_sofa_4.png	9	54	1	sofa_4	0	274		NaN	0	0		0	0	2405.935505	2406.0355	0.0999947
516886.25	0.0999944	4664	stimuli/foods\salmon.jpg	9	54	1	salmon	1	256	TF_130	0	1	0		0	0	2406.085505	2406.1855	0.0999944
516923.75	0.0999897	4665	stimuli/foods\brownie.jpg	9	54	1	brownie	1	34	TF_011	0	0	0		0	0	2406.235511	2406.335501	0.0999897
516961.25	0.0999979	4666	stimuli/non_foods\stim013_animate_bird_peacock_1.png	9	54	1	peacock_1	0	219		NaN	0	1	f	0.3920832	1	2406.385499	2406.485497	0.0999979
516998.75	0.1000031	4667	stimuli/non_foods\stim083_inanimate_clothing_gloves_3.png	9	54	1	gloves_3	0	138		NaN	0	0		0	0	2406.535492	2406.635495	0.1000031
517036.25	0.0999898	4668	stimuli/foods\museli_bars.jpg	9	54	1	museli_bars	1	193	TF_008	0	0	0		0	0	2406.685506	2406.785496	0.0999898
517073.75	0.0999897	4669	stimuli/foods\baked_lamb_with_potatoes.jpg	9	54	1	baked_lamb_with_potatoes	1	17	TF_001	0	0	0		0	0	2406.835503	2406.935492	0.0999897
517111.25	0.0999994	4670	stimuli/foods\celery.jpg	9	54	1	celery	1	58	NF_092	1	0	0		0	0	2406.985504	2407.085503	0.0999994
517148.75	0.0999894	4671	stimuli/foods\cabbage.jpg	9	54	1	cabbage	1	48	NF_025	1	0	0		0	0	2407.135504	2407.235493	0.0999894
517186.25	0.0999949	4672	stimuli/non_foods\stim149_inanimate_tools_pan_1.png	9	54	1	pan_1	0	205		NaN	0	0		0	0	2407.285491	2407.385486	0.0999949
517223.75	0.1000116	4673	stimuli/non_foods\stim017_animate_bird_penguin_1.png	9	54	1	penguin_1	0	225		NaN	0	0		0	0	2407.435511	2407.535523	0.1000116
517261.25	0.0999933	4674	stimuli/non_foods\stim015_animate_bird_peacock_3.png	9	54	1	peacock_3	0	221		NaN	0	0		0	0	2407.585494	2407.685487	0.0999933
517298.75	0.0999885	4675	stimuli/foods\peas.jpg	9	54	1	peas	1	224	NF_081	1	0	0		0	0	2407.735497	2407.835486	0.0999885
517336.25	0.0999884	4676	stimuli/foods\watermelon.jpg	9	54	1	watermelon	1	309	NF_005	1	0	0		0	0	2407.885498	2407.985486	0.0999884
517373.75	0.0999917	4677	stimuli/foods\mandarin.jpg	9	54	1	mandarin	1	184	NF_052	1	0	0		0	0	2408.035492	2408.135483	0.0999917
517411.25	0.099993	4678	stimuli/non_foods\stim004_animate_bird_chicken_4.png	9	54	1	chicken_4	0	69		NaN	0	0		0	0	2408.18549	2408.285483	0.099993
517448.75	0.0999979	4679	stimuli/non_foods\stim054_animate_insect_dragonfly_2.png	9	54	1	dragonfly_2	0	107		NaN	0	0		0	0	2408.335482	2408.43548	0.0999979
517486.25	0.0999917	4680	stimuli/non_foods\stim075_animate_mammal_monkey_3.png	9	54	1	monkey_3	0	190		NaN	0	0		0	0	2408.485488	2408.585479	0.0999917
517523.75	0.0999869	4681	stimuli/foods\dates.jpg	9	54	1	dates	1	104	NF_032	1	0	0		0	0	2408.635494	2408.735481	0.0999869
517561.25	0.0999886	4682	stimuli/foods\artichoke.jpg	9	54	1	artichoke	1	7	NF_018	1	0	0		0	0	2408.785489	2408.885477	0.0999886
517598.75	0.0999993	4683	stimuli/non_foods\stim038_animate_human_sports_2.png	9	54	1	sports_2	0	279		NaN	0	0		0	0	2408.935481	2409.03548	0.0999993
517636.25	0.1000219	4684	stimuli/non_foods\stim029_animate_human_clown_1.png	9	54	1	clown_1	0	85		NaN	0	0		0	0	2409.085475	2409.185496	0.1000219
517673.75	0.0999941	4685	stimuli/non_foods\stim146_inanimate_tools_hammer_2.png	9	54	1	hammer_2	0	152		NaN	0	0		0	0	2409.235494	2409.335488	0.0999941
517711.25	0.0999897	4686	stimuli/foods\pasta_carbonara.jpg	9	54	1	pasta_carbonara	1	216	TF_027	0	0	0		0	0	2409.385486	2409.485476	0.0999897
517748.75	0.0999892	4687	stimuli/foods\strawberry.jpg	9	54	1	strawberry	1	285	NF_037	1	0	0		0	0	2409.535481	2409.63547	0.0999892
517786.25	0.0999899	4688	stimuli/foods\avocado.jpg	9	54	1	avocado	1	9	NF_012	1	0	0		0	0	2409.685479	2409.785469	0.0999899
517823.75	0.0999926	4689	stimuli/non_foods\stim034_animate_human_faces_2.png	9	54	1	faces_2	0	118		NaN	0	0		0	0	2409.835475	2409.935467	0.0999926
517861.25	0.0999891	4690	stimuli/non_foods\stim048_animate_insect_bug_4.png	9	54	1	bug_4	0	39		NaN	0	0		0	0	2409.985478	2410.085467	0.0999891
517898.75	0.0999894	4691	stimuli/foods\cream_donuts.jpg	9	54	1	cream_donuts	1	99	TF_014	0	0	0		0	0	2410.135477	2410.235466	0.0999894
517936.25	0.0999743	4692	stimuli/non_foods\stim084_inanimate_clothing_gloves_4.png	9	54	1	gloves_4	0	139		NaN	0	0		0	0	2410.28549	2410.385464	0.0999743
517973.75	0.0999959	4693	stimuli/non_foods\stim051_animate_insect_butterfly_3.png	9	54	1	butterfly_3	0	46		NaN	0	0		0	0	2410.435471	2410.535467	0.0999959
518011.25	0.0999946	4694	stimuli/foods\nougat.jpg	9	54	1	nougat	1	197	TF_144	0	0	0		0	0	2410.585476	2410.685471	0.0999946
518048.75	0.0999927	4695	stimuli/non_foods\stim078_animate_mammal_rhino_2.png	9	54	1	rhino_2	0	247		NaN	0	0		0	0	2410.735468	2410.835461	0.0999927
518086.25	0.1000286	4696	stimuli/non_foods\stim030_animate_human_clown_2.png	9	54	1	clown_2	0	86		NaN	0	0		0	0	2410.885465	2410.985494	0.1000286
518123.75	0.0999914	4697	stimuli/non_foods\stim010_animate_bird_parrot_2.png	9	54	1	parrot_2	0	213		NaN	0	0		0	0	2411.035461	2411.135452	0.0999914
518536.25	0.0999935	4698	stimuli/non_foods\stim147_inanimate_tools_hammer_3.png	9	55	1	hammer_3	0	153		NaN	0	0		0	0	2412.685455	2412.785448	0.0999935
518573.75	0.1000001	4699	stimuli/non_foods\stim065_animate_mammal_giraffe_1.png	9	55	1	giraffe_1	0	132		NaN	0	0		0	0	2412.835451	2412.935451	0.1000001
518611.25	0.0999952	4700	stimuli/non_foods\stim121_inanimate_plants_bush_1.png	9	55	1	bush_1	0	40		NaN	0	0		0	0	2412.98545	2413.085445	0.0999952
518648.75	0.0999808	4701	stimuli/non_foods\stim010_animate_bird_parrot_2.png	9	55	1	parrot_2	0	213		NaN	0	0		0	0	2413.135463	2413.235444	0.0999808
518686.25	0.0999995	4702	stimuli/foods\artichoke.jpg	9	55	1	artichoke	1	7	NF_018	1	0	0		0	0	2413.285444	2413.385443	0.0999995
518723.75	0.09999	4703	stimuli/non_foods\stim143_inanimate_tools_broom_3.png	9	55	1	broom_3	0	32		NaN	0	0		0	0	2413.435451	2413.535441	0.09999
518761.25	0.0999919	4704	stimuli/non_foods\stim063_animate_mammal_cow_3.png	9	55	1	cow_3	0	96		NaN	0	0		0	0	2413.585445	2413.685437	0.0999919
518798.75	0.0999907	4705	stimuli/foods\cinnamon_sroll.jpg	9	55	1	cinnamon_sroll	1	80	TF_021	0	0	0		0	0	2413.735449	2413.835439	0.0999907
518836.25	0.0999992	4706	stimuli/non_foods\stim101_inanimate_furniture_bed_1.png	9	55	1	bed_1	0	19		NaN	0	0		0	0	2413.88544	2413.985439	0.0999992
518873.75	0.0999793	4707	stimuli/foods\cuttlefish.jpg	9	55	1	cuttlefish	1	103	NF_093	1	0	0		0	0	2414.035449	2414.135428	0.0999793
518911.25	0.0999893	4708	stimuli/non_foods\stim134_inanimate_plants_tree_2.png	9	55	1	tree_2	0	300		NaN	0	0		0	0	2414.185458	2414.285447	0.0999893
518948.75	0.0999923	4709	stimuli/non_foods\stim115_inanimate_furniture_sofa_3.png	9	55	1	sofa_3	0	273		NaN	0	0		0	0	2414.335441	2414.435433	0.0999923
518986.25	0.0999875	4710	stimuli/non_foods\stim014_animate_bird_peacock_2.png	9	55	1	peacock_2	0	220		NaN	0	0		0	0	2414.485438	2414.585425	0.0999875
519023.75	0.1000004	4711	stimuli/non_foods\stim054_animate_insect_dragonfly_2.png	9	55	1	dragonfly_2	0	107		NaN	0	0		0	0	2414.635432	2414.735432	0.1000004
519061.25	0.0999815	4712	stimuli/foods\dried_figs.jpg	9	55	1	dried_figs	1	110	TF_054	0	0	0		0	0	2414.785446	2414.885427	0.0999815
519098.75	0.0999819	4713	stimuli/foods\pork_and_rice.jpg	9	55	1	pork_and_rice	1	233	TF_080	0	0	0		0	0	2414.935444	2415.035426	0.0999819
519136.25	0.0999892	4714	stimuli/foods\oven-roasted_tomatoes.jpg	9	55	1	oven-roasted_tomatoes	1	203	TF_114	0	0	0		0	0	2415.085438	2415.185427	0.0999892
519173.75	0.0999937	4715	stimuli/non_foods\stim073_animate_mammal_monkey_1.png	9	55	1	monkey_1	0	188		NaN	0	0		0	0	2415.235431	2415.335425	0.0999937
519211.25	0.0999902	4716	stimuli/foods\mango.jpg	9	55	1	mango	1	185	NF_054	1	0	0		0	0	2415.385435	2415.485425	0.0999902
519248.75	0.0999945	4717	stimuli/non_foods\stim093_inanimate_clothing_shirt_1.png	9	55	1	shirt_1	0	262		NaN	0	0		0	0	2415.535428	2415.635423	0.0999945
519286.25	0.0999922	4718	stimuli/non_foods\stim004_animate_bird_chicken_4.png	9	55	1	chicken_4	0	69		NaN	0	0		0	0	2415.685428	2415.785421	0.0999922
519323.75	0.1000045	4719	stimuli/non_foods\stim138_inanimate_plants_tulip_2.png	9	55	1	tulip_2	0	304		NaN	1	0		0	0	2415.835423	2415.935427	0.1000045
519361.25	0.0999504	4720	stimuli/non_foods\stim081_inanimate_clothing_gloves_1.png	9	55	1	gloves_1	0	136		NaN	0	0		0	0	2415.985469	2416.085419	0.0999504
519398.75	0.0999886	4721	stimuli/foods\red_cabbage.jpg	9	55	1	red_cabbage	1	245	NF_023	1	0	0		0	0	2416.135427	2416.235416	0.0999886
519436.25	0.0999926	4722	stimuli/non_foods\stim125_inanimate_plants_cactus_1.png	9	55	1	cactus_1	0	49		NaN	0	1	f	0.4422913	1	2416.285426	2416.385418	0.0999926
519473.75	0.0999898	4723	stimuli/foods\prawn.jpg	9	55	1	prawn	1	238	NF_041	1	0	0		0	0	2416.435426	2416.535416	0.0999898
519511.25	0.0999909	4724	stimuli/foods\lemon.jpg	9	55	1	lemon	1	175	NF_049	1	0	0		0	0	2416.585425	2416.685416	0.0999909
519548.75	0.0999933	4725	stimuli/non_foods\stim137_inanimate_plants_tulip_1.png	9	55	1	tulip_1	0	303		NaN	0	0		0	0	2416.735411	2416.835405	0.0999933
519586.25	0.0999845	4726	stimuli/foods\kiwi.jpg	9	55	1	kiwi	1	172	NF_044	1	0	0		0	0	2416.885426	2416.98541	0.0999845
519623.75	0.099999	4727	stimuli/non_foods\stim080_animate_mammal_rhino_4.png	9	55	1	rhino_4	0	249		NaN	0	0		0	0	2417.035414	2417.135413	0.099999
519661.25	0.100005	4728	stimuli/non_foods\stim031_animate_human_clown_3.png	9	55	1	clown_3	0	87		NaN	0	0		0	0	2417.185404	2417.28541	0.100005
519698.75	0.0999921	4729	stimuli/foods\linguine_with_clams.jpg	9	55	1	linguine_with_clams	1	181	TF_077	0	0	0		0	0	2417.335417	2417.435409	0.0999921
519736.25	0.099988	4730	stimuli/foods\dates.jpg	9	55	1	dates	1	104	NF_032	1	0	0		0	0	2417.48542	2417.585408	0.099988
519773.75	0.1000068	4731	stimuli/foods\egg.jpg	9	55	1	egg	1	115	NF_095	1	0	0		0	0	2417.635417	2417.735424	0.1000068
519811.25	0.0999292	4732	stimuli/foods\broccoli.jpg	9	55	1	broccoli	1	29	NF_016	1	0	0		0	0	2417.785477	2417.885406	0.0999292
519848.75	0.0999781	4733	stimuli/non_foods\stim040_animate_human_sports_4.png	9	55	1	sports_4	0	281		NaN	0	0		0	0	2417.935419	2418.035397	0.0999781
519886.25	0.0999887	4734	stimuli/foods\mortadella.jpg	9	55	1	mortadella	1	192	TF_083	0	0	0		0	0	2418.085413	2418.185402	0.0999887
519923.75	0.0999937	4735	stimuli/non_foods\stim050_animate_insect_butterfly_2.png	9	55	1	butterfly_2	0	45		NaN	0	0		0	0	2418.235408	2418.335402	0.0999937
519961.25	0.0999943	4736	stimuli/non_foods\stim056_animate_insect_dragonfly_4.png	9	55	1	dragonfly_4	0	109		NaN	0	0		0	0	2418.385404	2418.485398	0.0999943
519998.75	0.0999884	4737	stimuli/foods\raisins.jpg	9	55	1	raisins	1	241	NF_096	1	0	0		0	0	2418.535408	2418.635397	0.0999884
520036.25	0.0999951	4738	stimuli/non_foods\stim149_inanimate_tools_pan_1.png	9	55	1	pan_1	0	205		NaN	0	0		0	0	2418.685403	2418.785398	0.0999951
520073.75	0.099982	4739	stimuli/non_foods\stim068_animate_mammal_giraffe_4.png	9	55	1	giraffe_4	0	135		NaN	0	0		0	0	2418.835413	2418.935395	0.099982
520111.25	0.0999964	4740	stimuli/non_foods\stim146_inanimate_tools_hammer_2.png	9	55	1	hammer_2	0	152		NaN	0	0		0	0	2418.985398	2419.085395	0.0999964
520148.75	0.0999959	4741	stimuli/non_foods\stim013_animate_bird_peacock_1.png	9	55	1	peacock_1	0	219		NaN	0	0		0	0	2419.135397	2419.235393	0.0999959
520186.25	0.0999878	4742	stimuli/foods\cinnamon.jpg	9	55	1	cinnamon	1	79	NF_017	1	0	0		0	0	2419.285402	2419.38539	0.0999878
520223.75	0.1000205	4743	stimuli/non_foods\stim141_inanimate_tools_broom_1.png	9	55	1	broom_1	0	30		NaN	0	0		0	0	2419.435397	2419.535417	0.1000205
520261.25	0.0999905	4744	stimuli/foods\rice_cake.jpg	9	55	1	rice_cake	1	251	TF_059	0	0	0		0	0	2419.585398	2419.685388	0.0999905
520298.75	0.0999889	4745	stimuli/foods\smoked_ham.jpg	9	55	1	smoked_ham	1	266	TF_118	0	0	0		0	0	2419.7354	2419.835389	0.0999889
520336.25	0.0999913	4746	stimuli/foods\strawberry.jpg	9	55	1	strawberry	1	285	NF_037	1	0	0		0	0	2419.885396	2419.985388	0.0999913
520373.75	0.0999888	4747	stimuli/foods\chestnut.jpg	9	55	1	chestnut	1	65	NF_020	1	0	0		0	0	2420.035397	2420.135386	0.0999888
520411.25	0.099999	4748	stimuli/non_foods\stim030_animate_human_clown_2.png	9	55	1	clown_2	0	86		NaN	0	0		0	0	2420.185389	2420.285388	0.099999
520448.75	0.0999831	4749	stimuli/foods\mussels.jpg	9	55	1	mussels	1	195	TF_042	0	0	0		0	0	2420.335399	2420.435382	0.0999831
520486.25	0.0999956	4750	stimuli/non_foods\stim003_animate_bird_chicken_3.png	9	55	1	chicken_3	0	68		NaN	0	0		0	0	2420.485388	2420.585384	0.0999956
520523.75	0.0999978	4751	stimuli/non_foods\stim124_inanimate_plants_bush_4.png	9	55	1	bush_4	0	43		NaN	0	0		0	0	2420.635384	2420.735381	0.0999978
520561.25	0.0999973	4752	stimuli/non_foods\stim145_inanimate_tools_hammer_1.png	9	55	1	hammer_1	0	151		NaN	0	0		0	0	2420.785383	2420.88538	0.0999973
520598.75	0.0999857	4753	stimuli/foods\blue_cheese.jpg	9	55	1	blue_cheese	1	25	TF_066	0	0	0		0	0	2420.935393	2421.035379	0.0999857
520636.25	0.0999994	4754	stimuli/non_foods\stim148_inanimate_tools_hammer_4.png	9	55	1	hammer_4	0	154		NaN	0	0		0	0	2421.085379	2421.185379	0.0999994
520673.75	0.09999	4755	stimuli/non_foods\stim095_inanimate_clothing_shirt_3.png	9	55	1	shirt_3	0	264		NaN	0	0		0	0	2421.235395	2421.335385	0.09999
520711.25	0.0999833	4756	stimuli/foods\corncob.jpg	9	55	1	corncob	1	93	NF_051	1	0	0		0	0	2421.385387	2421.48537	0.0999833
520748.75	0.0999999	4757	stimuli/non_foods\stim160_inanimate_tools_wrench_4.png	9	55	1	wrench_4	0	313		NaN	0	0		0	0	2421.535374	2421.635374	0.0999999
520786.25	0.0999858	4758	stimuli/foods\nectarine.jpg	9	55	1	nectarine	1	196	NF_078	1	0	0		0	0	2421.685387	2421.785373	0.0999858
520823.75	0.0999912	4759	stimuli/foods\roasted_chicken.jpg	9	55	1	roasted_chicken	1	253	TF_109	0	0	0		0	0	2421.83538	2421.935372	0.0999912
520861.25	0.0999873	4760	stimuli/foods\almonds.jpg	9	55	1	almonds	1	0	NF_053	1	0	0		0	0	2421.985382	2422.08537	0.0999873
520898.75	0.0999942	4761	stimuli/non_foods\stim092_inanimate_clothing_jeans_4.png	9	55	1	jeans_4	0	167		NaN	0	0		0	0	2422.135376	2422.23537	0.0999942
520936.25	0.1000055	4762	stimuli/foods\red_beans.jpg	9	55	1	red_beans	1	244	NF_033	1	0	0		0	0	2422.285379	2422.385384	0.1000055
520973.75	0.0999972	4763	stimuli/foods\salmon.jpg	9	55	1	salmon	1	256	TF_130	0	0	0		0	0	2422.435372	2422.535369	0.0999972
521011.25	0.0999882	4764	stimuli/foods\oregano.jpg	9	55	1	oregano	1	202	NF_066	1	0	0		0	0	2422.585374	2422.685362	0.0999882
521048.75	0.099996	4765	stimuli/non_foods\stim060_animate_insect_grasshopper_4.png	9	55	1	grasshopper_4	0	146		NaN	0	0		0	0	2422.735368	2422.835364	0.099996
521086.25	0.0999928	4766	stimuli/foods\donut.jpg	9	55	1	donut	1	105	TF_032	0	0	0		0	0	2422.885373	2422.985365	0.0999928
521123.75	0.0999707	4767	stimuli/non_foods\stim048_animate_insect_bug_4.png	9	55	1	bug_4	0	39		NaN	1	0		0	0	2423.035389	2423.135359	0.0999707
521161.25	0.0999913	4768	stimuli/foods\gnocchi.jpg	9	55	1	gnocchi	1	140	TF_064	0	0	0		0	0	2423.185372	2423.285363	0.0999913
521198.75	0.0999862	4769	stimuli/foods\fruit_flan.jpg	9	55	1	fruit_flan	1	127	TF_093	0	0	0		0	0	2423.335371	2423.435357	0.0999862
521236.25	0.0999913	4770	stimuli/foods\garlic.jpg	9	55	1	garlic	1	130	NF_001	1	0	1	f	0.4422661	1	2423.485367	2423.585358	0.0999913
521273.75	0.0999996	4771	stimuli/non_foods\stim035_animate_human_faces_3.png	9	55	1	faces_3	0	119		NaN	0	0		0	0	2423.635358	2423.735357	0.0999996
521311.25	0.0999894	4772	stimuli/foods\pumpkin.jpg	9	55	1	pumpkin	1	239	NF_101	1	0	0		0	0	2423.785366	2423.885356	0.0999894
521348.75	0.0999941	4773	stimuli/foods\hazelnuts.jpg	9	55	1	hazelnuts	1	159	NF_065	1	0	0		0	0	2423.935363	2424.035357	0.0999941
521386.25	0.0999937	4774	stimuli/non_foods\stim058_animate_insect_grasshopper_2.png	9	55	1	grasshopper_2	0	144		NaN	0	0		0	0	2424.085357	2424.185351	0.0999937
521423.75	0.0999893	4775	stimuli/foods\swordfish.jpg	9	55	1	swordfish	1	290	TF_101	0	0	0		0	0	2424.235362	2424.335352	0.0999893
521461.25	0.0999921	4776	stimuli/foods\museli_bars.jpg	9	55	1	museli_bars	1	193	TF_008	0	0	0		0	0	2424.385362	2424.485354	0.0999921
521498.75	0.0999879	4777	stimuli/foods\lollies.jpg	9	55	1	lollies	1	183	TF_026	0	0	0		0	0	2424.53536	2424.635348	0.0999879
521536.25	0.0999858	4778	stimuli/non_foods\stim017_animate_bird_penguin_1.png	9	55	1	penguin_1	0	225		NaN	0	0		0	0	2424.685352	2424.785338	0.0999858
521573.75	0.0999372	4779	stimuli/foods\cabbage.jpg	9	55	1	cabbage	1	48	NF_025	1	0	0		0	0	2424.835378	2424.935315	0.0999372
521611.25	0.0999901	4780	stimuli/foods\pomegranate.jpg	9	55	1	pomegranate	1	232	NF_058	1	0	0		0	0	2424.985357	2425.085347	0.0999901
521648.75	0.0999894	4781	stimuli/non_foods\stim011_animate_bird_parrot_3.png	9	55	1	parrot_3	0	214		NaN	0	0		0	0	2425.135355	2425.235345	0.0999894
521686.25	0.0999883	4782	stimuli/foods\celery.jpg	9	55	1	celery	1	58	NF_092	1	0	0		0	0	2425.285352	2425.38534	0.0999883
521723.75	0.0999961	4783	stimuli/non_foods\stim088_inanimate_clothing_hat_4.png	9	55	1	hat_4	0	158		NaN	0	0		0	0	2425.435347	2425.535343	0.0999961
521761.25	0.0999874	4784	stimuli/foods\lime.jpg	9	55	1	lime	1	180	NF_048	1	0	0		0	0	2425.585351	2425.685338	0.0999874
521798.75	0.0999902	4785	stimuli/foods\stew_with_potatoes_and_carrots.jpg	9	55	1	stew_with_potatoes_and_carrots	1	284	TF_139	0	0	0		0	0	2425.735349	2425.835339	0.0999902
521836.25	0.099993	4786	stimuli/non_foods\stim034_animate_human_faces_2.png	9	55	1	faces_2	0	118		NaN	0	0		0	0	2425.885347	2425.98534	0.099993
521873.75	0.09999	4787	stimuli/foods\ice_cream_sandwich.jpg	9	55	1	ice_cream_sandwich	1	163	TF_061	0	0	0		0	0	2426.035346	2426.135336	0.09999
521911.25	0.0999947	4788	stimuli/non_foods\stim158_inanimate_tools_wrench_2.png	9	55	1	wrench_2	0	311		NaN	1	0		0	0	2426.185341	2426.285336	0.0999947
521948.75	0.0999891	4789	stimuli/foods\cupcake.jpg	9	55	1	cupcake	1	102	TF_050	0	0	0		0	0	2426.335346	2426.435335	0.0999891
521986.25	0.1000087	4790	stimuli/non_foods\stim072_animate_mammal_kangaroo_4.png	9	55	1	kangaroo_4	0	171		NaN	0	0		0	0	2426.485337	2426.585346	0.1000087
522023.75	0.099969	4791	stimuli/non_foods\stim108_inanimate_furniture_chair_4.png	9	55	1	chair_4	0	63		NaN	0	1	f	0.456171	1	2426.635367	2426.735336	0.099969
522061.25	0.0999792	4792	stimuli/foods\cauliflower.jpg	9	55	1	cauliflower	1	57	NF_022	1	0	0		0	0	2426.785343	2426.885323	0.0999792
522098.75	0.0999849	4793	stimuli/foods\croissant.jpg	9	55	1	croissant	1	100	TF_037	0	0	0		0	0	2426.935337	2427.035322	0.0999849
522136.25	0.0999881	4794	stimuli/foods\brussel_sprouts.jpg	9	55	1	brussel_sprouts	1	35	NF_021	1	0	0		0	0	2427.085338	2427.185326	0.0999881
522173.75	0.0999931	4795	stimuli/non_foods\stim008_animate_bird_duck_4.png	9	55	1	duck_4	0	114		NaN	0	0		0	0	2427.235332	2427.335325	0.0999931
522211.25	0.0999939	4796	stimuli/foods\salami.jpg	9	55	1	salami	1	255	TF_127	0	0	0		0	0	2427.385337	2427.485331	0.0999939
522248.75	0.0999921	4797	stimuli/foods\beetroots.jpg	9	55	1	beetroots	1	23	NF_015	1	0	0		0	0	2427.535332	2427.635324	0.0999921
522286.25	0.099974	4798	stimuli/non_foods\stim129_inanimate_plants_sunflower_1.png	9	55	1	sunflower_1	0	286		NaN	0	0		0	0	2427.685349	2427.785323	0.099974
522323.75	0.0999786	4799	stimuli/non_foods\stim152_inanimate_tools_pan_4.png	9	55	1	pan_4	0	208		NaN	0	0		0	0	2427.835332	2427.935311	0.0999786
522361.25	0.0999895	4800	stimuli/foods\grapes.jpg	9	55	1	grapes	1	142	NF_098	1	0	0		0	0	2427.985333	2428.085323	0.0999895
522398.75	0.0999939	4801	stimuli/non_foods\stim112_inanimate_furniture_closet_4.png	9	55	1	closet_4	0	84		NaN	0	0		0	0	2428.135328	2428.235322	0.0999939
522436.25	0.1000119	4802	stimuli/non_foods\stim123_inanimate_plants_bush_3.png	9	55	1	bush_3	0	42		NaN	0	0		0	0	2428.285328	2428.38534	0.1000119
522473.75	0.0999932	4803	stimuli/foods\fennel.jpg	9	55	1	fennel	1	121	NF_036	1	0	0		0	0	2428.435333	2428.535326	0.0999932
522511.25	0.0999883	4804	stimuli/foods\blackberry.jpg	9	55	1	blackberry	1	24	NF_063	1	0	0		0	0	2428.585327	2428.685316	0.0999883
522548.75	0.0999952	4805	stimuli/non_foods\stim066_animate_mammal_giraffe_2.png	9	55	1	giraffe_2	0	133		NaN	0	0		0	0	2428.73532	2428.835315	0.0999952
522586.25	0.0999909	4806	stimuli/foods\lemon_meringue_pie.jpg	9	55	1	lemon_meringue_pie	1	176	TF_151	0	0	0		0	0	2428.885325	2428.985315	0.0999909
522623.75	0.0999917	4807	stimuli/foods\frankfurters.jpg	9	55	1	frankfurters	1	123	TF_156	0	0	0		0	0	2429.035324	2429.135316	0.0999917
522661.25	0.0999888	4808	stimuli/foods\tomato.jpg	9	55	1	tomato	1	298	NF_084	1	0	0		0	0	2429.185321	2429.28531	0.0999888
522698.75	0.0999894	4809	stimuli/foods\peas.jpg	9	55	1	peas	1	224	NF_081	1	0	0		0	0	2429.33532	2429.435309	0.0999894
522736.25	0.099996	4810	stimuli/non_foods\stim052_animate_insect_butterfly_4.png	9	55	1	butterfly_4	0	47		NaN	0	0		0	0	2429.485309	2429.585305	0.099996
522773.75	0.0999933	4811	stimuli/non_foods\stim156_inanimate_tools_scissors_4.png	9	55	1	scissors_4	0	261		NaN	0	0		0	0	2429.635307	2429.735301	0.0999933
522811.25	0.0999906	4812	stimuli/foods\apple.jpg	9	55	1	apple	1	5	NF_055	1	0	0		0	0	2429.78531	2429.8853	0.0999906
522848.75	0.1000028	4813	stimuli/non_foods\stim026_animate_human_child_2.png	9	55	1	child_2	0	71		NaN	0	0		0	0	2429.935294	2430.035297	0.1000028
522886.25	0.1000062	4814	stimuli/non_foods\stim067_animate_mammal_giraffe_3.png	9	55	1	giraffe_3	0	134		NaN	0	0		0	0	2430.085301	2430.185307	0.1000062
522923.75	0.0999909	4815	stimuli/non_foods\stim091_inanimate_clothing_jeans_3.png	9	55	1	jeans_3	0	166		NaN	0	0		0	0	2430.23531	2430.335301	0.0999909
522961.25	0.0999907	4816	stimuli/non_foods\stim102_inanimate_furniture_bed_2.png	9	55	1	bed_2	0	20		NaN	0	0		0	0	2430.385308	2430.485298	0.0999907
522998.75	0.0999812	4817	stimuli/foods\fruit_pie.jpg	9	55	1	fruit_pie	1	128	TF_147	0	0	0		0	0	2430.53531	2430.635292	0.0999812
523036.25	0.0999876	4818	stimuli/non_foods\stim098_inanimate_clothing_socks_2.png	9	55	1	socks_2	0	268		NaN	0	0		0	0	2430.68531	2430.785298	0.0999876
523073.75	0.099984	4819	stimuli/non_foods\stim127_inanimate_plants_cactus_3.png	9	55	1	cactus_3	0	51		NaN	0	0		0	0	2430.835304	2430.935288	0.099984
523111.25	0.0999982	4820	stimuli/foods\rockmelon.jpg	9	55	1	rockmelon	1	254	NF_060	1	0	0		0	0	2430.985301	2431.0853	0.0999982
523148.75	0.0999929	4821	stimuli/non_foods\stim009_animate_bird_parrot_1.png	9	55	1	parrot_1	0	212		NaN	0	0		0	0	2431.135301	2431.235294	0.0999929
523186.25	0.0999905	4822	stimuli/foods\cucumber.jpg	9	55	1	cucumber	1	101	NF_026	1	0	0		0	0	2431.285304	2431.385294	0.0999905
523223.75	0.0999953	4823	stimuli/non_foods\stim024_animate_human_baby_4.png	9	55	1	baby_4	0	13		NaN	0	0		0	0	2431.435298	2431.535293	0.0999953
523261.25	0.0999893	4824	stimuli/non_foods\stim110_inanimate_furniture_closet_2.png	9	55	1	closet_2	0	82		NaN	0	0		0	0	2431.585301	2431.685291	0.0999893
523298.75	0.0999919	4825	stimuli/foods\raw_sausage.jpg	9	55	1	raw_sausage	1	243	TF_131	0	0	0		0	0	2431.735302	2431.835294	0.0999919
523336.25	0.1000038	4826	stimuli/foods\waffle.jpg	9	55	1	waffle	1	308	TF_030	0	0	0		0	0	2431.885288	2431.985292	0.1000038
523373.75	0.0999957	4827	stimuli/foods\toast.jpg	9	55	1	toast	1	296	TF_053	0	0	0		0	0	2432.035297	2432.135292	0.0999957
523411.25	0.0999877	4828	stimuli/foods\spaghetti_with_olives_and_capers.jpg	9	55	1	spaghetti_with_olives_and_capers	1	276	TF_135	0	0	0		0	0	2432.185299	2432.285287	0.0999877
523448.75	0.0999905	4829	stimuli/non_foods\stim126_inanimate_plants_cactus_2.png	9	55	1	cactus_2	0	50		NaN	0	0		0	0	2432.335292	2432.435283	0.0999905
523486.25	0.0999948	4830	stimuli/foods\cereal.jpg	9	55	1	cereal	1	59	TF_028	0	0	0		0	0	2432.485294	2432.585289	0.0999948
523523.75	0.0999869	4831	stimuli/foods\omelette.jpg	9	55	1	omelette	1	199	TF_057	0	0	0		0	0	2432.635295	2432.735282	0.0999869
523561.25	0.0999951	4832	stimuli/non_foods\stim002_animate_bird_chicken_2.png	9	55	1	chicken_2	0	67		NaN	0	0		0	0	2432.785287	2432.885282	0.0999951
523598.75	0.0999752	4833	stimuli/foods\watermelon.jpg	9	55	1	watermelon	1	309	NF_005	1	0	0		0	0	2432.935318	2433.035294	0.0999752
523636.25	0.0999889	4834	stimuli/non_foods\stim096_inanimate_clothing_shirt_4.png	9	55	1	shirt_4	0	265		NaN	0	0		0	0	2433.085291	2433.185279	0.0999889
523673.75	0.100002	4835	stimuli/non_foods\stim032_animate_human_clown_4.png	9	55	1	clown_4	0	88		NaN	0	0		0	0	2433.235283	2433.335285	0.100002
523711.25	0.0999932	4836	stimuli/foods\avocado.jpg	9	55	1	avocado	1	9	NF_012	1	0	0		0	0	2433.385287	2433.48528	0.0999932
523748.75	0.099986	4837	stimuli/foods\spaghetti_with_meat_sauce.jpg	9	55	1	spaghetti_with_meat_sauce	1	275	TF_137	0	0	0		0	0	2433.535288	2433.635274	0.099986
523786.25	0.0999694	4838	stimuli/foods\asparagus.jpg	9	55	1	asparagus	1	8	NF_010	1	0	0		0	0	2433.685307	2433.785276	0.0999694
523823.75	0.0999888	4839	stimuli/non_foods\stim136_inanimate_plants_tree_4.png	9	55	1	tree_4	0	302		NaN	0	0		0	0	2433.835281	2433.93527	0.0999888
523861.25	0.0999868	4840	stimuli/foods\bagel.jpg	9	55	1	bagel	1	14	TF_005	0	0	0		0	0	2433.985285	2434.085272	0.0999868
523898.75	0.0999947	4841	stimuli/non_foods\stim047_animate_insect_bug_3.png	9	55	1	bug_3	0	38		NaN	0	0		0	0	2434.135277	2434.235272	0.0999947
523936.25	0.099997	4842	stimuli/non_foods\stim025_animate_human_child_1.png	9	55	1	child_1	0	70		NaN	0	0		0	0	2434.285273	2434.38527	0.099997
523973.75	0.0999727	4843	stimuli/foods\potato_chips.jpg	9	55	1	potato_chips	1	236	TF_097	0	1	0		0	0	2434.435294	2434.535266	0.0999727
524011.25	0.0999836	4844	stimuli/non_foods\stim046_animate_insect_bug_2.png	9	55	1	bug_2	0	37		NaN	0	0		0	0	2434.585286	2434.68527	0.0999836
524048.75	0.0999974	4845	stimuli/foods\lettuce.jpg	9	55	1	lettuce	1	178	NF_046	1	0	0		0	0	2434.735268	2434.835265	0.0999974
524086.25	0.0999696	4846	stimuli/foods\octopus.jpg	9	55	1	octopus	1	198	TF_113	0	0	1	f	0.5421032	1	2434.885281	2434.985251	0.0999696
524123.75	0.0999871	4847	stimuli/foods\chocolate_pralines.jpg	9	55	1	chocolate_pralines	1	77	TF_035	0	0	0		0	0	2435.035267	2435.135254	0.0999871
524161.25	0.0999862	4848	stimuli/foods\chocolate_chip_cookies.jpg	9	55	1	chocolate_chip_cookies	1	76	TF_010	0	0	0		0	0	2435.185268	2435.285254	0.0999862
524198.75	0.0999953	4849	stimuli/non_foods\stim015_animate_bird_peacock_3.png	9	55	1	peacock_3	0	221		NaN	0	0		0	0	2435.335264	2435.43526	0.0999953
524236.25	0.0999812	4850	stimuli/foods\cannoli.jpg	9	55	1	cannoli	1	54	TF_022	0	0	0		0	0	2435.485274	2435.585255	0.0999812
524273.75	0.0999968	4851	stimuli/foods\spring_onions.jpg	9	55	1	spring_onions	1	282	NF_086	1	0	0		0	0	2435.635263	2435.735259	0.0999968
524311.25	0.1000083	4852	stimuli/foods\lobster.jpg	9	55	1	lobster	1	182	NF_007	1	0	0		0	0	2435.785248	2435.885256	0.1000083
524348.75	0.0999971	4853	stimuli/non_foods\stim071_animate_mammal_kangaroo_3.png	9	55	1	kangaroo_3	0	170		NaN	0	0		0	0	2435.935257	2436.035254	0.0999971
524386.25	0.1000244	4854	stimuli/non_foods\stim076_animate_mammal_monkey_4.png	9	55	1	monkey_4	0	191		NaN	0	0		0	0	2436.085259	2436.185284	0.1000244
527528	0.0999819	4855	stimuli/foods\cream_donuts.jpg	9	56	1	cream_donuts	1	99	TF_014	0	0	0		0	0	2448.651839	2448.751821	0.0999819
527565.5	0.0999959	4856	stimuli/non_foods\stim086_inanimate_clothing_hat_2.png	9	56	1	hat_2	0	156		NaN	0	0		0	0	2448.801822	2448.901818	0.0999959
527603	0.0999954	4857	stimuli/foods\green_beans.jpg	9	56	1	green_beans	1	147	NF_034	1	0	0		0	0	2448.951823	2449.051819	0.0999954
527640.5	0.0999885	4858	stimuli/foods\figs.jpg	9	56	1	figs	1	122	NF_035	1	0	0		0	0	2449.101827	2449.201816	0.0999885
527678	0.0999916	4859	stimuli/non_foods\stim007_animate_bird_duck_3.png	9	56	1	duck_3	0	113		NaN	0	0		0	0	2449.25182	2449.351811	0.0999916
527715.5	0.0999894	4860	stimuli/foods\steak.jpg	9	56	1	steak	1	283	TF_013	0	0	0		0	0	2449.401826	2449.501815	0.0999894
527753	0.0999968	4861	stimuli/non_foods\stim037_animate_human_sports_1.png	9	56	1	sports_1	0	278		NaN	0	0		0	0	2449.551815	2449.651812	0.0999968
527790.5	0.1000226	4862	stimuli/foods\mandarin.jpg	9	56	1	mandarin	1	184	NF_052	1	0	0		0	0	2449.701807	2449.80183	0.1000226
527828	0.0999843	4863	stimuli/foods\baked_cod_with_carrots_and_green_beans.jpg	9	56	1	baked_cod_with_carrots_and_green_beans	1	16	TF_082	0	0	0		0	0	2449.851823	2449.951808	0.0999843
527865.5	0.0999892	4864	stimuli/foods\pineapple.jpg	9	56	1	pineapple	1	231	NF_004	1	0	0		0	0	2450.001819	2450.101808	0.0999892
527903	0.0999918	4865	stimuli/non_foods\stim029_animate_human_clown_1.png	9	56	1	clown_1	0	85		NaN	0	0		0	0	2450.151811	2450.251803	0.0999918
527940.5	0.0999879	4866	stimuli/foods\baked_lamb_with_potatoes.jpg	9	56	1	baked_lamb_with_potatoes	1	17	TF_001	0	0	0		0	0	2450.301817	2450.401805	0.0999879
527978	0.0999908	4867	stimuli/foods\lasagna.jpg	9	56	1	lasagna	1	174	TF_076	0	0	0		0	0	2450.451815	2450.551806	0.0999908
528015.5	0.0999944	4868	stimuli/non_foods\stim114_inanimate_furniture_sofa_2.png	9	56	1	sofa_2	0	272		NaN	0	0		0	0	2450.601809	2450.701803	0.0999944
528053	0.1000092	4869	stimuli/non_foods\stim012_animate_bird_parrot_4.png	9	56	1	parrot_4	0	215		NaN	0	0		0	0	2450.751807	2450.851816	0.1000092
528090.5	0.0999892	4870	stimuli/foods\minestrone_soup.jpg	9	56	1	minestrone_soup	1	187	TF_160	0	0	0		0	0	2450.901813	2451.001803	0.0999892
528128	0.0999405	4871	stimuli/foods\bread.jpg	9	56	1	bread	1	26	TF_089	0	0	0		0	0	2451.051852	2451.151792	0.0999405
528165.5	0.1000138	4872	stimuli/non_foods\stim082_inanimate_clothing_gloves_2.png	9	56	1	gloves_2	0	137		NaN	0	0		0	0	2451.201799	2451.301813	0.1000138
528203	0.0999799	4873	stimuli/non_foods\stim122_inanimate_plants_bush_2.png	9	56	1	bush_2	0	41		NaN	0	0		0	0	2451.351796	2451.451776	0.0999799
528240.5	0.099966	4874	stimuli/foods\radish.jpg	9	56	1	radish	1	240	NF_090	1	0	0		0	0	2451.501829	2451.601795	0.099966
528278	0.0999761	4875	stimuli/non_foods\stim150_inanimate_tools_pan_2.png	9	56	1	pan_2	0	206		NaN	0	0		0	0	2451.651819	2451.751795	0.0999761
528315.5	0.0999971	4876	stimuli/non_foods\stim053_animate_insect_dragonfly_1.png	9	56	1	dragonfly_1	0	106		NaN	0	0		0	0	2451.801797	2451.901794	0.0999971
528353	0.0999943	4877	stimuli/foods\carrot.jpg	9	56	1	carrot	1	56	NF_019	1	0	0		0	0	2451.9518	2452.051795	0.0999943
528390.5	0.0999983	4878	stimuli/non_foods\stim041_animate_insect_ant_1.png	9	56	1	ant_1	0	1		NaN	0	0		0	0	2452.101794	2452.201793	0.0999983
528428	0.0999945	4879	stimuli/non_foods\stim079_animate_mammal_rhino_3.png	9	56	1	rhino_3	0	248		NaN	0	0		0	0	2452.251796	2452.35179	0.0999945
528465.5	0.0999971	4880	stimuli/non_foods\stim016_animate_bird_peacock_4.png	9	56	1	peacock_4	0	222		NaN	0	0		0	0	2452.401792	2452.501789	0.0999971
528503	0.0999965	4881	stimuli/non_foods\stim153_inanimate_tools_scissors_1.png	9	56	1	scissors_1	0	258		NaN	0	0		0	0	2452.551788	2452.651785	0.0999965
528540.5	0.0999894	4882	stimuli/foods\spinach.jpg	9	56	1	spinach	1	277	NF_094	1	0	0		0	0	2452.7018	2452.801789	0.0999894
528578	0.0999959	4883	stimuli/non_foods\stim157_inanimate_tools_wrench_1.png	9	56	1	wrench_1	0	310		NaN	0	0		0	0	2452.851788	2452.951784	0.0999959
528615.5	0.099995	4884	stimuli/non_foods\stim105_inanimate_furniture_chair_1.png	9	56	1	chair_1	0	60		NaN	0	0		0	0	2453.001787	2453.101782	0.099995
528653	0.0999792	4885	stimuli/foods\lamb_chops.jpg	9	56	1	lamb_chops	1	173	TF_040	0	0	0		0	0	2453.151791	2453.25177	0.0999792
528690.5	0.0999471	4886	stimuli/non_foods\stim097_inanimate_clothing_socks_1.png	9	56	1	socks_1	0	267		NaN	0	0		0	0	2453.301832	2453.401779	0.0999471
528728	0.1	4887	stimuli/non_foods\stim144_inanimate_tools_broom_4.png	9	56	1	broom_4	0	33		NaN	0	0		0	0	2453.451778	2453.551778	0.1
528765.5	0.0999924	4888	stimuli/non_foods\stim042_animate_insect_ant_2.png	9	56	1	ant_2	0	2		NaN	0	0		0	0	2453.601783	2453.701775	0.0999924
528803	0.0999939	4889	stimuli/non_foods\stim128_inanimate_plants_cactus_4.png	9	56	1	cactus_4	0	52		NaN	0	0		0	0	2453.751782	2453.851776	0.0999939
528840.5	0.0999977	4890	stimuli/non_foods\stim036_animate_human_faces_4.png	9	56	1	faces_4	0	120		NaN	0	0		0	0	2453.901781	2454.001779	0.0999977
528878	0.0999856	4891	stimuli/foods\chilli.jpg	9	56	1	chilli	1	74	NF_073	1	0	0		0	0	2454.051788	2454.151773	0.0999856
528915.5	0.0999915	4892	stimuli/foods\coffee_beans.jpg	9	56	1	coffee_beans	1	90	TF_029	0	0	0		0	0	2454.201782	2454.301774	0.0999915
528953	0.0999985	4893	stimuli/non_foods\stim087_inanimate_clothing_hat_3.png	9	56	1	hat_3	0	157		NaN	0	0		0	0	2454.351775	2454.451774	0.0999985
528990.5	0.099985	4894	stimuli/foods\apricot.jpg	9	56	1	apricot	1	6	NF_002	1	0	0		0	0	2454.501783	2454.601768	0.099985
529028	0.1000024	4895	stimuli/non_foods\stim118_inanimate_furniture_table_2.png	9	56	1	table_2	0	292		NaN	0	0		0	0	2454.651772	2454.751775	0.1000024
529065.5	0.0999894	4896	stimuli/foods\onion.jpg	9	56	1	onion	1	200	NF_029	1	0	0		0	0	2454.801782	2454.901771	0.0999894
529103	0.1000006	4897	stimuli/non_foods\stim051_animate_insect_butterfly_3.png	9	56	1	butterfly_3	0	46		NaN	0	0		0	0	2454.95179	2455.05179	0.1000006
529140.5	0.0999673	4898	stimuli/foods\ice_cream.jpg	9	56	1	ice_cream	1	162	TF_062	0	0	0		0	0	2455.101801	2455.201768	0.0999673
529178	0.0999932	4899	stimuli/non_foods\stim133_inanimate_plants_tree_1.png	9	56	1	tree_1	0	299		NaN	0	0		0	0	2455.251771	2455.351764	0.0999932
529215.5	0.099981	4900	stimuli/foods\nougat.jpg	9	56	1	nougat	1	197	TF_144	0	0	0		0	0	2455.401775	2455.501756	0.099981
529253	0.0999981	4901	stimuli/non_foods\stim103_inanimate_furniture_bed_3.png	9	56	1	bed_3	0	21		NaN	0	0		0	0	2455.551768	2455.651766	0.0999981
529290.5	0.0999942	4902	stimuli/non_foods\stim111_inanimate_furniture_closet_3.png	9	56	1	closet_3	0	83		NaN	0	0		0	0	2455.701768	2455.801762	0.0999942
529328	0.0999898	4903	stimuli/foods\potato_and_green_bean_salad.jpg	9	56	1	potato_and_green_bean_salad	1	235	TF_072	0	0	0		0	0	2455.851771	2455.95176	0.0999898
529365.5	0.0999988	4904	stimuli/non_foods\stim154_inanimate_tools_scissors_2.png	9	56	1	scissors_2	0	259		NaN	1	0		0	0	2456.001759	2456.101758	0.0999988
529403	0.099974	4905	stimuli/foods\calamari.jpg	9	56	1	calamari	1	53	TF_019	0	0	0		0	0	2456.151785	2456.251759	0.099974
529440.5	0.0999885	4906	stimuli/foods\brownie.jpg	9	56	1	brownie	1	34	TF_011	0	0	0		0	0	2456.301769	2456.401758	0.0999885
529478	0.0999951	4907	stimuli/non_foods\stim119_inanimate_furniture_table_3.png	9	56	1	table_3	0	293		NaN	0	1	f	0.4422962	1	2456.451759	2456.551755	0.0999951
529515.5	0.0999921	4908	stimuli/foods\fried_zucchini.jpg	9	56	1	fried_zucchini	1	125	TF_159	0	0	0		0	0	2456.601762	2456.701754	0.0999921
529553	0.1000072	4909	stimuli/foods\orange.jpg	9	56	1	orange	1	201	NF_008	1	0	0		0	0	2456.751768	2456.851776	0.1000072
529590.5	0.0999849	4910	stimuli/non_foods\stim131_inanimate_plants_sunflower_3.png	9	56	1	sunflower_3	0	288		NaN	0	0		0	0	2456.901759	2457.001744	0.0999849
529628	0.0999956	4911	stimuli/non_foods\stim019_animate_bird_penguin_3.png	9	56	1	penguin_3	0	227		NaN	0	0		0	0	2457.051745	2457.15174	0.0999956
529665.5	0.1000062	4912	stimuli/non_foods\stim139_inanimate_plants_tulip_3.png	9	56	1	tulip_3	0	305		NaN	0	0		0	0	2457.201744	2457.30175	0.1000062
529703	0.1000073	4913	stimuli/foods\pancakes.jpg	9	56	1	pancakes	1	209	TF_058	0	0	0		0	0	2457.351729	2457.451737	0.1000073
529740.5	0.1000038	4914	stimuli/non_foods\stim113_inanimate_furniture_sofa_1.png	9	56	1	sofa_1	0	271		NaN	0	0		0	0	2457.501744	2457.601748	0.1000038
529778	0.0999983	4915	stimuli/non_foods\stim074_animate_mammal_monkey_2.png	9	56	1	monkey_2	0	189		NaN	0	0		0	0	2457.65175	2457.751748	0.0999983
529815.5	0.0999993	4916	stimuli/non_foods\stim028_animate_human_child_4.png	9	56	1	child_4	0	73		NaN	0	0		0	0	2457.801745	2457.901745	0.0999993
529853	0.0999878	4917	stimuli/foods\grapefruits.jpg	9	56	1	grapefruits	1	141	NF_085	1	0	0		0	0	2457.951753	2458.051741	0.0999878
529890.5	0.0999866	4918	stimuli/foods\cooked_prawn.jpg	9	56	1	cooked_prawn	1	92	TF_060	0	0	0		0	0	2458.101754	2458.20174	0.0999866
529928	0.0999912	4919	stimuli/foods\cooked_ham.jpg	9	56	1	cooked_ham	1	91	TF_116	0	0	0		0	0	2458.251751	2458.351743	0.0999912
529965.5	0.0999828	4920	stimuli/foods\ginger_root.jpg	9	56	1	ginger_root	1	131	NF_088	1	0	0		0	0	2458.401753	2458.501736	0.0999828
530003	0.1000368	4921	stimuli/non_foods\stim117_inanimate_furniture_table_1.png	9	56	1	table_1	0	291		NaN	0	0		0	0	2458.551744	2458.651781	0.1000368
530040.5	0.099987	4922	stimuli/foods\rice.jpg	9	56	1	rice	1	250	TF_121	0	0	0		0	0	2458.701749	2458.801736	0.099987
530078	0.0999906	4923	stimuli/foods\fries.jpg	9	56	1	fries	1	126	TF_094	0	0	0		0	0	2458.851744	2458.951735	0.0999906
530115.5	0.0999977	4924	stimuli/non_foods\stim061_animate_mammal_cow_1.png	9	56	1	cow_1	0	94		NaN	0	0		0	0	2459.001738	2459.101736	0.0999977
530153	0.0999977	4925	stimuli/non_foods\stim057_animate_insect_grasshopper_1.png	9	56	1	grasshopper_1	0	143		NaN	0	0		0	0	2459.151739	2459.251736	0.0999977
530190.5	0.099988	4926	stimuli/foods\risotto_with_peas_and_asparagus_tips.jpg	9	56	1	risotto_with_peas_and_asparagus_tips	1	252	TF_123	0	0	0		0	0	2459.301743	2459.401731	0.099988
530228	0.0999873	4927	stimuli/foods\hotdog.jpg	9	56	1	hotdog	1	161	TF_070	0	0	0		0	0	2459.451743	2459.55173	0.0999873
530265.5	0.1000134	4928	stimuli/non_foods\stim094_inanimate_clothing_shirt_2.png	9	56	1	shirt_2	0	263		NaN	0	0		0	0	2459.601737	2459.701751	0.1000134
530303	0.099994	4929	stimuli/non_foods\stim020_animate_bird_penguin_4.png	9	56	1	penguin_4	0	228		NaN	0	0		0	0	2459.751735	2459.851729	0.099994
530340.5	0.0999994	4930	stimuli/non_foods\stim021_animate_human_baby_1.png	9	56	1	baby_1	0	10		NaN	0	0		0	0	2459.901731	2460.001731	0.0999994
530378	0.0999897	4931	stimuli/foods\pickles.jpg	9	56	1	pickles	1	230	TF_134	0	0	0		0	0	2460.051735	2460.151725	0.0999897
530415.5	0.0999936	4932	stimuli/foods\licorice.jpg	9	56	1	licorice	1	179	TF_078	0	0	0		0	0	2460.201736	2460.301729	0.0999936
530453	0.1000013	4933	stimuli/foods\cherry.jpg	9	56	1	cherry	1	64	NF_027	1	0	0		0	0	2460.351723	2460.451724	0.1000013
530490.5	0.0999855	4934	stimuli/foods\brie.jpg	9	56	1	brie	1	28	TF_016	0	0	0		0	0	2460.501731	2460.601717	0.0999855
530528	0.1000071	4935	stimuli/non_foods\stim142_inanimate_tools_broom_2.png	9	56	1	broom_2	0	31		NaN	0	0		0	0	2460.651724	2460.751731	0.1000071
530565.5	0.0999832	4936	stimuli/non_foods\stim106_inanimate_furniture_chair_2.png	9	56	1	chair_2	0	61		NaN	0	0		0	0	2460.801728	2460.901711	0.0999832
530603	0.0999884	4937	stimuli/foods\hamburger.jpg	9	56	1	hamburger	1	150	TF_069	0	0	0		0	0	2460.951731	2461.051719	0.0999884
530640.5	0.0999924	4938	stimuli/non_foods\stim120_inanimate_furniture_table_4.png	9	56	1	table_4	0	294		NaN	0	0		0	0	2461.101725	2461.201717	0.0999924
530678	0.0999899	4939	stimuli/foods\papaya.jpg	9	56	1	papaya	1	210	NF_069	1	0	0		0	0	2461.251727	2461.351717	0.0999899
530715.5	0.0999972	4940	stimuli/non_foods\stim006_animate_bird_duck_2.png	9	56	1	duck_2	0	112		NaN	0	0		0	0	2461.40172	2461.501717	0.0999972
530753	0.0999961	4941	stimuli/non_foods\stim022_animate_human_baby_2.png	9	56	1	baby_2	0	11		NaN	0	0		0	0	2461.551719	2461.651715	0.0999961
530790.5	0.0999964	4942	stimuli/non_foods\stim135_inanimate_plants_tree_3.png	9	56	1	tree_3	0	301		NaN	0	0		0	0	2461.701717	2461.801714	0.0999964
530828	0.0999962	4943	stimuli/non_foods\stim055_animate_insect_dragonfly_3.png	9	56	1	dragonfly_3	0	108		NaN	0	0		0	0	2461.851717	2461.951713	0.0999962
530865.5	0.1000036	4944	stimuli/foods\potatoes.jpg	9	56	1	potatoes	1	237	NF_071	1	0	0		0	0	2462.00172	2462.101723	0.1000036
530903	0.0999761	4945	stimuli/non_foods\stim130_inanimate_plants_sunflower_2.png	9	56	1	sunflower_2	0	287		NaN	0	0		0	0	2462.151733	2462.251709	0.0999761
530940.5	0.0999883	4946	stimuli/foods\taco.jpg	9	56	1	taco	1	295	TF_141	0	0	0		0	0	2462.301717	2462.401705	0.0999883
530978	0.0999884	4947	stimuli/foods\pork_loin_with_peas.jpg	9	56	1	pork_loin_with_peas	1	234	TF_003	0	0	0		0	0	2462.451717	2462.551706	0.0999884
531015.5	0.0999939	4948	stimuli/non_foods\stim018_animate_bird_penguin_2.png	9	56	1	penguin_2	0	226		NaN	0	0		0	0	2462.601713	2462.701707	0.0999939
531053	0.0999902	4949	stimuli/foods\eggplant.jpg	9	56	1	eggplant	1	116	NF_059	1	0	0		0	0	2462.751714	2462.851704	0.0999902
531090.5	0.1000008	4950	stimuli/foods\grilled_chicken_breast.jpg	9	56	1	grilled_chicken_breast	1	149	TF_104	0	0	0		0	0	2462.901715	2463.001715	0.1000008
531128	0.0999856	4951	stimuli/non_foods\stim100_inanimate_clothing_socks_4.png	9	56	1	socks_4	0	270		NaN	0	0		0	0	2463.051709	2463.151694	0.0999856
531165.5	0.1000189	4952	stimuli/non_foods\stim043_animate_insect_ant_3.png	9	56	1	ant_3	0	3		NaN	0	0		0	0	2463.201697	2463.301716	0.1000189
531203	0.0999886	4953	stimuli/foods\pear.jpg	9	56	1	pear	1	223	NF_077	1	0	0		0	0	2463.351708	2463.451697	0.0999886
531240.5	0.0999923	4954	stimuli/non_foods\stim033_animate_human_faces_1.png	9	56	1	faces_1	0	117		NaN	0	0		0	0	2463.501704	2463.601697	0.0999923
531278	0.0999948	4955	stimuli/non_foods\stim070_animate_mammal_kangaroo_2.png	9	56	1	kangaroo_2	0	169		NaN	0	0		0	0	2463.651702	2463.751697	0.0999948
531315.5	0.0999897	4956	stimuli/non_foods\stim023_animate_human_baby_3.png	9	56	1	baby_3	0	12		NaN	0	0		0	0	2463.801701	2463.901691	0.0999897
531353	0.0999739	4957	stimuli/non_foods\stim069_animate_mammal_kangaroo_1.png	9	56	1	kangaroo_1	0	168		NaN	0	0		0	0	2463.951718	2464.051692	0.0999739
531390.5	0.1000036	4958	stimuli/non_foods\stim078_animate_mammal_rhino_2.png	9	56	1	rhino_2	0	247		NaN	0	0		0	0	2464.101689	2464.201693	0.1000036
531428	0.0999864	4959	stimuli/foods\banana.jpg	9	56	1	banana	1	18	NF_013	1	0	0		0	0	2464.251705	2464.351691	0.0999864
531465.5	0.0999896	4960	stimuli/foods\green_olives.jpg	9	56	1	green_olives	1	148	TF_085	0	0	0		0	0	2464.401701	2464.501691	0.0999896
531503	0.0999958	4961	stimuli/non_foods\stim090_inanimate_clothing_jeans_2.png	9	56	1	jeans_2	0	165		NaN	0	0		0	0	2464.551694	2464.65169	0.0999958
531540.5	0.0999956	4962	stimuli/non_foods\stim151_inanimate_tools_pan_3.png	9	56	1	pan_3	0	207		NaN	0	0		0	0	2464.701692	2464.801688	0.0999956
531578	0.0999996	4963	stimuli/non_foods\stim005_animate_bird_duck_1.png	9	56	1	duck_1	0	111		NaN	0	0		0	0	2464.851691	2464.951691	0.0999996
531615.5	0.0999874	4964	stimuli/non_foods\stim085_inanimate_clothing_hat_1.png	9	56	1	hat_1	0	155		NaN	0	0		0	0	2465.001691	2465.101678	0.0999874
531653	0.0999933	4965	stimuli/non_foods\stim104_inanimate_furniture_bed_4.png	9	56	1	bed_4	0	22		NaN	0	0		0	0	2465.15169	2465.251684	0.0999933
531690.5	0.0999926	4966	stimuli/foods\pasta_carbonara.jpg	9	56	1	pasta_carbonara	1	216	TF_027	0	0	0		0	0	2465.301691	2465.401684	0.0999926
531728	0.0999867	4967	stimuli/foods\capsicum.jpg	9	56	1	capsicum	1	55	NF_076	1	0	0		0	0	2465.451694	2465.55168	0.0999867
531765.5	0.1000152	4968	stimuli/foods\lentils.jpg	9	56	1	lentils	1	177	NF_047	1	0	0		0	0	2465.601685	2465.7017	0.1000152
531803	0.0999577	4969	stimuli/non_foods\stim109_inanimate_furniture_closet_1.png	9	56	1	closet_1	0	81		NaN	0	0		0	0	2465.751724	2465.851682	0.0999577
531840.5	0.0999698	4970	stimuli/foods\chocolate_pudding.jpg	9	56	1	chocolate_pudding	1	78	TF_018	0	0	0		0	0	2465.9017	2466.00167	0.0999698
531878	0.0999991	4971	stimuli/foods\honey.jpg	9	56	1	honey	1	160	NF_062	1	0	0		0	0	2466.051681	2466.151681	0.0999991
531915.5	0.1000172	4972	stimuli/non_foods\stim116_inanimate_furniture_sofa_4.png	9	56	1	sofa_4	0	274		NaN	0	0		0	0	2466.201673	2466.30169	0.1000172
531953	0.0999882	4973	stimuli/non_foods\stim038_animate_human_sports_2.png	9	56	1	sports_2	0	279		NaN	1	0		0	0	2466.351668	2466.451656	0.0999882
531990.5	0.1000187	4974	stimuli/non_foods\stim064_animate_mammal_cow_4.png	9	56	1	cow_4	0	97		NaN	0	0		0	0	2466.501655	2466.601674	0.1000187
532028	0.0999963	4975	stimuli/non_foods\stim044_animate_insect_ant_4.png	9	56	1	ant_4	0	4		NaN	0	1	f	0.4001896	1	2466.651678	2466.751674	0.0999963
532065.5	0.0999792	4976	stimuli/foods\meatballs.jpg	9	56	1	meatballs	1	186	TF_112	0	0	0		0	0	2466.801692	2466.901671	0.0999792
532103	0.0999883	4977	stimuli/foods\chocolate_bar.jpg	9	56	1	chocolate_bar	1	75	TF_033	0	0	0		0	0	2466.951681	2467.051669	0.0999883
532140.5	0.0999943	4978	stimuli/non_foods\stim062_animate_mammal_cow_2.png	9	56	1	cow_2	0	95		NaN	0	0		0	0	2467.101674	2467.201668	0.0999943
532178	0.0999909	4979	stimuli/foods\peach.jpg	9	56	1	peach	1	218	NF_079	1	0	0		0	0	2467.251678	2467.351669	0.0999909
532215.5	0.1000267	4980	stimuli/non_foods\stim045_animate_insect_bug_1.png	9	56	1	bug_1	0	36		NaN	0	0		0	0	2467.401675	2467.501702	0.1000267
532253	0.0999922	4981	stimuli/non_foods\stim075_animate_mammal_monkey_3.png	9	56	1	monkey_3	0	190		NaN	0	0		0	0	2467.551673	2467.651665	0.0999922
532290.5	0.0999884	4982	stimuli/foods\pea_pod.jpg	9	56	1	pea_pod	1	217	NF_082	1	0	0		0	0	2467.701674	2467.801663	0.0999884
532328	0.0999861	4983	stimuli/foods\fruit_salad.jpg	9	56	1	fruit_salad	1	129	NF_043	1	0	0		0	0	2467.851677	2467.951663	0.0999861
532365.5	0.0999858	4984	stimuli/foods\fried_calamari.jpg	9	56	1	fried_calamari	1	124	TF_020	0	0	0		0	0	2468.001673	2468.101659	0.0999858
532403	0.0999907	4985	stimuli/non_foods\stim027_animate_human_child_3.png	9	56	1	child_3	0	72		NaN	0	0		0	0	2468.151666	2468.251657	0.0999907
532440.5	0.0999939	4986	stimuli/non_foods\stim159_inanimate_tools_wrench_3.png	9	56	1	wrench_3	0	312		NaN	0	0		0	0	2468.301659	2468.401653	0.0999939
532478	0.1000229	4987	stimuli/non_foods\stim089_inanimate_clothing_jeans_1.png	9	56	1	jeans_1	0	164		NaN	0	0		0	0	2468.451635	2468.551658	0.1000229
532515.5	0.0999884	4988	stimuli/foods\savory_pie.jpg	9	56	1	savory_pie	1	257	TF_146	0	0	0		0	0	2468.601666	2468.701654	0.0999884
532553	0.1000117	4989	stimuli/foods\toasted_bread_with_tomatoes.jpg	9	56	1	toasted_bread_with_tomatoes	1	297	TF_017	0	0	0		0	0	2468.751663	2468.851675	0.1000117
532590.5	0.0999913	4990	stimuli/foods\baguette.jpg	9	56	1	baguette	1	15	TF_006	0	0	0		0	0	2468.901666	2469.001657	0.0999913
532628	0.1000034	4991	stimuli/non_foods\stim099_inanimate_clothing_socks_3.png	9	56	1	socks_3	0	269		NaN	0	0		0	0	2469.051648	2469.151651	0.1000034
532665.5	0.0999982	4992	stimuli/foods\raw_ham.jpg	9	56	1	raw_ham	1	242	TF_117	0	0	0		0	0	2469.201662	2469.30166	0.0999982
532703	0.0999898	4993	stimuli/foods\pepperoni_pizza.jpg	9	56	1	pepperoni_pizza	1	229	TF_106	0	0	0		0	0	2469.35166	2469.45165	0.0999898
532740.5	0.0999949	4994	stimuli/non_foods\stim084_inanimate_clothing_gloves_4.png	9	56	1	gloves_4	0	139		NaN	0	0		0	0	2469.501655	2469.601649	0.0999949
532778	0.0999999	4995	stimuli/non_foods\stim155_inanimate_tools_scissors_3.png	9	56	1	scissors_3	0	260		NaN	0	0		0	0	2469.651651	2469.751651	0.0999999
532815.5	0.0999906	4996	stimuli/non_foods\stim049_animate_insect_butterfly_1.png	9	56	1	butterfly_1	0	44		NaN	0	0		0	0	2469.801655	2469.901645	0.0999906
532853	0.09999	4997	stimuli/foods\mushroom.jpg	9	56	1	mushroom	1	194	NF_039	1	0	0		0	0	2469.951654	2470.051644	0.09999
532890.5	0.0999981	4998	stimuli/non_foods\stim059_animate_insect_grasshopper_3.png	9	56	1	grasshopper_3	0	145		NaN	0	0		0	0	2470.101647	2470.201646	0.0999981
532928	0.1000093	4999	stimuli/foods\wafer.jpg	9	56	1	wafer	1	307	TF_155	0	0	0		0	0	2470.251652	2470.351662	0.1000093
532965.5	0.0999898	5000	stimuli/foods\oyster.jpg	9	56	1	oyster	1	204	NF_067	1	0	0		0	0	2470.401655	2470.501644	0.0999898
533003	0.0999902	5001	stimuli/non_foods\stim077_animate_mammal_rhino_1.png	9	56	1	rhino_1	0	246		NaN	0	0		0	0	2470.551648	2470.651638	0.0999902
533040.5	0.099997	5002	stimuli/non_foods\stim001_animate_bird_chicken_1.png	9	56	1	chicken_1	0	66		NaN	0	0		0	0	2470.701642	2470.801639	0.099997
533078	0.0999894	5003	stimuli/foods\coconut.jpg	9	56	1	coconut	1	89	NF_030	1	0	0		0	0	2470.851651	2470.95164	0.0999894
533115.5	0.09996	5004	stimuli/foods\bread_roll.jpg	9	56	1	bread_roll	1	27	TF_090	0	0	0		0	0	2471.001678	2471.101638	0.09996
533153	0.099993	5005	stimuli/foods\cracker.jpg	9	56	1	cracker	1	98	TF_043	0	0	0		0	0	2471.151646	2471.251639	0.099993
533190.5	0.0999942	5006	stimuli/non_foods\stim039_animate_human_sports_3.png	9	56	1	sports_3	0	280		NaN	0	0		0	0	2471.301639	2471.401633	0.0999942
533228	0.0999956	5007	stimuli/non_foods\stim083_inanimate_clothing_gloves_3.png	9	56	1	gloves_3	0	138		NaN	0	0		0	0	2471.451639	2471.551635	0.0999956
533265.5	0.0999768	5008	stimuli/foods\parmesan_cheese.jpg	9	56	1	parmesan_cheese	1	211	TF_091	0	0	0		0	0	2471.601654	2471.701631	0.0999768
533303	0.0999942	5009	stimuli/non_foods\stim107_inanimate_furniture_chair_3.png	9	56	1	chair_3	0	62		NaN	0	0		0	0	2471.751636	2471.851631	0.0999942
533340.5	0.0999842	5010	stimuli/non_foods\stim140_inanimate_plants_tulip_4.png	9	56	1	tulip_4	0	306		NaN	0	0		0	0	2471.901647	2472.001632	0.0999842
533378	0.1000154	5011	stimuli/non_foods\stim132_inanimate_plants_sunflower_4.png	9	56	1	sunflower_4	0	289		NaN	0	0		0	0	2472.051635	2472.15165	0.1000154
533807	0.1000038	5012	stimuli/foods\lollies.jpg	9	57	1	lollies	1	183	TF_026	0	0	0		0	0	2473.768294	2473.868297	0.1000038
533844.5	0.0999964	5013	stimuli/foods\raw_sausage.jpg	9	57	1	raw_sausage	1	243	TF_131	0	0	0		0	0	2473.918281	2474.018277	0.0999964
533882	0.1000004	5014	stimuli/non_foods\stim026_animate_human_child_2.png	9	57	1	child_2	0	71		NaN	0	0		0	0	2474.06827	2474.16827	0.1000004
533919.5	0.0999939	5015	stimuli/non_foods\stim079_animate_mammal_rhino_3.png	9	57	1	rhino_3	0	248		NaN	0	0		0	0	2474.218284	2474.318277	0.0999939
533957	0.0999918	5016	stimuli/foods\capsicum.jpg	9	57	1	capsicum	1	55	NF_076	1	0	0		0	0	2474.368287	2474.468279	0.0999918
533994.5	0.0999891	5017	stimuli/non_foods\stim120_inanimate_furniture_table_4.png	9	57	1	table_4	0	294		NaN	0	0		0	0	2474.518281	2474.61827	0.0999891
534032	0.1000058	5018	stimuli/non_foods\stim130_inanimate_plants_sunflower_2.png	9	57	1	sunflower_2	0	287		NaN	0	0		0	0	2474.668275	2474.768281	0.1000058
534069.5	0.0999813	5019	stimuli/non_foods\stim029_animate_human_clown_1.png	9	57	1	clown_1	0	85		NaN	0	0		0	0	2474.818271	2474.918252	0.0999813
534107	0.0999902	5020	stimuli/foods\blue_cheese.jpg	9	57	1	blue_cheese	1	25	TF_066	0	0	0		0	0	2474.968281	2475.068271	0.0999902
534144.5	0.0999909	5021	stimuli/foods\lemon_meringue_pie.jpg	9	57	1	lemon_meringue_pie	1	176	TF_151	0	0	0		0	0	2475.11828	2475.218271	0.0999909
534182	0.0999942	5022	stimuli/non_foods\stim145_inanimate_tools_hammer_1.png	9	57	1	hammer_1	0	151		NaN	0	0		0	0	2475.268274	2475.368268	0.0999942
534219.5	0.0999719	5023	stimuli/foods\honey.jpg	9	57	1	honey	1	160	NF_062	1	0	0		0	0	2475.41827	2475.518242	0.0999719
534257	0.0999963	5024	stimuli/non_foods\stim151_inanimate_tools_pan_3.png	9	57	1	pan_3	0	207		NaN	0	0		0	0	2475.568273	2475.668269	0.0999963
534294.5	0.0999716	5025	stimuli/non_foods\stim113_inanimate_furniture_sofa_1.png	9	57	1	sofa_1	0	271		NaN	0	0		0	0	2475.718265	2475.818236	0.0999716
534332	0.0999725	5026	stimuli/non_foods\stim152_inanimate_tools_pan_4.png	9	57	1	pan_4	0	208		NaN	0	0		0	0	2475.868291	2475.968263	0.0999725
534369.5	0.1000067	5027	stimuli/non_foods\stim139_inanimate_plants_tulip_3.png	9	57	1	tulip_3	0	305		NaN	0	0		0	0	2476.018256	2476.118263	0.1000067
534407	0.0999957	5028	stimuli/non_foods\stim036_animate_human_faces_4.png	9	57	1	faces_4	0	120		NaN	0	0		0	0	2476.168265	2476.268261	0.0999957
534444.5	0.0999872	5029	stimuli/foods\parmesan_cheese.jpg	9	57	1	parmesan_cheese	1	211	TF_091	0	0	0		0	0	2476.318271	2476.418258	0.0999872
534482	0.0999821	5030	stimuli/non_foods\stim140_inanimate_plants_tulip_4.png	9	57	1	tulip_4	0	306		NaN	0	0		0	0	2476.468265	2476.568247	0.0999821
534519.5	0.0999861	5031	stimuli/foods\spinach.jpg	9	57	1	spinach	1	277	NF_094	1	0	0		0	0	2476.618269	2476.718256	0.0999861
534557	0.1000454	5032	stimuli/foods\fruit_pie.jpg	9	57	1	fruit_pie	1	128	TF_147	0	0	0		0	0	2476.76829	2476.868336	0.1000454
534594.5	0.0999869	5033	stimuli/non_foods\stim146_inanimate_tools_hammer_2.png	9	57	1	hammer_2	0	152		NaN	0	0		0	0	2476.918261	2477.018248	0.0999869
534632	0.1000026	5034	stimuli/non_foods\stim091_inanimate_clothing_jeans_3.png	9	57	1	jeans_3	0	166		NaN	0	0		0	0	2477.068255	2477.168257	0.1000026
534669.5	0.0999934	5035	stimuli/non_foods\stim006_animate_bird_duck_2.png	9	57	1	duck_2	0	112		NaN	0	0		0	0	2477.218258	2477.318251	0.0999934
534707	0.0999939	5036	stimuli/non_foods\stim016_animate_bird_peacock_4.png	9	57	1	peacock_4	0	222		NaN	0	0		0	0	2477.368251	2477.468245	0.0999939
534744.5	0.1000016	5037	stimuli/foods\steak.jpg	9	57	1	steak	1	283	TF_013	0	0	0		0	0	2477.518255	2477.618257	0.1000016
534782	0.100004	5038	stimuli/non_foods\stim111_inanimate_furniture_closet_3.png	9	57	1	closet_3	0	83		NaN	0	0		0	0	2477.668245	2477.768249	0.100004
534819.5	0.1000003	5039	stimuli/non_foods\stim093_inanimate_clothing_shirt_1.png	9	57	1	shirt_1	0	262		NaN	0	0		0	0	2477.818256	2477.918257	0.1000003
534857	0.0999973	5040	stimuli/non_foods\stim064_animate_mammal_cow_4.png	9	57	1	cow_4	0	97		NaN	1	0		0	0	2477.968248	2478.068245	0.0999973
534894.5	0.1000038	5041	stimuli/non_foods\stim076_animate_mammal_monkey_4.png	9	57	1	monkey_4	0	191		NaN	0	0		0	0	2478.118245	2478.218249	0.1000038
534932	0.0999944	5042	stimuli/non_foods\stim052_animate_insect_butterfly_4.png	9	57	1	butterfly_4	0	47		NaN	0	1	f	0.3920992	1	2478.268251	2478.368246	0.0999944
534969.5	0.0999908	5043	stimuli/foods\green_olives.jpg	9	57	1	green_olives	1	148	TF_085	0	0	0		0	0	2478.418253	2478.518244	0.0999908
535007	0.0999917	5044	stimuli/foods\coconut.jpg	9	57	1	coconut	1	89	NF_030	1	0	0		0	0	2478.568256	2478.668247	0.0999917
535044.5	0.0999902	5045	stimuli/non_foods\stim023_animate_human_baby_3.png	9	57	1	baby_3	0	12		NaN	0	0		0	0	2478.718249	2478.818239	0.0999902
535082	0.0999993	5046	stimuli/non_foods\stim061_animate_mammal_cow_1.png	9	57	1	cow_1	0	94		NaN	0	0		0	0	2478.868243	2478.968243	0.0999993
535119.5	0.0999938	5047	stimuli/foods\rockmelon.jpg	9	57	1	rockmelon	1	254	NF_060	1	0	0		0	0	2479.018247	2479.118241	0.0999938
535157	0.0999752	5048	stimuli/non_foods\stim002_animate_bird_chicken_2.png	9	57	1	chicken_2	0	67		NaN	0	0		0	0	2479.168236	2479.268211	0.0999752
535194.5	0.0999993	5049	stimuli/non_foods\stim142_inanimate_tools_broom_2.png	9	57	1	broom_2	0	31		NaN	0	0		0	0	2479.31824	2479.418239	0.0999993
535232	0.0999873	5050	stimuli/foods\brownie.jpg	9	57	1	brownie	1	34	TF_011	0	0	0		0	0	2479.468248	2479.568235	0.0999873
535269.5	0.0999923	5051	stimuli/foods\mandarin.jpg	9	57	1	mandarin	1	184	NF_052	1	0	0		0	0	2479.618242	2479.718234	0.0999923
535307	0.0999838	5052	stimuli/foods\watermelon.jpg	9	57	1	watermelon	1	309	NF_005	1	0	0		0	0	2479.768243	2479.868227	0.0999838
535344.5	0.1000011	5053	stimuli/foods\smoked_ham.jpg	9	57	1	smoked_ham	1	266	TF_118	0	0	0		0	0	2479.918235	2480.018236	0.1000011
535382	0.099989	5054	stimuli/foods\gnocchi.jpg	9	57	1	gnocchi	1	140	TF_064	0	0	0		0	0	2480.068244	2480.168233	0.099989
535419.5	0.0999907	5055	stimuli/non_foods\stim154_inanimate_tools_scissors_2.png	9	57	1	scissors_2	0	259		NaN	0	0		0	0	2480.218233	2480.318224	0.0999907
535457	0.099982	5056	stimuli/foods\toasted_bread_with_tomatoes.jpg	9	57	1	toasted_bread_with_tomatoes	1	297	TF_017	0	0	0		0	0	2480.368237	2480.468219	0.099982
535494.5	0.0999914	5057	stimuli/foods\fried_calamari.jpg	9	57	1	fried_calamari	1	124	TF_020	0	0	0		0	0	2480.518232	2480.618223	0.0999914
535532	0.0999855	5058	stimuli/foods\apricot.jpg	9	57	1	apricot	1	6	NF_002	1	0	0		0	0	2480.668228	2480.768214	0.0999855
535569.5	0.0999943	5059	stimuli/non_foods\stim085_inanimate_clothing_hat_1.png	9	57	1	hat_1	0	155		NaN	0	0		0	0	2480.818222	2480.918216	0.0999943
535607	0.0999953	5060	stimuli/non_foods\stim018_animate_bird_penguin_2.png	9	57	1	penguin_2	0	226		NaN	0	0		0	0	2480.96822	2481.068215	0.0999953
535644.5	0.0999652	5061	stimuli/foods\baked_cod_with_carrots_and_green_beans.jpg	9	57	1	baked_cod_with_carrots_and_green_beans	1	16	TF_082	0	0	0		0	0	2481.118225	2481.21819	0.0999652
535682	0.0999996	5062	stimuli/non_foods\stim105_inanimate_furniture_chair_1.png	9	57	1	chair_1	0	60		NaN	0	0		0	0	2481.268226	2481.368225	0.0999996
535719.5	0.099985	5063	stimuli/foods\brussel_sprouts.jpg	9	57	1	brussel_sprouts	1	35	NF_021	1	0	0		0	0	2481.418231	2481.518216	0.099985
535757	0.0999838	5064	stimuli/foods\baked_lamb_with_potatoes.jpg	9	57	1	baked_lamb_with_potatoes	1	17	TF_001	0	0	0		0	0	2481.568231	2481.668215	0.0999838
535794.5	0.0999975	5065	stimuli/foods\toast.jpg	9	57	1	toast	1	296	TF_053	0	0	0		0	0	2481.718221	2481.818219	0.0999975
535832	0.1000091	5066	stimuli/non_foods\stim003_animate_bird_chicken_3.png	9	57	1	chicken_3	0	68		NaN	0	0		0	0	2481.868206	2481.968215	0.1000091
535869.5	0.0999947	5067	stimuli/non_foods\stim007_animate_bird_duck_3.png	9	57	1	duck_3	0	113		NaN	0	0		0	0	2482.018218	2482.118213	0.0999947
535907	0.1000024	5068	stimuli/foods\savory_pie.jpg	9	57	1	savory_pie	1	257	TF_146	0	0	0		0	0	2482.168223	2482.268225	0.1000024
535944.5	0.0999819	5069	stimuli/non_foods\stim072_animate_mammal_kangaroo_4.png	9	57	1	kangaroo_4	0	171		NaN	0	0		0	0	2482.318219	2482.418201	0.0999819
535982	0.099995	5070	stimuli/foods\frankfurters.jpg	9	57	1	frankfurters	1	123	TF_156	0	0	0		0	0	2482.46821	2482.568205	0.099995
536019.5	0.1000069	5071	stimuli/non_foods\stim015_animate_bird_peacock_3.png	9	57	1	peacock_3	0	221		NaN	0	0		0	0	2482.618202	2482.718209	0.1000069
536057	0.0999933	5072	stimuli/foods\potatoes.jpg	9	57	1	potatoes	1	237	NF_071	1	0	0		0	0	2482.76822	2482.868213	0.0999933
536094.5	0.0999985	5073	stimuli/foods\meatballs.jpg	9	57	1	meatballs	1	186	TF_112	0	0	0		0	0	2482.91822	2483.018218	0.0999985
536132	0.0999857	5074	stimuli/non_foods\stim098_inanimate_clothing_socks_2.png	9	57	1	socks_2	0	268		NaN	0	0		0	0	2483.068212	2483.168198	0.0999857
536169.5	0.099985	5075	stimuli/non_foods\stim012_animate_bird_parrot_4.png	9	57	1	parrot_4	0	215		NaN	0	0		0	0	2483.218209	2483.318194	0.099985
536207	0.1000086	5076	stimuli/non_foods\stim124_inanimate_plants_bush_4.png	9	57	1	bush_4	0	43		NaN	0	0		0	0	2483.368197	2483.468206	0.1000086
536244.5	0.0999832	5077	stimuli/foods\beetroots.jpg	9	57	1	beetroots	1	23	NF_015	1	0	0		0	0	2483.518214	2483.618198	0.0999832
536282	0.0999856	5078	stimuli/foods\brie.jpg	9	57	1	brie	1	28	TF_016	0	0	0		0	0	2483.668206	2483.768191	0.0999856
536319.5	0.0999797	5079	stimuli/non_foods\stim126_inanimate_plants_cactus_2.png	9	57	1	cactus_2	0	50		NaN	0	0		0	0	2483.818197	2483.918177	0.0999797
536357	0.0999852	5080	stimuli/non_foods\stim082_inanimate_clothing_gloves_2.png	9	57	1	gloves_2	0	137		NaN	0	0		0	0	2483.968202	2484.068187	0.0999852
536394.5	0.0999959	5081	stimuli/non_foods\stim060_animate_insect_grasshopper_4.png	9	57	1	grasshopper_4	0	146		NaN	0	0		0	0	2484.118201	2484.218197	0.0999959
536432	0.0999949	5082	stimuli/non_foods\stim087_inanimate_clothing_hat_3.png	9	57	1	hat_3	0	157		NaN	0	0		0	0	2484.268202	2484.368197	0.0999949
536469.5	0.0999863	5083	stimuli/foods\nougat.jpg	9	57	1	nougat	1	197	TF_144	0	0	0		0	0	2484.4182	2484.518187	0.0999863
536507	0.099991	5084	stimuli/foods\pumpkin.jpg	9	57	1	pumpkin	1	239	NF_101	1	0	0		0	0	2484.568195	2484.668186	0.099991
536544.5	0.0999857	5085	stimuli/foods\lobster.jpg	9	57	1	lobster	1	182	NF_007	1	0	0		0	0	2484.718197	2484.818183	0.0999857
536582	0.0999934	5086	stimuli/non_foods\stim129_inanimate_plants_sunflower_1.png	9	57	1	sunflower_1	0	286		NaN	0	0		0	0	2484.868189	2484.968182	0.0999934
536619.5	0.0999775	5087	stimuli/foods\chocolate_chip_cookies.jpg	9	57	1	chocolate_chip_cookies	1	76	TF_010	0	0	0		0	0	2485.018203	2485.11818	0.0999775
536657	0.099969	5088	stimuli/foods\pork_loin_with_peas.jpg	9	57	1	pork_loin_with_peas	1	234	TF_003	0	0	0		0	0	2485.168211	2485.26818	0.099969
536694.5	0.1000038	5089	stimuli/non_foods\stim137_inanimate_plants_tulip_1.png	9	57	1	tulip_1	0	303		NaN	0	0		0	0	2485.318184	2485.418187	0.1000038
536732	0.0999727	5090	stimuli/non_foods\stim118_inanimate_furniture_table_2.png	9	57	1	table_2	0	292		NaN	0	0		0	0	2485.468192	2485.568164	0.0999727
536769.5	0.1000002	5091	stimuli/foods\radish.jpg	9	57	1	radish	1	240	NF_090	1	0	0		0	0	2485.618198	2485.718198	0.1000002
536807	0.0999906	5092	stimuli/foods\rice.jpg	9	57	1	rice	1	250	TF_121	0	0	0		0	0	2485.768194	2485.868185	0.0999906
536844.5	0.099998	5093	stimuli/foods\minestrone_soup.jpg	9	57	1	minestrone_soup	1	187	TF_160	0	0	0		0	0	2485.918186	2486.018184	0.099998
536882	0.099982	5094	stimuli/non_foods\stim040_animate_human_sports_4.png	9	57	1	sports_4	0	281		NaN	0	0		0	0	2486.068186	2486.168168	0.099982
536919.5	0.0999985	5095	stimuli/foods\ice_cream.jpg	9	57	1	ice_cream	1	162	TF_062	0	0	0		0	0	2486.218182	2486.318181	0.0999985
536957	0.0999871	5096	stimuli/foods\pear.jpg	9	57	1	pear	1	223	NF_077	1	0	0		0	0	2486.368187	2486.468174	0.0999871
536994.5	0.100005	5097	stimuli/non_foods\stim041_animate_insect_ant_1.png	9	57	1	ant_1	0	1		NaN	0	0		0	0	2486.518174	2486.618179	0.100005
537032	0.100028	5098	stimuli/non_foods\stim101_inanimate_furniture_bed_1.png	9	57	1	bed_1	0	19		NaN	0	0		0	0	2486.668151	2486.768179	0.100028
537069.5	0.1000082	5099	stimuli/non_foods\stim031_animate_human_clown_3.png	9	57	1	clown_3	0	87		NaN	0	0		0	0	2486.818171	2486.918179	0.1000082
537107	0.0999843	5100	stimuli/foods\bagel.jpg	9	57	1	bagel	1	14	TF_005	0	0	0		0	0	2486.968184	2487.068168	0.0999843
537144.5	0.0999939	5101	stimuli/non_foods\stim033_animate_human_faces_1.png	9	57	1	faces_1	0	117		NaN	0	0		0	0	2487.11818	2487.218174	0.0999939
537182	0.099967	5102	stimuli/foods\fruit_salad.jpg	9	57	1	fruit_salad	1	129	NF_043	1	0	0		0	0	2487.26818	2487.368147	0.099967
537219.5	0.0999866	5103	stimuli/foods\grapefruits.jpg	9	57	1	grapefruits	1	141	NF_085	1	0	0		0	0	2487.418183	2487.51817	0.0999866
537257	0.0999879	5104	stimuli/foods\linguine_with_clams.jpg	9	57	1	linguine_with_clams	1	181	TF_077	0	0	0		0	0	2487.568179	2487.668167	0.0999879
537294.5	0.0999938	5105	stimuli/non_foods\stim150_inanimate_tools_pan_2.png	9	57	1	pan_2	0	206		NaN	0	0		0	0	2487.718174	2487.818167	0.0999938
537332	0.1000093	5106	stimuli/non_foods\stim071_animate_mammal_kangaroo_3.png	9	57	1	kangaroo_3	0	170		NaN	0	0		0	0	2487.86817	2487.968179	0.1000093
537369.5	0.1000083	5107	stimuli/non_foods\stim159_inanimate_tools_wrench_3.png	9	57	1	wrench_3	0	312		NaN	0	0		0	0	2488.018158	2488.118166	0.1000083
537407	0.099995	5108	stimuli/non_foods\stim119_inanimate_furniture_table_3.png	9	57	1	table_3	0	293		NaN	0	0		0	0	2488.168168	2488.268163	0.099995
537444.5	0.0999916	5109	stimuli/foods\bread.jpg	9	57	1	bread	1	26	TF_089	0	0	0		0	0	2488.318173	2488.418165	0.0999916
537482	0.0999937	5110	stimuli/non_foods\stim096_inanimate_clothing_shirt_4.png	9	57	1	shirt_4	0	265		NaN	0	0		0	0	2488.468167	2488.568161	0.0999937
537519.5	0.0999924	5111	stimuli/non_foods\stim132_inanimate_plants_sunflower_4.png	9	57	1	sunflower_4	0	289		NaN	0	0		0	0	2488.618168	2488.718161	0.0999924
537557	0.1000064	5112	stimuli/foods\cracker.jpg	9	57	1	cracker	1	98	TF_043	0	0	0		0	0	2488.768168	2488.868174	0.1000064
537594.5	0.099986	5113	stimuli/foods\onion.jpg	9	57	1	onion	1	200	NF_029	1	0	0		0	0	2488.91817	2489.018156	0.099986
537632	0.0999767	5114	stimuli/non_foods\stim045_animate_insect_bug_1.png	9	57	1	bug_1	0	36		NaN	0	0		0	0	2489.068181	2489.168157	0.0999767
537669.5	0.0999876	5115	stimuli/foods\cuttlefish.jpg	9	57	1	cuttlefish	1	103	NF_093	1	0	0		0	0	2489.218166	2489.318153	0.0999876
537707	0.0999991	5116	stimuli/non_foods\stim155_inanimate_tools_scissors_3.png	9	57	1	scissors_3	0	260		NaN	0	0		0	0	2489.368154	2489.468153	0.0999991
537744.5	0.0999825	5117	stimuli/foods\cinnamon_sroll.jpg	9	57	1	cinnamon_sroll	1	80	TF_021	0	0	0		0	0	2489.518173	2489.618156	0.0999825
537782	0.0999859	5118	stimuli/non_foods\stim128_inanimate_plants_cactus_4.png	9	57	1	cactus_4	0	52		NaN	0	0		0	0	2489.668156	2489.768142	0.0999859
537819.5	0.0999834	5119	stimuli/foods\hotdog.jpg	9	57	1	hotdog	1	161	TF_070	0	0	0		0	0	2489.81816	2489.918144	0.0999834
537857	0.0999941	5120	stimuli/foods\pancakes.jpg	9	57	1	pancakes	1	209	TF_058	0	0	0		0	0	2489.968156	2490.06815	0.0999941
537894.5	0.0999995	5121	stimuli/non_foods\stim133_inanimate_plants_tree_1.png	9	57	1	tree_1	0	299		NaN	0	0		0	0	2490.118144	2490.218143	0.0999995
537932	0.099997	5122	stimuli/non_foods\stim057_animate_insect_grasshopper_1.png	9	57	1	grasshopper_1	0	143		NaN	0	0		0	0	2490.268142	2490.368139	0.099997
537969.5	0.1001089	5123	stimuli/non_foods\stim027_animate_human_child_3.png	9	57	1	child_3	0	72		NaN	0	0		0	0	2490.418153	2490.518262	0.1001089
538007	0.1000059	5124	stimuli/foods\hamburger.jpg	9	57	1	hamburger	1	150	TF_069	0	0	0		0	0	2490.568137	2490.668143	0.1000059
538044.5	0.099987	5125	stimuli/foods\pea_pod.jpg	9	57	1	pea_pod	1	217	NF_082	1	0	0		0	0	2490.718157	2490.818144	0.099987
538082	0.0999547	5126	stimuli/foods\asparagus.jpg	9	57	1	asparagus	1	8	NF_010	1	0	0		0	0	2490.86819	2490.968144	0.0999547
538119.5	0.0999871	5127	stimuli/foods\raw_ham.jpg	9	57	1	raw_ham	1	242	TF_117	0	0	0		0	0	2491.018145	2491.118132	0.0999871
538157	0.0999983	5128	stimuli/foods\cucumber.jpg	9	57	1	cucumber	1	101	NF_026	1	1	0		0	0	2491.168142	2491.26814	0.0999983
538194.5	0.0999919	5129	stimuli/non_foods\stim048_animate_insect_bug_4.png	9	57	1	bug_4	0	39		NaN	0	0		0	0	2491.318133	2491.418125	0.0999919
538232	0.1000157	5130	stimuli/non_foods\stim001_animate_bird_chicken_1.png	9	57	1	chicken_1	0	66		NaN	0	0		0	0	2491.46812	2491.568136	0.1000157
538269.5	0.0999922	5131	stimuli/foods\dates.jpg	9	57	1	dates	1	104	NF_032	1	0	1	f	0.4423151	1	2491.618146	2491.718138	0.0999922
538307	0.0999821	5132	stimuli/foods\stew_with_potatoes_and_carrots.jpg	9	57	1	stew_with_potatoes_and_carrots	1	284	TF_139	0	0	0		0	0	2491.768145	2491.868127	0.0999821
538344.5	0.0999874	5133	stimuli/non_foods\stim022_animate_human_baby_2.png	9	57	1	baby_2	0	11		NaN	0	0		0	0	2491.918147	2492.018134	0.0999874
538382	0.0999969	5134	stimuli/non_foods\stim099_inanimate_clothing_socks_3.png	9	57	1	socks_3	0	269		NaN	0	0		0	0	2492.068129	2492.168126	0.0999969
538419.5	0.099995	5135	stimuli/non_foods\stim054_animate_insect_dragonfly_2.png	9	57	1	dragonfly_2	0	107		NaN	0	0		0	0	2492.21813	2492.318125	0.099995
538457	0.0999918	5136	stimuli/foods\calamari.jpg	9	57	1	calamari	1	53	TF_019	0	0	0		0	0	2492.368132	2492.468124	0.0999918
538494.5	0.1000061	5137	stimuli/non_foods\stim065_animate_mammal_giraffe_1.png	9	57	1	giraffe_1	0	132		NaN	0	0		0	0	2492.518124	2492.61813	0.1000061
538532	0.1000065	5138	stimuli/non_foods\stim116_inanimate_furniture_sofa_4.png	9	57	1	sofa_4	0	274		NaN	0	0		0	0	2492.668117	2492.768124	0.1000065
538569.5	0.0999897	5139	stimuli/non_foods\stim103_inanimate_furniture_bed_3.png	9	57	1	bed_3	0	21		NaN	0	0		0	0	2492.818129	2492.918118	0.0999897
538607	0.0999882	5140	stimuli/foods\salami.jpg	9	57	1	salami	1	255	TF_127	0	0	0		0	0	2492.968138	2493.068126	0.0999882
538644.5	0.0999897	5141	stimuli/non_foods\stim125_inanimate_plants_cactus_1.png	9	57	1	cactus_1	0	49		NaN	0	0		0	0	2493.118133	2493.218122	0.0999897
538682	0.0999858	5142	stimuli/non_foods\stim136_inanimate_plants_tree_4.png	9	57	1	tree_4	0	302		NaN	0	0		0	0	2493.268128	2493.368114	0.0999858
538719.5	0.0999773	5143	stimuli/foods\pomegranate.jpg	9	57	1	pomegranate	1	232	NF_058	1	0	0		0	0	2493.418136	2493.518113	0.0999773
538757	0.0999972	5144	stimuli/non_foods\stim144_inanimate_tools_broom_4.png	9	57	1	broom_4	0	33		NaN	0	0		0	0	2493.568117	2493.668114	0.0999972
538794.5	0.0999782	5145	stimuli/foods\omelette.jpg	9	57	1	omelette	1	199	TF_057	0	0	0		0	0	2493.718129	2493.818108	0.0999782
538832	0.1000112	5146	stimuli/non_foods\stim106_inanimate_furniture_chair_2.png	9	57	1	chair_2	0	61		NaN	0	0		0	0	2493.868104	2493.968115	0.1000112
538869.5	0.0999827	5147	stimuli/foods\mango.jpg	9	57	1	mango	1	185	NF_054	1	0	0		0	0	2494.018127	2494.118109	0.0999827
538907	0.0999875	5148	stimuli/foods\artichoke.jpg	9	57	1	artichoke	1	7	NF_018	1	0	0		0	0	2494.168129	2494.268117	0.0999875
538944.5	0.0999993	5149	stimuli/non_foods\stim047_animate_insect_bug_3.png	9	57	1	bug_3	0	38		NaN	0	0		0	0	2494.318117	2494.418116	0.0999993
538982	0.0999923	5150	stimuli/non_foods\stim109_inanimate_furniture_closet_1.png	9	57	1	closet_1	0	81		NaN	0	0		0	0	2494.468121	2494.568113	0.0999923
539019.5	0.0999905	5151	stimuli/non_foods\stim123_inanimate_plants_bush_3.png	9	57	1	bush_3	0	42		NaN	0	0		0	0	2494.618119	2494.71811	0.0999905
539057	0.0999889	5152	stimuli/foods\hazelnuts.jpg	9	57	1	hazelnuts	1	159	NF_065	1	0	0		0	0	2494.76812	2494.868108	0.0999889
539094.5	0.0999917	5153	stimuli/foods\ginger_root.jpg	9	57	1	ginger_root	1	131	NF_088	1	0	0		0	0	2494.918118	2495.01811	0.0999917
539132	0.0999909	5154	stimuli/non_foods\stim074_animate_mammal_monkey_2.png	9	57	1	monkey_2	0	189		NaN	0	0		0	0	2495.068115	2495.168106	0.0999909
539169.5	0.0999968	5155	stimuli/non_foods\stim141_inanimate_tools_broom_1.png	9	57	1	broom_1	0	30		NaN	0	0		0	0	2495.21811	2495.318107	0.0999968
539207	0.0999959	5156	stimuli/non_foods\stim009_animate_bird_parrot_1.png	9	57	1	parrot_1	0	212		NaN	0	0		0	0	2495.368111	2495.468107	0.0999959
539244.5	0.0999807	5157	stimuli/foods\lemon.jpg	9	57	1	lemon	1	175	NF_049	1	0	0		0	0	2495.518113	2495.618094	0.0999807
539282	0.0999989	5158	stimuli/non_foods\stim070_animate_mammal_kangaroo_2.png	9	57	1	kangaroo_2	0	169		NaN	0	0		0	0	2495.668107	2495.768106	0.0999989
539319.5	0.0999799	5159	stimuli/foods\donut.jpg	9	57	1	donut	1	105	TF_032	0	0	0		0	0	2495.818114	2495.918094	0.0999799
539357	0.0999867	5160	stimuli/non_foods\stim107_inanimate_furniture_chair_3.png	9	57	1	chair_3	0	62		NaN	0	0		0	0	2495.968099	2496.068085	0.0999867
539394.5	0.0999858	5161	stimuli/non_foods\stim030_animate_human_clown_2.png	9	57	1	clown_2	0	86		NaN	0	0		0	0	2496.118115	2496.218101	0.0999858
539432	0.0999952	5162	stimuli/non_foods\stim034_animate_human_faces_2.png	9	57	1	faces_2	0	118		NaN	0	0		0	0	2496.2681	2496.368095	0.0999952
539469.5	0.0999946	5163	stimuli/non_foods\stim049_animate_insect_butterfly_1.png	9	57	1	butterfly_1	0	44		NaN	0	0		0	0	2496.418102	2496.518096	0.0999946
539507	0.0999943	5164	stimuli/non_foods\stim121_inanimate_plants_bush_1.png	9	57	1	bush_1	0	40		NaN	0	0		0	0	2496.568104	2496.668098	0.0999943
539544.5	0.0999872	5165	stimuli/foods\licorice.jpg	9	57	1	licorice	1	179	TF_078	0	0	0		0	0	2496.718107	2496.818094	0.0999872
539582	0.0999973	5166	stimuli/non_foods\stim081_inanimate_clothing_gloves_1.png	9	57	1	gloves_1	0	136		NaN	0	0		0	0	2496.868095	2496.968092	0.0999973
539619.5	0.0999871	5167	stimuli/non_foods\stim153_inanimate_tools_scissors_1.png	9	57	1	scissors_1	0	258		NaN	0	0		0	0	2497.018103	2497.11809	0.0999871
539657	0.0999977	5168	stimuli/non_foods\stim092_inanimate_clothing_jeans_4.png	9	57	1	jeans_4	0	167		NaN	0	0		0	0	2497.168094	2497.268092	0.0999977
540628	0.0999936	5169	stimuli/non_foods\stim038_animate_human_sports_2.png	9	58	1	sports_2	0	279		NaN	0	0		0	0	2501.051397	2501.151391	0.0999936
540665.5	0.0999727	5170	stimuli/foods\chocolate_pralines.jpg	9	58	1	chocolate_pralines	1	77	TF_035	0	0	0		0	0	2501.201417	2501.30139	0.0999727
540703	0.0999892	5171	stimuli/foods\grapes.jpg	9	58	1	grapes	1	142	NF_098	1	0	0		0	0	2501.351405	2501.451394	0.0999892
540740.5	0.0999937	5172	stimuli/non_foods\stim138_inanimate_plants_tulip_2.png	9	58	1	tulip_2	0	304		NaN	0	0		0	0	2501.501393	2501.601386	0.0999937
540778	0.0999911	5173	stimuli/non_foods\stim021_animate_human_baby_1.png	9	58	1	baby_1	0	10		NaN	0	0		0	0	2501.651392	2501.751383	0.0999911
540815.5	0.0999809	5174	stimuli/foods\mussels.jpg	9	58	1	mussels	1	195	TF_042	0	0	0		0	0	2501.801401	2501.901382	0.0999809
540853	0.099993	5175	stimuli/foods\pickles.jpg	9	58	1	pickles	1	230	TF_134	0	0	0		0	0	2501.951392	2502.051385	0.099993
540890.5	0.0999957	5176	stimuli/non_foods\stim037_animate_human_sports_1.png	9	58	1	sports_1	0	278		NaN	0	0		0	0	2502.101392	2502.201388	0.0999957
540928	0.09999	5177	stimuli/non_foods\stim095_inanimate_clothing_shirt_3.png	9	58	1	shirt_3	0	264		NaN	0	0		0	0	2502.251391	2502.351381	0.09999
540965.5	0.0999903	5178	stimuli/foods\waffle.jpg	9	58	1	waffle	1	308	TF_030	0	0	0		0	0	2502.401393	2502.501383	0.0999903
541003	0.0999915	5179	stimuli/non_foods\stim094_inanimate_clothing_shirt_2.png	9	58	1	shirt_2	0	263		NaN	0	0		0	0	2502.551387	2502.651379	0.0999915
541040.5	0.0999885	5180	stimuli/foods\pepperoni_pizza.jpg	9	58	1	pepperoni_pizza	1	229	TF_106	0	0	0		0	0	2502.70139	2502.801378	0.0999885
541078	0.0999921	5181	stimuli/foods\pineapple.jpg	9	58	1	pineapple	1	231	NF_004	1	0	0		0	0	2502.851388	2502.95138	0.0999921
541115.5	0.0999898	5182	stimuli/foods\oyster.jpg	9	58	1	oyster	1	204	NF_067	1	0	0		0	0	2503.001387	2503.101377	0.0999898
541153	0.0999882	5183	stimuli/foods\lime.jpg	9	58	1	lime	1	180	NF_048	1	0	0		0	0	2503.151386	2503.251375	0.0999882
541190.5	0.1000014	5184	stimuli/non_foods\stim032_animate_human_clown_4.png	9	58	1	clown_4	0	88		NaN	0	0		0	0	2503.301377	2503.401378	0.1000014
541228	0.0999918	5185	stimuli/non_foods\stim112_inanimate_furniture_closet_4.png	9	58	1	closet_4	0	84		NaN	0	0		0	0	2503.451381	2503.551373	0.0999918
541265.5	0.0999885	5186	stimuli/foods\banana.jpg	9	58	1	banana	1	18	NF_013	1	0	0		0	0	2503.601419	2503.701408	0.0999885
541303	0.0999838	5187	stimuli/foods\broccoli.jpg	9	58	1	broccoli	1	29	NF_016	1	0	0		0	0	2503.751384	2503.851368	0.0999838
541340.5	0.09999	5188	stimuli/foods\mortadella.jpg	9	58	1	mortadella	1	192	TF_083	0	0	0		0	0	2503.901379	2504.001369	0.09999
541378	0.0999899	5189	stimuli/foods\chestnut.jpg	9	58	1	chestnut	1	65	NF_020	1	0	0		0	0	2504.051378	2504.151368	0.0999899
541415.5	0.0999941	5190	stimuli/non_foods\stim097_inanimate_clothing_socks_1.png	9	58	1	socks_1	0	267		NaN	0	0		0	0	2504.201372	2504.301366	0.0999941
541453	0.0999975	5191	stimuli/non_foods\stim115_inanimate_furniture_sofa_3.png	9	58	1	sofa_3	0	273		NaN	0	0		0	0	2504.351374	2504.451371	0.0999975
541490.5	0.099988	5192	stimuli/foods\fries.jpg	9	58	1	fries	1	126	TF_094	0	0	0		0	0	2504.501375	2504.601363	0.099988
541528	0.1000094	5193	stimuli/foods\raisins.jpg	9	58	1	raisins	1	241	NF_096	1	0	0		0	0	2504.651373	2504.751383	0.1000094
541565.25	0.0999997	5194	stimuli/non_foods\stim090_inanimate_clothing_jeans_2.png	9	58	1	jeans_2	0	165		NaN	1	0		0	0	2504.801365	2504.901364	0.0999997
541603	0.0999936	5195	stimuli/non_foods\stim088_inanimate_clothing_hat_4.png	9	58	1	hat_4	0	158		NaN	0	0		0	0	2504.951366	2505.05136	0.0999936
541640.5	0.0999951	5196	stimuli/non_foods\stim025_animate_human_child_1.png	9	58	1	child_1	0	70		NaN	0	0		0	0	2505.101366	2505.201361	0.0999951
541678	0.0999933	5197	stimuli/foods\peach.jpg	9	58	1	peach	1	218	NF_079	1	0	1	f	0.542094	1	2505.25137	2505.351363	0.0999933
541715.5	0.0999733	5198	stimuli/non_foods\stim069_animate_mammal_kangaroo_1.png	9	58	1	kangaroo_1	0	168		NaN	0	0		0	0	2505.401383	2505.501357	0.0999733
541753	0.0999888	5199	stimuli/foods\fried_zucchini.jpg	9	58	1	fried_zucchini	1	125	TF_159	0	0	0		0	0	2505.551366	2505.651355	0.0999888
541790.25	0.0999962	5200	stimuli/non_foods\stim050_animate_insect_butterfly_2.png	9	58	1	butterfly_2	0	45		NaN	0	0		0	0	2505.701358	2505.801354	0.0999962
541827.75	0.0999961	5201	stimuli/non_foods\stim066_animate_mammal_giraffe_2.png	9	58	1	giraffe_2	0	133		NaN	0	0		0	0	2505.851358	2505.951354	0.0999961
541865.5	0.0999898	5202	stimuli/non_foods\stim035_animate_human_faces_3.png	9	58	1	faces_3	0	119		NaN	0	0		0	0	2506.00136	2506.10135	0.0999898
541903	0.0999901	5203	stimuli/foods\risotto_with_peas_and_asparagus_tips.jpg	9	58	1	risotto_with_peas_and_asparagus_tips	1	252	TF_123	0	0	0		0	0	2506.151362	2506.251352	0.0999901
541940.5	0.0999887	5204	stimuli/foods\egg.jpg	9	58	1	egg	1	115	NF_095	1	0	0		0	0	2506.301359	2506.401348	0.0999887
541978	0.1000047	5205	stimuli/foods\spaghetti_with_olives_and_capers.jpg	9	58	1	spaghetti_with_olives_and_capers	1	276	TF_135	0	0	0		0	0	2506.45136	2506.551365	0.1000047
542015.25	0.0999962	5206	stimuli/non_foods\stim051_animate_insect_butterfly_3.png	9	58	1	butterfly_3	0	46		NaN	0	0		0	0	2506.601351	2506.701348	0.0999962
542052.75	0.0999983	5207	stimuli/non_foods\stim059_animate_insect_grasshopper_3.png	9	58	1	grasshopper_3	0	145		NaN	0	0		0	0	2506.751348	2506.851346	0.0999983
542090.5	0.0999881	5208	stimuli/foods\cupcake.jpg	9	58	1	cupcake	1	102	TF_050	0	0	0		0	0	2506.901356	2507.001344	0.0999881
542128	0.0999939	5209	stimuli/foods\mushroom.jpg	9	58	1	mushroom	1	194	NF_039	1	0	0		0	0	2507.051354	2507.151348	0.0999939
542165.5	0.0999841	5210	stimuli/non_foods\stim046_animate_insect_bug_2.png	9	58	1	bug_2	0	37		NaN	0	0		0	0	2507.201361	2507.301345	0.0999841
542203	0.0999937	5211	stimuli/non_foods\stim108_inanimate_furniture_chair_4.png	9	58	1	chair_4	0	63		NaN	0	0		0	0	2507.351348	2507.451341	0.0999937
542240.5	0.099996	5212	stimuli/non_foods\stim024_animate_human_baby_4.png	9	58	1	baby_4	0	13		NaN	0	0		0	0	2507.501346	2507.601342	0.099996
542278	0.0999969	5213	stimuli/non_foods\stim114_inanimate_furniture_sofa_2.png	9	58	1	sofa_2	0	272		NaN	0	0		0	0	2507.651343	2507.75134	0.0999969
542315.5	0.0999919	5214	stimuli/foods\apple.jpg	9	58	1	apple	1	5	NF_055	1	0	0		0	0	2507.801346	2507.901338	0.0999919
542353	0.0999957	5215	stimuli/non_foods\stim011_animate_bird_parrot_3.png	9	58	1	parrot_3	0	214		NaN	0	0		0	0	2507.951342	2508.051338	0.0999957
542390.5	0.0999816	5216	stimuli/foods\prawn.jpg	9	58	1	prawn	1	238	NF_041	1	0	0		0	0	2508.10135	2508.201332	0.0999816
542428	0.1000006	5217	stimuli/foods\orange.jpg	9	58	1	orange	1	201	NF_008	1	0	0		0	0	2508.251343	2508.351344	0.1000006
542465.5	0.0999884	5218	stimuli/foods\baguette.jpg	9	58	1	baguette	1	15	TF_006	0	0	0		0	0	2508.401343	2508.501331	0.0999884
542503	0.0999961	5219	stimuli/non_foods\stim062_animate_mammal_cow_2.png	9	58	1	cow_2	0	95		NaN	0	0		0	0	2508.551335	2508.651331	0.0999961
542540.5	0.0999998	5220	stimuli/non_foods\stim039_animate_human_sports_3.png	9	58	1	sports_3	0	280		NaN	0	0		0	0	2508.701332	2508.801332	0.0999998
542578	0.1000284	5221	stimuli/non_foods\stim084_inanimate_clothing_gloves_4.png	9	58	1	gloves_4	0	139		NaN	0	0		0	0	2508.851335	2508.951363	0.1000284
542615.5	0.0999641	5222	stimuli/non_foods\stim148_inanimate_tools_hammer_4.png	9	58	1	hammer_4	0	154		NaN	0	0		0	0	2509.001361	2509.101325	0.0999641
542653	0.0999843	5223	stimuli/foods\peas.jpg	9	58	1	peas	1	224	NF_081	1	0	0		0	0	2509.15134	2509.251325	0.0999843
542690.5	0.0999892	5224	stimuli/foods\fennel.jpg	9	58	1	fennel	1	121	NF_036	1	0	0		0	0	2509.301337	2509.401326	0.0999892
542727.75	0.0999995	5225	stimuli/non_foods\stim042_animate_insect_ant_2.png	9	58	1	ant_2	0	2		NaN	0	0		0	0	2509.451325	2509.551325	0.0999995
542765.5	0.0999944	5226	stimuli/non_foods\stim044_animate_insect_ant_4.png	9	58	1	ant_4	0	4		NaN	0	0		0	0	2509.601328	2509.701322	0.0999944
542803	0.0999929	5227	stimuli/foods\cauliflower.jpg	9	58	1	cauliflower	1	57	NF_022	1	0	0		0	0	2509.751329	2509.851322	0.0999929
542840.5	0.0999889	5228	stimuli/foods\roasted_chicken.jpg	9	58	1	roasted_chicken	1	253	TF_109	0	0	0		0	0	2509.901332	2510.001321	0.0999889
542878	0.0999925	5229	stimuli/non_foods\stim068_animate_mammal_giraffe_4.png	9	58	1	giraffe_4	0	135		NaN	0	0		0	0	2510.051325	2510.151317	0.0999925
542915.25	0.0999913	5230	stimuli/foods\chilli.jpg	9	58	1	chilli	1	74	NF_073	1	1	0		0	0	2510.201327	2510.301319	0.0999913
542952.75	0.099989	5231	stimuli/foods\salmon.jpg	9	58	1	salmon	1	256	TF_130	0	0	0		0	0	2510.35133	2510.451319	0.099989
542990.25	0.0999902	5232	stimuli/non_foods\stim075_animate_mammal_monkey_3.png	9	58	1	monkey_3	0	190		NaN	0	1	f	0.3921074	1	2510.501322	2510.601313	0.0999902
543027.75	0.1000054	5233	stimuli/non_foods\stim073_animate_mammal_monkey_1.png	9	58	1	monkey_1	0	188		NaN	0	0		0	0	2510.651319	2510.751325	0.1000054
543065.5	0.0999655	5234	stimuli/foods\cinnamon.jpg	9	58	1	cinnamon	1	79	NF_017	1	0	0		0	0	2510.801346	2510.901311	0.0999655
543102.75	0.1000432	5235	stimuli/foods\lamb_chops.jpg	9	58	1	lamb_chops	1	173	TF_040	0	0	0		0	0	2510.951322	2511.051366	0.1000432
543140.5	0.0999739	5236	stimuli/non_foods\stim131_inanimate_plants_sunflower_3.png	9	58	1	sunflower_3	0	288		NaN	0	0		0	0	2511.101337	2511.201311	0.0999739
543177.75	0.0999856	5237	stimuli/foods\spaghetti_with_meat_sauce.jpg	9	58	1	spaghetti_with_meat_sauce	1	275	TF_137	0	0	0		0	0	2511.251321	2511.351307	0.0999856
543215.25	0.0999923	5238	stimuli/non_foods\stim122_inanimate_plants_bush_2.png	9	58	1	bush_2	0	41		NaN	0	0		0	0	2511.401313	2511.501305	0.0999923
543252.75	0.0999975	5239	stimuli/non_foods\stim053_animate_insect_dragonfly_1.png	9	58	1	dragonfly_1	0	106		NaN	0	0		0	0	2511.551314	2511.651311	0.0999975
543290.25	0.0999953	5240	stimuli/non_foods\stim058_animate_insect_grasshopper_2.png	9	58	1	grasshopper_2	0	144		NaN	0	0		0	0	2511.701308	2511.801304	0.0999953
543328	0.0999786	5241	stimuli/foods\nectarine.jpg	9	58	1	nectarine	1	196	NF_078	1	0	0		0	0	2511.851325	2511.951304	0.0999786
543365.25	0.0999937	5242	stimuli/non_foods\stim143_inanimate_tools_broom_3.png	9	58	1	broom_3	0	32		NaN	0	0		0	0	2512.001308	2512.101301	0.0999937
543402.75	0.0999921	5243	stimuli/foods\kiwi.jpg	9	58	1	kiwi	1	172	NF_044	1	0	0		0	0	2512.151311	2512.251303	0.0999921
543440.25	0.0999893	5244	stimuli/foods\cabbage.jpg	9	58	1	cabbage	1	48	NF_025	1	0	0		0	0	2512.301316	2512.401305	0.0999893
543478	0.1000091	5245	stimuli/foods\carrot.jpg	9	58	1	carrot	1	56	NF_019	1	0	0		0	0	2512.451319	2512.551328	0.1000091
543515.25	0.0999989	5246	stimuli/non_foods\stim089_inanimate_clothing_jeans_1.png	9	58	1	jeans_1	0	164		NaN	0	0		0	0	2512.601302	2512.701301	0.0999989
543552.75	0.0999871	5247	stimuli/foods\grilled_chicken_breast.jpg	9	58	1	grilled_chicken_breast	1	149	TF_104	0	0	0		0	0	2512.751309	2512.851296	0.0999871
543590.25	0.0999906	5248	stimuli/foods\cream_donuts.jpg	9	58	1	cream_donuts	1	99	TF_014	0	0	0		0	0	2512.901307	2513.001297	0.0999906
543627.75	0.0999982	5249	stimuli/non_foods\stim010_animate_bird_parrot_2.png	9	58	1	parrot_2	0	213		NaN	0	0		0	0	2513.0513	2513.151298	0.0999982
543665.25	0.0999958	5250	stimuli/non_foods\stim013_animate_bird_peacock_1.png	9	58	1	peacock_1	0	219		NaN	0	0		0	0	2513.201296	2513.301291	0.0999958
543702.75	0.0999888	5251	stimuli/foods\museli_bars.jpg	9	58	1	museli_bars	1	193	TF_008	0	0	0		0	0	2513.351304	2513.451293	0.0999888
543740.25	0.0999926	5252	stimuli/foods\strawberry.jpg	9	58	1	strawberry	1	285	NF_037	1	0	0		0	0	2513.5013	2513.601293	0.0999926
543777.75	0.0999885	5253	stimuli/foods\dried_figs.jpg	9	58	1	dried_figs	1	110	TF_054	0	0	0		0	0	2513.6513	2513.751288	0.0999885
543815.5	0.0999805	5254	stimuli/non_foods\stim134_inanimate_plants_tree_2.png	9	58	1	tree_2	0	300		NaN	0	0		0	0	2513.801308	2513.901289	0.0999805
543852.75	0.0999935	5255	stimuli/non_foods\stim086_inanimate_clothing_hat_2.png	9	58	1	hat_2	0	156		NaN	0	0		0	0	2513.951294	2514.051287	0.0999935
543890.25	0.09999	5256	stimuli/foods\almonds.jpg	9	58	1	almonds	1	0	NF_053	1	0	0		0	0	2514.101298	2514.201288	0.09999
543928	0.0999685	5257	stimuli/foods\cereal.jpg	9	58	1	cereal	1	59	TF_028	0	0	0		0	0	2514.25133	2514.351298	0.0999685
543965.25	0.100001	5258	stimuli/non_foods\stim083_inanimate_clothing_gloves_3.png	9	58	1	gloves_3	0	138		NaN	0	0		0	0	2514.401283	2514.501283	0.100001
544002.75	0.0999891	5259	stimuli/foods\pork_and_rice.jpg	9	58	1	pork_and_rice	1	233	TF_080	0	0	0		0	0	2514.551297	2514.651286	0.0999891
544040.25	0.0999943	5260	stimuli/non_foods\stim004_animate_bird_chicken_4.png	9	58	1	chicken_4	0	69		NaN	0	0		0	0	2514.701285	2514.801279	0.0999943
544077.75	0.0999905	5261	stimuli/foods\wafer.jpg	9	58	1	wafer	1	307	TF_155	0	0	0		0	0	2514.851291	2514.951281	0.0999905
544115.25	0.0999879	5262	stimuli/foods\garlic.jpg	9	58	1	garlic	1	130	NF_001	1	0	0		0	0	2515.001292	2515.10128	0.0999879
544152.75	0.099994	5263	stimuli/non_foods\stim158_inanimate_tools_wrench_2.png	9	58	1	wrench_2	0	311		NaN	0	0		0	0	2515.15128	2515.251274	0.099994
544190.25	0.1000124	5264	stimuli/non_foods\stim020_animate_bird_penguin_4.png	9	58	1	penguin_4	0	228		NaN	0	0		0	0	2515.30128	2515.401293	0.1000124
544227.75	0.0999944	5265	stimuli/non_foods\stim043_animate_insect_ant_3.png	9	58	1	ant_3	0	3		NaN	0	0		0	0	2515.45128	2515.551274	0.0999944
544265.25	0.0999898	5266	stimuli/foods\cooked_prawn.jpg	9	58	1	cooked_prawn	1	92	TF_060	0	0	0		0	0	2515.601285	2515.701275	0.0999898
544302.75	0.0999914	5267	stimuli/foods\potato_chips.jpg	9	58	1	potato_chips	1	236	TF_097	0	0	0		0	0	2515.751283	2515.851275	0.0999914
544340.25	0.1000061	5268	stimuli/non_foods\stim160_inanimate_tools_wrench_4.png	9	58	1	wrench_4	0	313		NaN	0	0		0	0	2515.90127	2516.001276	0.1000061
544378	0.0999674	5269	stimuli/foods\swordfish.jpg	9	58	1	swordfish	1	290	TF_101	0	0	0		0	0	2516.051305	2516.151272	0.0999674
544415.25	0.0999953	5270	stimuli/non_foods\stim157_inanimate_tools_wrench_1.png	9	58	1	wrench_1	0	310		NaN	0	0		0	0	2516.201273	2516.301268	0.0999953
544452.75	0.0999929	5271	stimuli/foods\cooked_ham.jpg	9	58	1	cooked_ham	1	91	TF_116	0	0	0		0	0	2516.351275	2516.451268	0.0999929
544490.25	0.0999902	5272	stimuli/foods\octopus.jpg	9	58	1	octopus	1	198	TF_113	0	0	0		0	0	2516.501277	2516.601268	0.0999902
544527.75	0.0999918	5273	stimuli/non_foods\stim102_inanimate_furniture_bed_2.png	9	58	1	bed_2	0	20		NaN	0	0		0	0	2516.651275	2516.751266	0.0999918
544565.25	0.0999975	5274	stimuli/non_foods\stim100_inanimate_clothing_socks_4.png	9	58	1	socks_4	0	270		NaN	0	0		0	0	2516.801271	2516.901268	0.0999975
544602.75	0.0999878	5275	stimuli/foods\rice_cake.jpg	9	58	1	rice_cake	1	251	TF_059	0	0	0		0	0	2516.951276	2517.051264	0.0999878
544640.25	0.0999992	5276	stimuli/foods\potato_and_green_bean_salad.jpg	9	58	1	potato_and_green_bean_salad	1	235	TF_072	0	0	0		0	0	2517.101272	2517.201272	0.0999992
544677.75	0.0999917	5277	stimuli/foods\figs.jpg	9	58	1	figs	1	122	NF_035	1	0	0		0	0	2517.25127	2517.351262	0.0999917
544715.25	0.0999864	5278	stimuli/foods\red_cabbage.jpg	9	58	1	red_cabbage	1	245	NF_023	1	0	0		0	0	2517.401271	2517.501257	0.0999864
544752.75	0.0999964	5279	stimuli/non_foods\stim135_inanimate_plants_tree_3.png	9	58	1	tree_3	0	301		NaN	0	0		0	0	2517.551266	2517.651262	0.0999964
544790.25	0.1000095	5280	stimuli/non_foods\stim117_inanimate_furniture_table_1.png	9	58	1	table_1	0	291		NaN	0	0		0	0	2517.701262	2517.801272	0.1000095
544827.75	0.099973	5281	stimuli/non_foods\stim008_animate_bird_duck_4.png	9	58	1	duck_4	0	114		NaN	0	0		0	0	2517.85128	2517.951253	0.099973
544865.25	0.1000008	5282	stimuli/non_foods\stim156_inanimate_tools_scissors_4.png	9	58	1	scissors_4	0	261		NaN	0	0		0	0	2518.001256	2518.101256	0.1000008
544902.75	0.0999972	5283	stimuli/non_foods\stim147_inanimate_tools_hammer_3.png	9	58	1	hammer_3	0	153		NaN	0	0		0	0	2518.151256	2518.251253	0.0999972
544940.25	0.0999884	5284	stimuli/foods\taco.jpg	9	58	1	taco	1	295	TF_141	0	0	0		0	0	2518.301264	2518.401253	0.0999884
544977.75	0.0999881	5285	stimuli/foods\cannoli.jpg	9	58	1	cannoli	1	54	TF_022	0	0	0		0	0	2518.451262	2518.55125	0.0999881
545015.25	0.0999883	5286	stimuli/foods\celery.jpg	9	58	1	celery	1	58	NF_092	1	0	0		0	0	2518.601259	2518.701247	0.0999883
545052.75	0.0999962	5287	stimuli/non_foods\stim078_animate_mammal_rhino_2.png	9	58	1	rhino_2	0	247		NaN	0	0		0	0	2518.751253	2518.85125	0.0999962
545090.5	0.1000064	5288	stimuli/foods\lasagna.jpg	9	58	1	lasagna	1	174	TF_076	0	0	0		0	0	2518.901259	2519.001265	0.1000064
545127.75	0.0999801	5289	stimuli/non_foods\stim005_animate_bird_duck_1.png	9	58	1	duck_1	0	111		NaN	0	0		0	0	2519.051244	2519.151224	0.0999801
545165.25	0.0999779	5290	stimuli/foods\tomato.jpg	9	58	1	tomato	1	298	NF_084	1	0	0		0	0	2519.201261	2519.301239	0.0999779
545202.75	0.0999907	5291	stimuli/non_foods\stim014_animate_bird_peacock_2.png	9	58	1	peacock_2	0	220		NaN	0	0		0	0	2519.351254	2519.451244	0.0999907
545240.25	0.1000104	5292	stimuli/foods\blackberry.jpg	9	58	1	blackberry	1	24	NF_063	1	0	0		0	0	2519.501253	2519.601264	0.1000104
545278	0.0999577	5293	stimuli/non_foods\stim110_inanimate_furniture_closet_2.png	9	58	1	closet_2	0	82		NaN	0	0		0	0	2519.651275	2519.751233	0.0999577
545315.25	0.0999953	5294	stimuli/non_foods\stim080_animate_mammal_rhino_4.png	9	58	1	rhino_4	0	249		NaN	0	0		0	0	2519.801243	2519.901238	0.0999953
545352.75	0.0999919	5295	stimuli/foods\lettuce.jpg	9	58	1	lettuce	1	178	NF_046	1	0	0		0	0	2519.951248	2520.05124	0.0999919
545390.25	0.0999876	5296	stimuli/foods\chocolate_pudding.jpg	9	58	1	chocolate_pudding	1	78	TF_018	0	0	0		0	0	2520.101248	2520.201236	0.0999876
545427.75	0.0999904	5297	stimuli/foods\oven-roasted_tomatoes.jpg	9	58	1	oven-roasted_tomatoes	1	203	TF_114	0	0	0		0	0	2520.251245	2520.351236	0.0999904
545465.25	0.0999931	5298	stimuli/foods\pasta_carbonara.jpg	9	58	1	pasta_carbonara	1	216	TF_027	0	0	0		0	0	2520.401244	2520.501237	0.0999931
545502.75	0.0999965	5299	stimuli/non_foods\stim055_animate_insect_dragonfly_3.png	9	58	1	dragonfly_3	0	108		NaN	0	0		0	0	2520.551236	2520.651232	0.0999965
545540.5	0.099987	5300	stimuli/foods\ice_cream_sandwich.jpg	9	58	1	ice_cream_sandwich	1	163	TF_061	0	0	0		0	0	2520.701263	2520.80125	0.099987
545577.75	0.0999882	5301	stimuli/foods\cherry.jpg	9	58	1	cherry	1	64	NF_027	1	0	0		0	0	2520.851243	2520.951232	0.0999882
545615.25	0.0999899	5302	stimuli/foods\avocado.jpg	9	58	1	avocado	1	9	NF_012	1	0	0		0	0	2521.00124	2521.10123	0.0999899
545652.75	0.0999933	5303	stimuli/foods\eggplant.jpg	9	58	1	eggplant	1	116	NF_059	1	0	0		0	0	2521.151239	2521.251232	0.0999933
545690.25	0.1000099	5304	stimuli/non_foods\stim104_inanimate_furniture_bed_4.png	9	58	1	bed_4	0	22		NaN	0	0		0	0	2521.301238	2521.401248	0.1000099
545727.75	0.0999839	5305	stimuli/non_foods\stim017_animate_bird_penguin_1.png	9	58	1	penguin_1	0	225		NaN	0	0		0	0	2521.451243	2521.551227	0.0999839
545765.25	0.0999929	5306	stimuli/non_foods\stim077_animate_mammal_rhino_1.png	9	58	1	rhino_1	0	246		NaN	0	0		0	0	2521.601234	2521.701227	0.0999929
545802.75	0.0999915	5307	stimuli/non_foods\stim063_animate_mammal_cow_3.png	9	58	1	cow_3	0	96		NaN	0	0		0	0	2521.751233	2521.851224	0.0999915
545840.25	0.0999925	5308	stimuli/foods\fruit_flan.jpg	9	58	1	fruit_flan	1	127	TF_093	0	0	0		0	0	2521.901232	2522.001224	0.0999925
545877.75	0.0999961	5309	stimuli/non_foods\stim149_inanimate_tools_pan_1.png	9	58	1	pan_1	0	205		NaN	0	0		0	0	2522.051224	2522.15122	0.0999961
545915.25	0.0999899	5310	stimuli/foods\corncob.jpg	9	58	1	corncob	1	93	NF_051	1	0	0		0	0	2522.201229	2522.301219	0.0999899
545952.75	0.0999972	5311	stimuli/non_foods\stim056_animate_insect_dragonfly_4.png	9	58	1	dragonfly_4	0	109		NaN	0	0		0	0	2522.351223	2522.451221	0.0999972
545990.25	0.0999868	5312	stimuli/foods\lentils.jpg	9	58	1	lentils	1	177	NF_047	1	0	0		0	0	2522.501231	2522.601217	0.0999868
546027.75	0.0999896	5313	stimuli/foods\oregano.jpg	9	58	1	oregano	1	202	NF_066	1	0	0		0	0	2522.651226	2522.751215	0.0999896
546065.25	0.0999962	5314	stimuli/non_foods\stim028_animate_human_child_4.png	9	58	1	child_4	0	73		NaN	0	0		0	0	2522.801221	2522.901217	0.0999962
546102.75	0.0999908	5315	stimuli/foods\spring_onions.jpg	9	58	1	spring_onions	1	282	NF_086	1	0	0		0	0	2522.951224	2523.051215	0.0999908
546140.25	0.1000185	5316	stimuli/non_foods\stim019_animate_bird_penguin_3.png	9	58	1	penguin_3	0	227		NaN	0	0		0	0	2523.101221	2523.20124	0.1000185
546177.75	0.0999946	5317	stimuli/non_foods\stim067_animate_mammal_giraffe_3.png	9	58	1	giraffe_3	0	134		NaN	0	0		0	0	2523.251215	2523.351209	0.0999946
546215.25	0.0999905	5318	stimuli/foods\papaya.jpg	9	58	1	papaya	1	210	NF_069	1	0	0		0	0	2523.40122	2523.501211	0.0999905
546252.75	0.0999917	5319	stimuli/foods\chocolate_bar.jpg	9	58	1	chocolate_bar	1	75	TF_033	0	0	0		0	0	2523.55122	2523.651212	0.0999917
546290.25	0.0999915	5320	stimuli/foods\red_beans.jpg	9	58	1	red_beans	1	244	NF_033	1	0	0		0	0	2523.70122	2523.801212	0.0999915
546327.75	0.0999911	5321	stimuli/non_foods\stim127_inanimate_plants_cactus_3.png	9	58	1	cactus_3	0	51		NaN	0	0		0	0	2523.851213	2523.951204	0.0999911
546365.25	0.099988	5322	stimuli/foods\green_beans.jpg	9	58	1	green_beans	1	147	NF_034	1	0	0		0	0	2524.001218	2524.101206	0.099988
546402.75	0.0999914	5323	stimuli/foods\croissant.jpg	9	58	1	croissant	1	100	TF_037	0	0	0		0	0	2524.151213	2524.251204	0.0999914
546440.25	0.0999919	5324	stimuli/foods\coffee_beans.jpg	9	58	1	coffee_beans	1	90	TF_029	0	0	0		0	0	2524.301213	2524.401204	0.0999919
546477.75	0.1000064	5325	stimuli/foods\bread_roll.jpg	9	58	1	bread_roll	1	27	TF_090	0	0	0		0	0	2524.451213	2524.55122	0.1000064
550769.5	0.1166466	5326	stimuli/foods\blackberry.jpg	10	59	0	blackberry	1	24	NF_063	1	0	NaN	f	0.4471733	1	2541.61775	2541.734396	0.1166466
551127.75	0.1166425	5327	stimuli/foods\bagel.jpg	10	59	0	bagel	1	14	TF_005	0	0	NaN	a	0.4268257	1	2543.051079	2543.167721	0.1166425
551461.25	0.116651	5328	stimuli/foods\cherry.jpg	10	59	0	cherry	1	64	NF_027	1	0	NaN	f	0.3314979	1	2544.384392	2544.501043	0.116651
551778	0.1160084	5329	stimuli/foods\chilli.jpg	10	59	0	chilli	1	74	NF_073	1	0	NaN	f	0.3548786	1	2545.65169	2545.767699	0.1160084
552107	0.1166518	5330	stimuli/foods\dried_figs.jpg	10	59	0	dried_figs	1	110	TF_054	0	0	NaN	a	0.3241874	1	2546.967701	2547.084353	0.1166518
552515.25	0.116646	5331	stimuli/foods\green_olives.jpg	10	59	0	green_olives	1	148	TF_085	0	0	NaN	f	0.306876	0	2548.601026	2548.717672	0.116646
552823.75	0.1166588	5332	stimuli/foods\lollies.jpg	10	59	0	lollies	1	183	TF_026	0	0	NaN	a	0.3525605	1	2549.834339	2549.950998	0.1166588
553244.5	0.1166515	5333	stimuli/foods\carrot.jpg	10	59	0	carrot	1	56	NF_019	1	0	NaN	f	0.4712131	1	2551.517668	2551.634319	0.1166515
553665.25	0.1166481	5334	stimuli/foods\coffee_beans.jpg	10	59	0	coffee_beans	1	90	TF_029	0	0	NaN	f	0.4229175	0	2553.200987	2553.317635	0.1166481
554090.25	0.1166591	5335	stimuli/foods\linguine_with_clams.jpg	10	59	0	linguine_with_clams	1	181	TF_077	0	0	NaN	a	0.3779134	1	2554.900965	2555.017624	0.1166591
554452.75	0.1166475	5336	stimuli/foods\cabbage.jpg	10	59	0	cabbage	1	48	NF_025	1	0	NaN	f	0.4059505	1	2556.350961	2556.467608	0.1166475
554794.5	0.1166465	5337	stimuli/foods\kiwi.jpg	10	59	0	kiwi	1	172	NF_044	1	0	NaN	a	0.3652735	0	2557.717618	2557.834265	0.1166465
555119.5	0.1166461	5338	stimuli/foods\swordfish.jpg	10	59	0	swordfish	1	290	TF_101	0	0	NaN	a	0.4493469	1	2559.01761	2559.134256	0.1166461
555465.25	0.1166512	5339	stimuli/foods\banana.jpg	10	59	0	banana	1	18	NF_013	1	0	NaN	f	0.4129638	1	2560.400926	2560.517578	0.1166512
555865.25	0.1166113	5340	stimuli/foods\chocolate_pudding.jpg	10	59	0	chocolate_pudding	1	78	TF_018	0	0	NaN	a	0.3659807	1	2562.000952	2562.117563	0.1166113
556223.75	0.1166138	5341	stimuli/foods\museli_bars.jpg	10	59	0	museli_bars	1	193	TF_008	0	0	NaN	a	0.3437261	1	2563.434275	2563.550889	0.1166138
556552.75	0.1166449	5342	stimuli/foods\apricot.jpg	10	59	0	apricot	1	6	NF_002	1	0	NaN	f	0.3390228	1	2564.750892	2564.867536	0.1166449
556957	0.1166917	5343	stimuli/foods\pumpkin.jpg	10	59	0	pumpkin	1	239	NF_101	1	0	NaN	f	0.3773175	1	2566.367548	2566.484239	0.1166917
557373.75	0.1166498	5344	stimuli/foods\fries.jpg	10	59	0	fries	1	126	TF_094	0	0	NaN	a	0.457698	1	2568.034199	2568.150849	0.1166498
557815.25	0.1166497	5345	stimuli/foods\potato_chips.jpg	10	59	0	potato_chips	1	236	TF_097	0	0	NaN	a	0.4610621	1	2569.800851	2569.917501	0.1166497
558165.25	0.1166485	5346	stimuli/foods\capsicum.jpg	10	59	0	capsicum	1	55	NF_076	1	0	NaN	f	0.3300511	1	2571.200849	2571.317498	0.1166485
558582	0.1166516	5347	stimuli/foods\fruit_salad.jpg	10	59	0	fruit_salad	1	129	NF_043	1	0	NaN	a	0.5354291	0	2572.867492	2572.984143	0.1166516
562319.5	0.1166504	5348	stimuli/foods\figs.jpg	10	60	0	figs	1	122	NF_035	1	0	NaN	f	0.3245189	1	2587.817371	2587.934022	0.1166504
562694.5	0.1166483	5349	stimuli/foods\chocolate_pralines.jpg	10	60	0	chocolate_pralines	1	77	TF_035	0	0	NaN	a	0.3805559	1	2589.317361	2589.434009	0.1166483
563036.25	0.1166478	5350	stimuli/foods\chestnut.jpg	10	60	0	chestnut	1	65	NF_020	1	0	NaN	f	0.3758794	1	2590.684015	2590.800663	0.1166478
563452.75	0.1166499	5351	stimuli/foods\taco.jpg	10	60	0	taco	1	295	TF_141	0	0	NaN	a	0.3552296	1	2592.350673	2592.467323	0.1166499
563836.25	0.1166519	5352	stimuli/foods\lime.jpg	10	60	0	lime	1	180	NF_048	1	0	NaN	f	0.4569247	1	2593.883988	2594.00064	0.1166519
564257	0.1166195	5353	stimuli/foods\baked_cod_with_carrots_and_green_beans.jpg	10	60	0	baked_cod_with_carrots_and_green_beans	1	16	TF_082	0	0	NaN	a	0.3005801	1	2595.567341	2595.68396	0.1166195
564627.75	0.1166506	5354	stimuli/foods\chocolate_chip_cookies.jpg	10	60	0	chocolate_chip_cookies	1	76	TF_010	0	0	NaN	a	0.3532658	1	2597.050629	2597.16728	0.1166506
564969.5	0.1166462	5355	stimuli/foods\peach.jpg	10	60	0	peach	1	218	NF_079	1	0	NaN	f	0.2986519	1	2598.417289	2598.533935	0.1166462
565369.5	0.1166766	5356	stimuli/foods\rice_cake.jpg	10	60	0	rice_cake	1	251	TF_059	0	0	NaN	a	0.3786232	1	2600.017273	2600.13395	0.1166766
565727.75	0.116651	5357	stimuli/foods\brussel_sprouts.jpg	10	60	0	brussel_sprouts	1	35	NF_021	1	0	NaN	f	0.352316	1	2601.450594	2601.567245	0.116651
566082	0.1166295	5358	stimuli/foods\onion.jpg	10	60	0	onion	1	200	NF_029	1	0	NaN	a	0.3426649	0	2602.867271	2602.983901	0.1166295
566498.75	0.1166547	5359	stimuli/foods\brie.jpg	10	60	0	brie	1	28	TF_016	0	0	NaN	a	0.4189971	1	2604.5339	2604.650554	0.1166547
566898.75	0.1166731	5360	stimuli/foods\cannoli.jpg	10	60	0	cannoli	1	54	TF_022	0	0	NaN	a	0.3759662	1	2606.133891	2606.250564	0.1166731
567236.25	0.1166432	5361	stimuli/foods\orange.jpg	10	60	0	orange	1	201	NF_008	1	0	NaN	f	0.3300141	1	2607.483886	2607.600529	0.1166432
567540.25	0.1166449	5362	stimuli/foods\lasagna.jpg	10	60	0	lasagna	1	174	TF_076	0	0	NaN	a	0.3683649	1	2608.70054	2608.817185	0.1166449
567907	0.1166488	5363	stimuli/foods\beetroots.jpg	10	60	0	beetroots	1	23	NF_015	1	0	NaN	f	0.5247015	1	2610.167193	2610.283842	0.1166488
568282	0.1166484	5364	stimuli/foods\pea_pod.jpg	10	60	0	pea_pod	1	217	NF_082	1	0	NaN	f	0.5347258	1	2611.66718	2611.783829	0.1166484
568636.25	0.1166474	5365	stimuli/foods\fruit_pie.jpg	10	60	0	fruit_pie	1	128	TF_147	0	0	NaN	a	0.3970716	1	2613.083836	2613.200484	0.1166474
568986.25	0.1166659	5366	stimuli/foods\cracker.jpg	10	60	0	cracker	1	98	TF_043	0	0	NaN	a	0.4451024	1	2614.483826	2614.600492	0.1166659
569344.5	0.1166586	5367	stimuli/foods\pasta_carbonara.jpg	10	60	0	pasta_carbonara	1	216	TF_027	0	0	NaN	a	0.3737838	1	2615.917133	2616.033792	0.1166586
569757	0.1166482	5368	stimuli/foods\omelette.jpg	10	60	0	omelette	1	199	TF_057	0	0	NaN	a	0.2718454	1	2617.567131	2617.683779	0.1166482
570048.75	0.1166453	5369	stimuli/foods\salmon.jpg	10	60	0	salmon	1	256	TF_130	0	0	NaN	a	0.5211165	1	2618.733792	2618.850437	0.1166453
571427.75	0.1166408	5370	stimuli/foods\pomegranate.jpg	10	61	0	pomegranate	1	232	NF_058	1	0	NaN	f	0.3514751	1	2624.250411	2624.367052	0.1166408
571823.75	0.1166803	5371	stimuli/foods\lemon_meringue_pie.jpg	10	61	0	lemon_meringue_pie	1	176	TF_151	0	0	NaN	a	0.3661595	1	2625.833731	2625.950412	0.1166803
572248.75	0.116649	5372	stimuli/foods\brownie.jpg	10	61	0	brownie	1	34	TF_011	0	0	NaN	a	0.3722176	1	2627.533716	2627.650365	0.116649
572661.25	0.1166384	5373	stimuli/foods\nectarine.jpg	10	61	0	nectarine	1	196	NF_078	1	0	NaN	f	0.3472158	1	2629.183715	2629.300353	0.1166384
573057	0.1166507	5374	stimuli/foods\cooked_prawn.jpg	10	61	0	cooked_prawn	1	92	TF_060	0	0	NaN	a	0.3148925	1	2630.767022	2630.883673	0.1166507
573423.75	0.1166499	5375	stimuli/foods\mushroom.jpg	10	61	0	mushroom	1	194	NF_039	1	0	NaN	f	0.5372659	1	2632.233679	2632.350329	0.1166499
573840.25	0.1166943	5376	stimuli/foods\red_beans.jpg	10	61	0	red_beans	1	244	NF_033	1	0	NaN	f	0.334545	1	2633.90033	2634.017024	0.1166943
574144.5	0.1166409	5377	stimuli/foods\red_cabbage.jpg	10	61	0	red_cabbage	1	245	NF_023	1	0	NaN	f	0.3689875	1	2635.116988	2635.233629	0.1166409
574519.5	0.1166506	5378	stimuli/foods\asparagus.jpg	10	61	0	asparagus	1	8	NF_010	1	0	NaN	f	0.3009299	1	2636.616977	2636.733627	0.1166506
574869.5	0.1166606	5379	stimuli/foods\papaya.jpg	10	61	0	papaya	1	210	NF_069	1	0	NaN	f	0.3819923	1	2638.016957	2638.133618	0.1166606
575290.25	0.1166526	5380	stimuli/foods\meatballs.jpg	10	61	0	meatballs	1	186	TF_112	0	0	NaN	a	0.5096287	1	2639.700282	2639.816935	0.1166526
575661.25	0.1166589	5381	stimuli/foods\ice_cream_sandwich.jpg	10	61	0	ice_cream_sandwich	1	163	TF_061	0	0	NaN	a	0.4632911	1	2641.183597	2641.300256	0.1166589
576011.25	0.116657	5382	stimuli/foods\strawberry.jpg	10	61	0	strawberry	1	285	NF_037	1	0	NaN	f	0.3173375	1	2642.583587	2642.700244	0.116657
576394.5	0.1166401	5383	stimuli/foods\hamburger.jpg	10	61	0	hamburger	1	150	TF_069	0	0	NaN	a	0.3460006	1	2644.116924	2644.233564	0.1166401
576761.25	0.1166677	5384	stimuli/foods\oregano.jpg	10	61	0	oregano	1	202	NF_066	1	0	NaN	a	0.5153407	0	2645.583571	2645.700238	0.1166677
577223.75	0.1166702	5385	stimuli/foods\mandarin.jpg	10	61	0	mandarin	1	184	NF_052	1	0	NaN	f	0.4793149	1	2647.433555	2647.550225	0.1166702
577594.5	0.1166501	5386	stimuli/foods\pork_loin_with_peas.jpg	10	61	0	pork_loin_with_peas	1	234	TF_003	0	0	NaN	a	0.3490625	1	2648.916875	2649.033525	0.1166501
577944.5	0.1166492	5387	stimuli/foods\cereal.jpg	10	61	0	cereal	1	59	TF_028	0	0	NaN	a	0.3700271	1	2650.316864	2650.433513	0.1166492
578361.25	0.1166456	5388	stimuli/foods\rockmelon.jpg	10	61	0	rockmelon	1	254	NF_060	1	0	NaN	f	0.4763893	1	2651.98352	2652.100166	0.1166456
578769.5	0.1166031	5389	stimuli/foods\donut.jpg	10	61	0	donut	1	105	TF_032	0	0	NaN	a	0.3550742	1	2653.616884	2653.733487	0.1166031
579094.5	0.1166399	5390	stimuli/foods\lamb_chops.jpg	10	61	0	lamb_chops	1	173	TF_040	0	0	NaN	a	0.3370751	1	2654.916828	2655.033468	0.1166399
579498.75	0.1166505	5391	stimuli/foods\cupcake.jpg	10	61	0	cupcake	1	102	TF_050	0	0	NaN	a	0.3904482	1	2656.533481	2656.650131	0.1166505
582069.5	0.1166415	5392	stimuli/foods\ice_cream.jpg	10	62	0	ice_cream	1	162	TF_062	0	0	NaN	a	0.8051887	1	2666.81673	2666.933372	0.1166415
582532	0.1166602	5393	stimuli/foods\raw_sausage.jpg	10	62	0	raw_sausage	1	243	TF_131	0	0	NaN	a	0.3511812	1	2668.666711	2668.783371	0.1166602
582932	0.1166512	5394	stimuli/foods\pear.jpg	10	62	0	pear	1	223	NF_077	1	0	NaN	f	0.3762195	1	2670.266701	2670.383352	0.1166512
583323.75	0.1166308	5395	stimuli/foods\calamari.jpg	10	62	0	calamari	1	53	TF_019	0	0	NaN	a	0.3616507	1	2671.833379	2671.950009	0.1166308
583707	0.1166488	5396	stimuli/foods\mango.jpg	10	62	0	mango	1	185	NF_054	1	0	NaN	f	0.4302409	1	2673.366678	2673.483326	0.1166488
584057	0.1166513	5397	stimuli/foods\watermelon.jpg	10	62	0	watermelon	1	309	NF_005	1	0	NaN	f	0.3502459	1	2674.76667	2674.883321	0.1166513
584436.25	0.1166472	5398	stimuli/foods\stew_with_potatoes_and_carrots.jpg	10	62	0	stew_with_potatoes_and_carrots	1	284	TF_139	0	0	NaN	a	0.3775764	1	2676.28332	2676.399967	0.1166472
584761.25	0.1166551	5399	stimuli/foods\fruit_flan.jpg	10	62	0	fruit_flan	1	127	TF_093	0	0	NaN	a	0.4466534	1	2677.583309	2677.699964	0.1166551
585098.75	0.1166544	5400	stimuli/foods\cauliflower.jpg	10	62	0	cauliflower	1	57	NF_022	1	0	NaN	a	0.4466457	0	2678.933294	2679.049948	0.1166544
585465.25	0.1166488	5401	stimuli/foods\grapefruits.jpg	10	62	0	grapefruits	1	141	NF_085	1	0	NaN	f	0.3690025	1	2680.399955	2680.516604	0.1166488
585798.75	0.1166511	5402	stimuli/foods\cinnamon.jpg	10	62	0	cinnamon	1	79	NF_017	1	0	NaN	f	0.4476522	1	2681.733275	2681.849926	0.1166511
586144.5	0.1166496	5403	stimuli/foods\pork_and_rice.jpg	10	62	0	pork_and_rice	1	233	TF_080	0	0	NaN	a	0.3653575	1	2683.116599	2683.233249	0.1166496
586494.5	0.1166793	5404	stimuli/foods\hazelnuts.jpg	10	62	0	hazelnuts	1	159	NF_065	1	0	NaN	f	0.3982824	1	2684.516579	2684.633259	0.1166793
586848.75	0.116657	5405	stimuli/foods\raw_ham.jpg	10	62	0	raw_ham	1	242	TF_117	0	0	NaN	a	0.3396263	1	2685.933237	2686.049894	0.116657
587257	0.1166481	5406	stimuli/foods\lentils.jpg	10	62	0	lentils	1	177	NF_047	1	0	NaN	f	0.407365	1	2687.566565	2687.683214	0.1166481
587582	0.1166383	5407	stimuli/foods\wafer.jpg	10	62	0	wafer	1	307	TF_155	0	0	NaN	a	0.5003643	1	2688.866552	2688.98319	0.1166383
588007	0.1166479	5408	stimuli/foods\lettuce.jpg	10	62	0	lettuce	1	178	NF_046	1	0	NaN	f	0.398394	1	2690.566539	2690.683187	0.1166479
588357	0.1166739	5409	stimuli/foods\bread.jpg	10	62	0	bread	1	26	TF_089	0	0	NaN	a	0.3894011	1	2691.966528	2692.083202	0.1166739
588715.25	0.1166085	5410	stimuli/foods\ginger_root.jpg	10	62	0	ginger_root	1	131	NF_088	1	0	NaN	f	0.4190516	1	2693.399894	2693.516502	0.1166085
589044.5	0.1166492	5411	stimuli/foods\pancakes.jpg	10	62	0	pancakes	1	209	TF_058	0	0	NaN	a	0.4444149	1	2694.716505	2694.833154	0.1166492
589423.75	0.1166784	5412	stimuli/foods\roasted_chicken.jpg	10	62	0	roasted_chicken	1	253	TF_109	0	0	NaN	a	0.4057165	1	2696.23316	2696.349838	0.1166784
589848.75	0.1166536	5413	stimuli/foods\spaghetti_with_meat_sauce.jpg	10	62	0	spaghetti_with_meat_sauce	1	275	TF_137	0	0	NaN	a	0.4107809	1	2697.933145	2698.049799	0.1166536
591273.75	0.1166321	5414	stimuli/foods\prawn.jpg	10	63	0	prawn	1	238	NF_041	1	0	NaN	f	0.4057848	1	2703.633122	2703.749754	0.1166321
591694.5	0.1166575	5415	stimuli/foods\oyster.jpg	10	63	0	oyster	1	204	NF_067	1	0	NaN	f	0.3114951	1	2705.316415	2705.433072	0.1166575
592044.5	0.1166671	5416	stimuli/foods\spring_onions.jpg	10	63	0	spring_onions	1	282	NF_086	1	0	NaN	f	0.2614893	1	2706.716411	2706.833078	0.1166671
592398.75	0.1166482	5417	stimuli/foods\fried_zucchini.jpg	10	63	0	fried_zucchini	1	125	TF_159	0	0	NaN	f	0.30485	0	2708.133064	2708.249712	0.1166482
592715.25	0.1166471	5418	stimuli/foods\risotto_with_peas_and_asparagus_tips.jpg	10	63	0	risotto_with_peas_and_asparagus_tips	1	252	TF_123	0	0	NaN	a	0.4692005	1	2709.399724	2709.516371	0.1166471
593148.5	0.1166509	5419	stimuli/foods\fried_calamari.jpg	10	63	0	fried_calamari	1	124	TF_020	0	0	NaN	a	0.3638696	1	2711.13304	2711.249691	0.1166509
593473.75	0.1166616	5420	stimuli/foods\potato_and_green_bean_salad.jpg	10	63	0	potato_and_green_bean_salad	1	235	TF_072	0	0	NaN	a	0.3588818	1	2712.43303	2712.549692	0.1166616
593865.25	0.1166486	5421	stimuli/foods\almonds.jpg	10	63	0	almonds	1	0	NF_053	1	0	NaN	f	0.5272631	1	2713.999683	2714.116332	0.1166486
594311.25	0.1166483	5422	stimuli/foods\corncob.jpg	10	63	0	corncob	1	93	NF_051	1	0	NaN	f	0.3699269	1	2715.783005	2715.899653	0.1166483
594723.5	0.1166492	5423	stimuli/foods\green_beans.jpg	10	63	0	green_beans	1	147	NF_034	1	0	NaN	f	0.3479085	1	2717.432989	2717.549638	0.1166492
595052.75	0.1166506	5424	stimuli/foods\toasted_bread_with_tomatoes.jpg	10	63	0	toasted_bread_with_tomatoes	1	297	TF_017	0	0	NaN	a	0.4272895	1	2718.749648	2718.866299	0.1166506
595411	0.1166509	5425	stimuli/foods\cucumber.jpg	10	63	0	cucumber	1	101	NF_026	1	0	NaN	f	0.4500123	1	2720.182967	2720.299618	0.1166509
595832	0.1166492	5426	stimuli/foods\pepperoni_pizza.jpg	10	63	0	pepperoni_pizza	1	229	TF_106	0	0	NaN	a	0.3996288	1	2721.866291	2721.98294	0.1166492
596182	0.1166532	5427	stimuli/foods\rice.jpg	10	63	0	rice	1	250	TF_121	0	0	NaN	a	0.4386052	1	2723.266273	2723.382926	0.1166532
596515.25	0.1166341	5428	stimuli/foods\frankfurters.jpg	10	63	0	frankfurters	1	123	TF_156	0	0	NaN	a	0.3753347	1	2724.599614	2724.716248	0.1166341
596936	0.1166485	5429	stimuli/foods\cooked_ham.jpg	10	63	0	cooked_ham	1	91	TF_116	0	0	NaN	a	0.4259923	1	2726.282918	2726.399566	0.1166485
597344.5	0.116667	5430	stimuli/foods\potatoes.jpg	10	63	0	potatoes	1	237	NF_071	1	0	NaN	f	0.4796444	1	2727.916242	2728.032909	0.116667
597686	0.1166344	5431	stimuli/foods\hotdog.jpg	10	63	0	hotdog	1	161	TF_070	0	0	NaN	a	0.3830287	1	2729.282895	2729.399529	0.1166344
598023.5	0.1166485	5432	stimuli/foods\cuttlefish.jpg	10	63	0	cuttlefish	1	103	NF_093	1	0	NaN	f	0.5130707	1	2730.632885	2730.749533	0.1166485
598411	0.1166462	5433	stimuli/foods\tomato.jpg	10	63	0	tomato	1	298	NF_084	1	0	NaN	f	0.4660468	1	2732.182872	2732.299518	0.1166462
598823.5	0.1166491	5434	stimuli/foods\baked_lamb_with_potatoes.jpg	10	63	0	baked_lamb_with_potatoes	1	17	TF_001	0	0	NaN	a	0.3830511	1	2733.832858	2733.949507	0.1166491
599165.25	0.1166252	5435	stimuli/foods\broccoli.jpg	10	63	0	broccoli	1	29	NF_016	1	0	NaN	a	0.7434189	0	2735.199537	2735.316162	0.1166252
600177.75	0.1166483	5436	stimuli/foods\licorice.jpg	10	64	0	licorice	1	179	TF_078	0	0	NaN	a	0.4234372	1	2739.249481	2739.36613	0.1166483
600523.5	0.1166488	5437	stimuli/foods\mortadella.jpg	10	64	0	mortadella	1	192	TF_083	0	0	NaN	a	0.3561359	1	2740.632803	2740.749452	0.1166488
600840.25	0.1166541	5438	stimuli/foods\nougat.jpg	10	64	0	nougat	1	197	TF_144	0	0	NaN	a	0.2814431	1	2741.899458	2742.016112	0.1166541
601194.5	0.1166517	5439	stimuli/foods\lobster.jpg	10	64	0	lobster	1	182	NF_007	1	0	NaN	f	0.3257752	1	2743.316112	2743.432764	0.1166517
601544.5	0.1166555	5440	stimuli/foods\spaghetti_with_olives_and_capers.jpg	10	64	0	spaghetti_with_olives_and_capers	1	276	TF_135	0	0	NaN	a	0.3698312	1	2744.716102	2744.832757	0.1166555
601936	0.1166506	5441	stimuli/foods\savory_pie.jpg	10	64	0	savory_pie	1	257	TF_146	0	0	NaN	a	0.3381696	1	2746.282756	2746.399407	0.1166506
602273.5	0.1166461	5442	stimuli/foods\waffle.jpg	10	64	0	waffle	1	308	TF_030	0	0	NaN	a	0.3261661	1	2747.632748	2747.749394	0.1166461
602602.75	0.1166406	5443	stimuli/foods\mussels.jpg	10	64	0	mussels	1	195	TF_042	0	0	NaN	f	0.39752	0	2748.94941	2749.066051	0.1166406
602944.5	0.1166505	5444	stimuli/foods\spinach.jpg	10	64	0	spinach	1	277	NF_094	1	0	NaN	f	0.4248813	1	2750.316059	2750.432709	0.1166505
603340.25	0.1166466	5445	stimuli/foods\bread_roll.jpg	10	64	0	bread_roll	1	27	TF_090	0	0	NaN	a	0.7415482	1	2751.899379	2752.016026	0.1166466
603802.75	0.1166106	5446	stimuli/foods\artichoke.jpg	10	64	0	artichoke	1	7	NF_018	1	0	NaN	f	0.6316067	1	2753.749402	2753.866013	0.1166106
604273.5	0.116647	5447	stimuli/foods\radish.jpg	10	64	0	radish	1	240	NF_090	1	0	NaN	f	0.3722434	1	2755.632683	2755.74933	0.116647
604657	0.1166398	5448	stimuli/foods\pineapple.jpg	10	64	0	pineapple	1	231	NF_004	1	0	NaN	f	0.2669356	1	2757.166011	2757.28265	0.1166398
604957	0.1166191	5449	stimuli/foods\blue_cheese.jpg	10	64	0	blue_cheese	1	25	TF_066	0	0	NaN	a	0.4359437	1	2758.366026	2758.482645	0.1166191
605386	0.1166394	5450	stimuli/foods\oven-roasted_tomatoes.jpg	10	64	0	oven-roasted_tomatoes	1	203	TF_114	0	0	NaN	a	0.3703094	1	2760.082653	2760.199293	0.1166394
605786	0.1166593	5451	stimuli/foods\cinnamon_sroll.jpg	10	64	0	cinnamon_sroll	1	80	TF_021	0	0	NaN	a	0.4403191	1	2761.682615	2761.799274	0.1166593
606240.25	0.116648	5452	stimuli/foods\celery.jpg	10	64	0	celery	1	58	NF_092	1	0	NaN	f	0.4506633	1	2763.499286	2763.615934	0.116648
606623.5	0.1166038	5453	stimuli/foods\octopus.jpg	10	64	0	octopus	1	198	TF_113	0	0	NaN	f	0.4013122	0	2765.03265	2765.149254	0.1166038
607044.5	0.1166384	5454	stimuli/foods\fennel.jpg	10	64	0	fennel	1	121	NF_036	1	0	NaN	f	0.3680219	1	2766.715926	2766.832564	0.1166384
607461	0.1166462	5455	stimuli/foods\chocolate_bar.jpg	10	64	0	chocolate_bar	1	75	TF_033	0	0	NaN	a	0.416379	1	2768.382579	2768.499225	0.1166462
607877.75	0.1166506	5456	stimuli/foods\parmesan_cheese.jpg	10	64	0	parmesan_cheese	1	211	TF_091	0	0	NaN	a	0.7786937	1	2770.049233	2770.165883	0.1166506
608398.5	0.1166533	5457	stimuli/foods\raisins.jpg	10	64	0	raisins	1	241	NF_096	1	0	NaN	f	0.4774399	1	2772.132547	2772.2492	0.1166533
610544.5	0.1166518	5458	stimuli/foods\minestrone_soup.jpg	10	65	0	minestrone_soup	1	187	TF_160	0	0	NaN	a	0.5801001	1	2780.715811	2780.832463	0.1166518
610940.25	0.1166425	5459	stimuli/foods\cream_donuts.jpg	10	65	0	cream_donuts	1	99	TF_014	0	0	NaN	a	0.3947998	1	2782.299139	2782.415782	0.1166425
611327.75	0.1166483	5460	stimuli/foods\pickles.jpg	10	65	0	pickles	1	230	TF_134	0	0	NaN	a	0.347811	1	2783.849121	2783.96577	0.1166483
611707	0.1166558	5461	stimuli/foods\gnocchi.jpg	10	65	0	gnocchi	1	140	TF_064	0	0	NaN	a	0.3571831	1	2785.365769	2785.482424	0.1166558
612136	0.1166559	5462	stimuli/foods\lemon.jpg	10	65	0	lemon	1	175	NF_049	1	0	NaN	f	0.3044557	1	2787.082427	2787.199083	0.1166559
612511	0.1166533	5463	stimuli/foods\grilled_chicken_breast.jpg	10	65	0	grilled_chicken_breast	1	149	TF_104	0	0	NaN	a	0.3325032	1	2788.582414	2788.699067	0.1166533
612857	0.1165668	5464	stimuli/foods\egg.jpg	10	65	0	egg	1	115	NF_095	1	0	NaN	f	0.2652071	1	2789.965821	2790.082388	0.1165668
613207	0.1166418	5465	stimuli/foods\smoked_ham.jpg	10	65	0	smoked_ham	1	266	TF_118	0	0	NaN	a	0.3022459	1	2791.365733	2791.482374	0.1166418
613557	0.1166554	5466	stimuli/foods\coconut.jpg	10	65	0	coconut	1	89	NF_030	1	0	NaN	f	0.3221919	1	2792.765715	2792.882371	0.1166554
613919.5	0.1166582	5467	stimuli/foods\honey.jpg	10	65	0	honey	1	160	NF_062	1	0	NaN	f	0.4052517	1	2794.215692	2794.33235	0.1166582
614248.5	0.1166364	5468	stimuli/foods\croissant.jpg	10	65	0	croissant	1	100	TF_037	0	0	NaN	a	0.4697145	1	2795.532377	2795.649013	0.1166364
614648.5	0.1166508	5469	stimuli/foods\eggplant.jpg	10	65	0	eggplant	1	116	NF_059	1	0	NaN	a	0.2815898	0	2797.132343	2797.248994	0.1166508
614994.5	0.1166532	5470	stimuli/foods\grapes.jpg	10	65	0	grapes	1	142	NF_098	1	0	NaN	a	0.3252719	0	2798.515665	2798.632318	0.1166532
615411	0.1166466	5471	stimuli/foods\garlic.jpg	10	65	0	garlic	1	130	NF_001	1	0	NaN	f	0.5246171	1	2800.182324	2800.298971	0.1166466
615769.5	0.116649	5472	stimuli/foods\baguette.jpg	10	65	0	baguette	1	15	TF_006	0	0	NaN	a	0.4482858	1	2801.615647	2801.732296	0.116649
616111	0.1166625	5473	stimuli/foods\avocado.jpg	10	65	0	avocado	1	9	NF_012	1	0	NaN	f	0.4036318	1	2802.982299	2803.098961	0.1166625
616552.75	0.1166552	5474	stimuli/foods\toast.jpg	10	65	0	toast	1	296	TF_053	0	0	NaN	a	0.3479805	1	2804.748947	2804.865602	0.1166552
616907	0.1166681	5475	stimuli/foods\peas.jpg	10	65	0	peas	1	224	NF_081	1	0	NaN	f	0.5353268	1	2806.165606	2806.282274	0.1166681
617290.25	0.1166504	5476	stimuli/foods\salami.jpg	10	65	0	salami	1	255	TF_127	0	0	NaN	a	0.4170145	1	2807.698928	2807.815579	0.1166504
617694.5	0.1166499	5477	stimuli/foods\dates.jpg	10	65	0	dates	1	104	NF_032	1	0	NaN	f	0.5083706	1	2809.315584	2809.432234	0.1166499
618102.75	0.1166652	5478	stimuli/foods\apple.jpg	10	65	0	apple	1	5	NF_055	1	0	NaN	f	0.3880994	1	2810.948898	2811.065563	0.1166652
618498.5	0.1166012	5479	stimuli/foods\steak.jpg	10	65	0	steak	1	283	TF_013	0	0	NaN	a	0.3917169	1	2812.532279	2812.64888	0.1166012
621973.5	0.0999794	5480	stimuli/foods\chocolate_pralines.jpg	11	66	1	chocolate_pralines	1	77	TF_035	0	0	0		0	0	2826.432113	2826.532093	0.0999794
622011	0.0999997	5481	stimuli/non_foods\stim119_inanimate_furniture_table_3.png	11	66	1	table_3	0	293		NaN	0	0		0	0	2826.582094	2826.682093	0.0999997
622048.5	0.0999885	5482	stimuli/foods\avocado.jpg	11	66	1	avocado	1	9	NF_012	1	0	0		0	0	2826.732104	2826.832093	0.0999885
622086	0.0999902	5483	stimuli/foods\chestnut.jpg	11	66	1	chestnut	1	65	NF_020	1	0	0		0	0	2826.882099	2826.982089	0.0999902
622123.5	0.0999894	5484	stimuli/non_foods\stim105_inanimate_furniture_chair_1.png	11	66	1	chair_1	0	60		NaN	0	0		0	0	2827.032101	2827.13209	0.0999894
622161	0.0999887	5485	stimuli/non_foods\stim108_inanimate_furniture_chair_4.png	11	66	1	chair_4	0	63		NaN	0	0		0	0	2827.182098	2827.282087	0.0999887
622198.5	0.0999958	5486	stimuli/non_foods\stim127_inanimate_plants_cactus_3.png	11	66	1	cactus_3	0	51		NaN	0	0		0	0	2827.332091	2827.432087	0.0999958
622236	0.0999894	5487	stimuli/foods\chocolate_chip_cookies.jpg	11	66	1	chocolate_chip_cookies	1	76	TF_010	0	0	0		0	0	2827.482119	2827.582109	0.0999894
622273.5	0.0999792	5488	stimuli/foods\papaya.jpg	11	66	1	papaya	1	210	NF_069	1	0	0		0	0	2827.632103	2827.732082	0.0999792
622311	0.0999938	5489	stimuli/foods\rice.jpg	11	66	1	rice	1	250	TF_121	0	0	0		0	0	2827.782087	2827.882081	0.0999938
622348.5	0.1000055	5490	stimuli/non_foods\stim009_animate_bird_parrot_1.png	11	66	1	parrot_1	0	212		NaN	0	0		0	0	2827.932087	2828.032093	0.1000055
622386	0.0999924	5491	stimuli/non_foods\stim083_inanimate_clothing_gloves_3.png	11	66	1	gloves_3	0	138		NaN	0	0		0	0	2828.082088	2828.182081	0.0999924
622423.5	0.0999915	5492	stimuli/foods\orange.jpg	11	66	1	orange	1	201	NF_008	1	0	0		0	0	2828.232091	2828.332082	0.0999915
622461	0.0999882	5493	stimuli/foods\waffle.jpg	11	66	1	waffle	1	308	TF_030	0	0	0		0	0	2828.382088	2828.482076	0.0999882
622498.5	0.0999866	5494	stimuli/foods\cannoli.jpg	11	66	1	cannoli	1	54	TF_022	0	0	0		0	0	2828.532087	2828.632074	0.0999866
622536	0.0999679	5495	stimuli/foods\wafer.jpg	11	66	1	wafer	1	307	TF_155	0	0	0		0	0	2828.682105	2828.782073	0.0999679
622573.5	0.0999875	5496	stimuli/foods\potatoes.jpg	11	66	1	potatoes	1	237	NF_071	1	0	0		0	0	2828.832084	2828.932071	0.0999875
622611	0.0999916	5497	stimuli/foods\croissant.jpg	11	66	1	croissant	1	100	TF_037	0	0	0		0	0	2828.982086	2829.082077	0.0999916
622648.5	0.0999972	5498	stimuli/non_foods\stim081_inanimate_clothing_gloves_1.png	11	66	1	gloves_1	0	136		NaN	0	0		0	0	2829.132079	2829.232076	0.0999972
622686	0.099889	5499	stimuli/foods\mortadella.jpg	11	66	1	mortadella	1	192	TF_083	0	0	0		0	0	2829.282187	2829.382076	0.099889
622723.5	0.0999984	5500	stimuli/non_foods\stim141_inanimate_tools_broom_1.png	11	66	1	broom_1	0	30		NaN	0	0		0	0	2829.432073	2829.532072	0.0999984
622761	0.0999911	5501	stimuli/foods\brussel_sprouts.jpg	11	66	1	brussel_sprouts	1	35	NF_021	1	1	0		0	0	2829.582078	2829.682069	0.0999911
622798.5	0.0999878	5502	stimuli/foods\spring_onions.jpg	11	66	1	spring_onions	1	282	NF_086	1	0	0		0	0	2829.732077	2829.832065	0.0999878
622836	0.0999949	5503	stimuli/non_foods\stim116_inanimate_furniture_sofa_4.png	11	66	1	sofa_4	0	274		NaN	0	0		0	0	2829.88207	2829.982065	0.0999949
622873.5	0.0999877	5504	stimuli/non_foods\stim150_inanimate_tools_pan_2.png	11	66	1	pan_2	0	206		NaN	0	1	f	0.4423514	1	2830.032076	2830.132064	0.0999877
622911	0.0999983	5505	stimuli/non_foods\stim038_animate_human_sports_2.png	11	66	1	sports_2	0	279		NaN	0	0		0	0	2830.182067	2830.282065	0.0999983
622948.5	0.0999983	5506	stimuli/foods\rice_cake.jpg	11	66	1	rice_cake	1	251	TF_059	0	0	0		0	0	2830.332075	2830.432073	0.0999983
622986	0.0999907	5507	stimuli/non_foods\stim074_animate_mammal_monkey_2.png	11	66	1	monkey_2	0	189		NaN	0	0		0	0	2830.482068	2830.582059	0.0999907
623023.5	0.0999986	5508	stimuli/non_foods\stim124_inanimate_plants_bush_4.png	11	66	1	bush_4	0	43		NaN	0	0		0	0	2830.632061	2830.73206	0.0999986
623061	0.099995	5509	stimuli/non_foods\stim022_animate_human_baby_2.png	11	66	1	baby_2	0	11		NaN	0	0		0	0	2830.782062	2830.882057	0.099995
623098.5	0.0999979	5510	stimuli/non_foods\stim106_inanimate_furniture_chair_2.png	11	66	1	chair_2	0	61		NaN	0	0		0	0	2830.932062	2831.03206	0.0999979
623136	0.0999504	5511	stimuli/non_foods\stim122_inanimate_plants_bush_2.png	11	66	1	bush_2	0	41		NaN	0	0		0	0	2831.082108	2831.182059	0.0999504
623173.5	0.0999952	5512	stimuli/non_foods\stim012_animate_bird_parrot_4.png	11	66	1	parrot_4	0	215		NaN	0	0		0	0	2831.232056	2831.332051	0.0999952
623211	0.0999904	5513	stimuli/foods\corncob.jpg	11	66	1	corncob	1	93	NF_051	1	0	0		0	0	2831.382064	2831.482055	0.0999904
623248.5	0.0999878	5514	stimuli/foods\artichoke.jpg	11	66	1	artichoke	1	7	NF_018	1	0	0		0	0	2831.532064	2831.632052	0.0999878
623286	0.0999943	5515	stimuli/non_foods\stim078_animate_mammal_rhino_2.png	11	66	1	rhino_2	0	247		NaN	0	0		0	0	2831.682055	2831.78205	0.0999943
623323.5	0.0999889	5516	stimuli/foods\baguette.jpg	11	66	1	baguette	1	15	TF_006	0	0	0		0	0	2831.832062	2831.932051	0.0999889
623361	0.0999887	5517	stimuli/foods\cauliflower.jpg	11	66	1	cauliflower	1	57	NF_022	1	0	0		0	0	2831.982062	2832.082051	0.0999887
623398.5	0.0999896	5518	stimuli/non_foods\stim123_inanimate_plants_bush_3.png	11	66	1	bush_3	0	42		NaN	0	0		0	0	2832.132053	2832.232042	0.0999896
623436	0.0999992	5519	stimuli/non_foods\stim095_inanimate_clothing_shirt_3.png	11	66	1	shirt_3	0	264		NaN	0	0		0	0	2832.282047	2832.382046	0.0999992
623473.5	0.0999966	5520	stimuli/non_foods\stim120_inanimate_furniture_table_4.png	11	66	1	table_4	0	294		NaN	0	0		0	0	2832.432048	2832.532045	0.0999966
623511	0.100008	5521	stimuli/non_foods\stim138_inanimate_plants_tulip_2.png	11	66	1	tulip_2	0	304		NaN	0	0		0	0	2832.582035	2832.682043	0.100008
623548.5	0.0999828	5522	stimuli/non_foods\stim061_animate_mammal_cow_1.png	11	66	1	cow_1	0	94		NaN	0	0		0	0	2832.732047	2832.83203	0.0999828
623586	0.0999631	5523	stimuli/non_foods\stim020_animate_bird_penguin_4.png	11	66	1	penguin_4	0	228		NaN	0	0		0	0	2832.882077	2832.98204	0.0999631
623623.5	0.0999852	5524	stimuli/foods\risotto_with_peas_and_asparagus_tips.jpg	11	66	1	risotto_with_peas_and_asparagus_tips	1	252	TF_123	0	0	0		0	0	2833.032053	2833.132038	0.0999852
623661	0.0999934	5525	stimuli/non_foods\stim117_inanimate_furniture_table_1.png	11	66	1	table_1	0	291		NaN	0	0		0	0	2833.182043	2833.282037	0.0999934
623698.5	0.0999991	5526	stimuli/non_foods\stim157_inanimate_tools_wrench_1.png	11	66	1	wrench_1	0	310		NaN	0	0		0	0	2833.33204	2833.432039	0.0999991
623736	0.0999865	5527	stimuli/foods\calamari.jpg	11	66	1	calamari	1	53	TF_019	0	0	0		0	0	2833.482049	2833.582035	0.0999865
623773.5	0.0999977	5528	stimuli/non_foods\stim048_animate_insect_bug_4.png	11	66	1	bug_4	0	39		NaN	0	0		0	0	2833.632038	2833.732036	0.0999977
623811	0.0999964	5529	stimuli/non_foods\stim094_inanimate_clothing_shirt_2.png	11	66	1	shirt_2	0	263		NaN	0	0		0	0	2833.782042	2833.882039	0.0999964
623848.5	0.0999965	5530	stimuli/non_foods\stim156_inanimate_tools_scissors_4.png	11	66	1	scissors_4	0	261		NaN	0	0		0	0	2833.932037	2834.032034	0.0999965
623886	0.1000037	5531	stimuli/non_foods\stim044_animate_insect_ant_4.png	11	66	1	ant_4	0	4		NaN	0	0		0	0	2834.08203	2834.182034	0.1000037
623923.5	0.0999881	5532	stimuli/foods\cupcake.jpg	11	66	1	cupcake	1	102	TF_050	0	0	0		0	0	2834.23204	2834.332028	0.0999881
623961	0.0999918	5533	stimuli/non_foods\stim076_animate_mammal_monkey_4.png	11	66	1	monkey_4	0	191		NaN	1	0		0	0	2834.382035	2834.482026	0.0999918
623998.5	0.1000062	5534	stimuli/foods\grapefruits.jpg	11	66	1	grapefruits	1	141	NF_085	1	0	0		0	0	2834.532045	2834.632051	0.1000062
624036	0.099977	5535	stimuli/non_foods\stim046_animate_insect_bug_2.png	11	66	1	bug_2	0	37		NaN	0	0		0	0	2834.682048	2834.782025	0.099977
624073.5	0.0999984	5536	stimuli/non_foods\stim098_inanimate_clothing_socks_2.png	11	66	1	socks_2	0	268		NaN	0	1	f	0.4423295	1	2834.832029	2834.932028	0.0999984
624111	0.0999872	5537	stimuli/foods\pineapple.jpg	11	66	1	pineapple	1	231	NF_004	1	0	0		0	0	2834.982037	2835.082024	0.0999872
624148.5	0.0999932	5538	stimuli/non_foods\stim149_inanimate_tools_pan_1.png	11	66	1	pan_1	0	205		NaN	0	0		0	0	2835.132028	2835.232021	0.0999932
624186	0.0999989	5539	stimuli/non_foods\stim121_inanimate_plants_bush_1.png	11	66	1	bush_1	0	40		NaN	0	0		0	0	2835.282026	2835.382025	0.0999989
624223.5	0.0999854	5540	stimuli/foods\lasagna.jpg	11	66	1	lasagna	1	174	TF_076	0	0	0		0	0	2835.432034	2835.532019	0.0999854
624261	0.0999905	5541	stimuli/non_foods\stim134_inanimate_plants_tree_2.png	11	66	1	tree_2	0	300		NaN	0	0		0	0	2835.582022	2835.682012	0.0999905
624298.5	0.0999797	5542	stimuli/foods\green_olives.jpg	11	66	1	green_olives	1	148	TF_085	0	0	0		0	0	2835.732039	2835.832019	0.0999797
624336	0.0999955	5543	stimuli/non_foods\stim067_animate_mammal_giraffe_3.png	11	66	1	giraffe_3	0	134		NaN	0	0		0	0	2835.88202	2835.982015	0.0999955
624373.5	0.0999876	5544	stimuli/foods\blue_cheese.jpg	11	66	1	blue_cheese	1	25	TF_066	0	0	0		0	0	2836.032032	2836.132019	0.0999876
624411	0.0999867	5545	stimuli/foods\donut.jpg	11	66	1	donut	1	105	TF_032	0	0	0		0	0	2836.182026	2836.282013	0.0999867
624448.5	0.1000164	5546	stimuli/foods\fruit_salad.jpg	11	66	1	fruit_salad	1	129	NF_043	1	0	0		0	0	2836.332027	2836.432044	0.1000164
624486	0.0999797	5547	stimuli/foods\fries.jpg	11	66	1	fries	1	126	TF_094	0	0	0		0	0	2836.482034	2836.582014	0.0999797
624523.5	0.0999895	5548	stimuli/foods\savory_pie.jpg	11	66	1	savory_pie	1	257	TF_146	0	0	0		0	0	2836.632021	2836.73201	0.0999895
624561	0.0999931	5549	stimuli/non_foods\stim049_animate_insect_butterfly_1.png	11	66	1	butterfly_1	0	44		NaN	0	0		0	0	2836.782019	2836.882012	0.0999931
624598.5	0.0999978	5550	stimuli/non_foods\stim146_inanimate_tools_hammer_2.png	11	66	1	hammer_2	0	152		NaN	0	0		0	0	2836.932012	2837.03201	0.0999978
624636	0.0999883	5551	stimuli/foods\toast.jpg	11	66	1	toast	1	296	TF_053	0	0	0		0	0	2837.082018	2837.182006	0.0999883
624673.5	0.0999902	5552	stimuli/foods\frankfurters.jpg	11	66	1	frankfurters	1	123	TF_156	0	0	0		0	0	2837.232017	2837.332007	0.0999902
624711	0.0999936	5553	stimuli/non_foods\stim025_animate_human_child_1.png	11	66	1	child_1	0	70		NaN	0	0		0	0	2837.382011	2837.482004	0.0999936
624748.5	0.0999946	5554	stimuli/foods\salmon.jpg	11	66	1	salmon	1	256	TF_130	0	0	0		0	0	2837.532009	2837.632003	0.0999946
624786	0.0999897	5555	stimuli/foods\watermelon.jpg	11	66	1	watermelon	1	309	NF_005	1	0	0		0	0	2837.682014	2837.782004	0.0999897
624823.5	0.0999937	5556	stimuli/non_foods\stim050_animate_insect_butterfly_2.png	11	66	1	butterfly_2	0	45		NaN	0	0		0	0	2837.832005	2837.931999	0.0999937
624861	0.0999921	5557	stimuli/foods\dried_figs.jpg	11	66	1	dried_figs	1	110	TF_054	0	0	0		0	0	2837.982009	2838.082001	0.0999921
624898.5	0.1000041	5558	stimuli/foods\raisins.jpg	11	66	1	raisins	1	241	NF_096	1	0	0		0	0	2838.132009	2838.232013	0.1000041
624936	0.0999877	5559	stimuli/foods\cuttlefish.jpg	11	66	1	cuttlefish	1	103	NF_093	1	0	0		0	0	2838.282007	2838.381995	0.0999877
624973.5	0.099995	5560	stimuli/non_foods\stim039_animate_human_sports_3.png	11	66	1	sports_3	0	280		NaN	0	0		0	0	2838.432001	2838.531996	0.099995
625011	0.0999995	5561	stimuli/non_foods\stim042_animate_insect_ant_2.png	11	66	1	ant_2	0	2		NaN	0	0		0	0	2838.581996	2838.681995	0.0999995
625048.5	0.0999911	5562	stimuli/foods\swordfish.jpg	11	66	1	swordfish	1	290	TF_101	0	0	0		0	0	2838.732004	2838.831995	0.0999911
625086	0.0999758	5563	stimuli/foods\cracker.jpg	11	66	1	cracker	1	98	TF_043	0	0	0		0	0	2838.882005	2838.981981	0.0999758
625123.5	0.0999911	5564	stimuli/non_foods\stim016_animate_bird_peacock_4.png	11	66	1	peacock_4	0	222		NaN	0	0		0	0	2839.031997	2839.131988	0.0999911
625161	0.100011	5565	stimuli/foods\strawberry.jpg	11	66	1	strawberry	1	285	NF_037	1	0	0		0	0	2839.182001	2839.282012	0.100011
625198.5	0.0999954	5566	stimuli/non_foods\stim113_inanimate_furniture_sofa_1.png	11	66	1	sofa_1	0	271		NaN	0	0		0	0	2839.331994	2839.431989	0.0999954
625236	0.0999934	5567	stimuli/foods\smoked_ham.jpg	11	66	1	smoked_ham	1	266	TF_118	0	0	0		0	0	2839.481995	2839.581989	0.0999934
625273.5	0.0999882	5568	stimuli/foods\lemon.jpg	11	66	1	lemon	1	175	NF_049	1	0	0		0	0	2839.631998	2839.731986	0.0999882
625311	0.0999922	5569	stimuli/foods\lobster.jpg	11	66	1	lobster	1	182	NF_007	1	0	0		0	0	2839.781994	2839.881986	0.0999922
625348.5	0.0999613	5570	stimuli/foods\mushroom.jpg	11	66	1	mushroom	1	194	NF_039	1	0	0		0	0	2839.932025	2840.031987	0.0999613
625386	0.0999909	5571	stimuli/foods\almonds.jpg	11	66	1	almonds	1	0	NF_053	1	0	0		0	0	2840.081991	2840.181982	0.0999909
625423.5	0.0999913	5572	stimuli/foods\omelette.jpg	11	66	1	omelette	1	199	TF_057	0	0	0		0	0	2840.231991	2840.331982	0.0999913
625461	0.0999943	5573	stimuli/non_foods\stim026_animate_human_child_2.png	11	66	1	child_2	0	71		NaN	0	0		0	0	2840.381987	2840.481981	0.0999943
625498.5	0.0999928	5574	stimuli/non_foods\stim015_animate_bird_peacock_3.png	11	66	1	peacock_3	0	221		NaN	0	0		0	0	2840.531989	2840.631981	0.0999928
625536	0.0999874	5575	stimuli/foods\peas.jpg	11	66	1	peas	1	224	NF_081	1	0	0		0	0	2840.681989	2840.781976	0.0999874
625573.5	0.0999937	5576	stimuli/non_foods\stim072_animate_mammal_kangaroo_4.png	11	66	1	kangaroo_4	0	171		NaN	0	0		0	0	2840.831984	2840.931977	0.0999937
625611	0.0999923	5577	stimuli/foods\blackberry.jpg	11	66	1	blackberry	1	24	NF_063	1	0	0		0	0	2840.981986	2841.081978	0.0999923
625648.5	0.0999986	5578	stimuli/non_foods\stim147_inanimate_tools_hammer_3.png	11	66	1	hammer_3	0	153		NaN	0	0		0	0	2841.131977	2841.231975	0.0999986
625686	0.0999866	5579	stimuli/foods\brownie.jpg	11	66	1	brownie	1	34	TF_011	0	0	0		0	0	2841.281985	2841.381971	0.0999866
625723.5	0.0999925	5580	stimuli/non_foods\stim096_inanimate_clothing_shirt_4.png	11	66	1	shirt_4	0	265		NaN	0	0		0	0	2841.431978	2841.53197	0.0999925
625761	0.0999926	5581	stimuli/non_foods\stim085_inanimate_clothing_hat_1.png	11	66	1	hat_1	0	155		NaN	0	0		0	0	2841.581976	2841.681969	0.0999926
625798.5	0.0999382	5582	stimuli/non_foods\stim045_animate_insect_bug_1.png	11	66	1	bug_1	0	36		NaN	0	0		0	0	2841.732002	2841.83194	0.0999382
625836	0.0999935	5583	stimuli/foods\brie.jpg	11	66	1	brie	1	28	TF_016	0	0	0		0	0	2841.881978	2841.981971	0.0999935
625873.5	0.0999859	5584	stimuli/foods\oyster.jpg	11	66	1	oyster	1	204	NF_067	1	0	0		0	0	2842.031979	2842.131964	0.0999859
625911	0.0999968	5585	stimuli/non_foods\stim043_animate_insect_ant_3.png	11	66	1	ant_3	0	3		NaN	0	0		0	0	2842.181968	2842.281965	0.0999968
625948.5	0.0999996	5586	stimuli/non_foods\stim139_inanimate_plants_tulip_3.png	11	66	1	tulip_3	0	305		NaN	0	0		0	0	2842.331967	2842.431967	0.0999996
625986	0.0999858	5587	stimuli/foods\meatballs.jpg	11	66	1	meatballs	1	186	TF_112	0	1	0		0	0	2842.481978	2842.581963	0.0999858
626023.5	0.1000033	5588	stimuli/non_foods\stim142_inanimate_tools_broom_2.png	11	66	1	broom_2	0	31		NaN	0	0		0	0	2842.631965	2842.731968	0.1000033
626061	0.09999	5589	stimuli/non_foods\stim130_inanimate_plants_sunflower_2.png	11	66	1	sunflower_2	0	287		NaN	0	0		0	0	2842.781964	2842.881954	0.09999
626098.5	0.0999906	5590	stimuli/foods\parmesan_cheese.jpg	11	66	1	parmesan_cheese	1	211	TF_091	0	0	1	f	0.4423558	1	2842.93197	2843.031961	0.0999906
626136	0.0999947	5591	stimuli/non_foods\stim018_animate_bird_penguin_2.png	11	66	1	penguin_2	0	226		NaN	0	0		0	0	2843.081964	2843.181959	0.0999947
626173.5	0.0999937	5592	stimuli/foods\spaghetti_with_olives_and_capers.jpg	11	66	1	spaghetti_with_olives_and_capers	1	276	TF_135	0	0	0		0	0	2843.231966	2843.331959	0.0999937
626211	0.1000194	5593	stimuli/non_foods\stim107_inanimate_furniture_chair_3.png	11	66	1	chair_3	0	62		NaN	0	0		0	0	2843.381961	2843.48198	0.1000194
626248.5	0.0999478	5594	stimuli/non_foods\stim040_animate_human_sports_4.png	11	66	1	sports_4	0	281		NaN	0	0		0	0	2843.532009	2843.631957	0.0999478
626286	0.0999852	5595	stimuli/foods\pumpkin.jpg	11	66	1	pumpkin	1	239	NF_101	1	0	0		0	0	2843.681967	2843.781952	0.0999852
626323.5	0.0999918	5596	stimuli/foods\banana.jpg	11	66	1	banana	1	18	NF_013	1	0	0		0	0	2843.831962	2843.931954	0.0999918
626361	0.0999947	5597	stimuli/non_foods\stim101_inanimate_furniture_bed_1.png	11	66	1	bed_1	0	19		NaN	0	0		0	0	2843.981959	2844.081954	0.0999947
626398.5	0.0999892	5598	stimuli/foods\spinach.jpg	11	66	1	spinach	1	277	NF_094	1	0	0		0	0	2844.131961	2844.23195	0.0999892
626436	0.0999913	5599	stimuli/foods\cooked_prawn.jpg	11	66	1	cooked_prawn	1	92	TF_060	0	0	0		0	0	2844.281961	2844.381952	0.0999913
626473.5	0.0999898	5600	stimuli/foods\fruit_flan.jpg	11	66	1	fruit_flan	1	127	TF_093	0	0	0		0	0	2844.431959	2844.531949	0.0999898
626511	0.0999927	5601	stimuli/foods\garlic.jpg	11	66	1	garlic	1	130	NF_001	1	0	0		0	0	2844.581975	2844.681968	0.0999927
626548.5	0.099994	5602	stimuli/non_foods\stim008_animate_bird_duck_4.png	11	66	1	duck_4	0	114		NaN	0	0		0	0	2844.731952	2844.831946	0.099994
626586	0.0999982	5603	stimuli/non_foods\stim041_animate_insect_ant_1.png	11	66	1	ant_1	0	1		NaN	0	0		0	0	2844.881946	2844.981944	0.0999982
626623.5	0.0999918	5604	stimuli/non_foods\stim003_animate_bird_chicken_3.png	11	66	1	chicken_3	0	68		NaN	0	0		0	0	2845.031952	2845.131944	0.0999918
626661	0.1000205	5605	stimuli/non_foods\stim032_animate_human_clown_4.png	11	66	1	clown_4	0	88		NaN	0	0		0	0	2845.18194	2845.281961	0.1000205
626698.5	0.0999751	5606	stimuli/non_foods\stim030_animate_human_clown_2.png	11	66	1	clown_2	0	86		NaN	0	0		0	0	2845.331967	2845.431942	0.0999751
626736	0.0999868	5607	stimuli/foods\egg.jpg	11	66	1	egg	1	115	NF_095	1	0	0		0	0	2845.481953	2845.58194	0.0999868
626773.5	0.0999925	5608	stimuli/non_foods\stim128_inanimate_plants_cactus_4.png	11	66	1	cactus_4	0	52		NaN	0	0		0	0	2845.631943	2845.731936	0.0999925
626811	0.0999883	5609	stimuli/foods\lime.jpg	11	66	1	lime	1	180	NF_048	1	0	0		0	0	2845.781948	2845.881936	0.0999883
626848.5	0.0999913	5610	stimuli/foods\raw_sausage.jpg	11	66	1	raw_sausage	1	243	TF_131	0	0	0		0	0	2845.931947	2846.031938	0.0999913
626886	0.0999974	5611	stimuli/foods\octopus.jpg	11	66	1	octopus	1	198	TF_113	0	0	0		0	0	2846.081944	2846.181942	0.0999974
626923.5	0.0999989	5612	stimuli/non_foods\stim010_animate_bird_parrot_2.png	11	66	1	parrot_2	0	213		NaN	0	0		0	0	2846.231937	2846.331936	0.0999989
626961	0.0999838	5613	stimuli/non_foods\stim159_inanimate_tools_wrench_3.png	11	66	1	wrench_3	0	312		NaN	0	0		0	0	2846.381948	2846.481932	0.0999838
626998.5	0.0999968	5614	stimuli/non_foods\stim133_inanimate_plants_tree_1.png	11	66	1	tree_1	0	299		NaN	0	0		0	0	2846.531936	2846.631933	0.0999968
627036	0.0999862	5615	stimuli/foods\toasted_bread_with_tomatoes.jpg	11	66	1	toasted_bread_with_tomatoes	1	297	TF_017	0	0	0		0	0	2846.681941	2846.781927	0.0999862
627073.5	0.099989	5616	stimuli/foods\fried_zucchini.jpg	11	66	1	fried_zucchini	1	125	TF_159	0	0	0		0	0	2846.831938	2846.931927	0.099989
627111	0.0999895	5617	stimuli/foods\broccoli.jpg	11	66	1	broccoli	1	29	NF_016	1	0	0		0	0	2846.981964	2847.081953	0.0999895
627148.5	0.099989	5618	stimuli/foods\pasta_carbonara.jpg	11	66	1	pasta_carbonara	1	216	TF_027	0	0	0		0	0	2847.131938	2847.231927	0.099989
627186	0.099995	5619	stimuli/non_foods\stim084_inanimate_clothing_gloves_4.png	11	66	1	gloves_4	0	139		NaN	0	0		0	0	2847.28193	2847.381925	0.099995
627223.5	0.0999891	5620	stimuli/foods\museli_bars.jpg	11	66	1	museli_bars	1	193	TF_008	0	0	0		0	0	2847.431937	2847.531926	0.0999891
627261	0.0999876	5621	stimuli/non_foods\stim069_animate_mammal_kangaroo_1.png	11	66	1	kangaroo_1	0	168		NaN	0	0		0	0	2847.581926	2847.681914	0.0999876
627298.5	0.099987	5622	stimuli/foods\steak.jpg	11	66	1	steak	1	283	TF_013	0	0	0		0	0	2847.731933	2847.83192	0.099987
627336	0.099989	5623	stimuli/foods\pork_loin_with_peas.jpg	11	66	1	pork_loin_with_peas	1	234	TF_003	0	0	0		0	0	2847.881932	2847.981921	0.099989
627373.5	0.0999891	5624	stimuli/foods\hamburger.jpg	11	66	1	hamburger	1	150	TF_069	0	0	0		0	0	2848.031928	2848.131917	0.0999891
627411	0.0999887	5625	stimuli/foods\pomegranate.jpg	11	66	1	pomegranate	1	232	NF_058	1	0	0		0	0	2848.18193	2848.281919	0.0999887
627448.5	0.0999982	5626	stimuli/non_foods\stim060_animate_insect_grasshopper_4.png	11	66	1	grasshopper_4	0	146		NaN	0	0		0	0	2848.331918	2848.431916	0.0999982
627486	0.0999914	5627	stimuli/foods\fennel.jpg	11	66	1	fennel	1	121	NF_036	1	0	0		0	0	2848.481927	2848.581918	0.0999914
627523.5	0.0999949	5628	stimuli/non_foods\stim115_inanimate_furniture_sofa_3.png	11	66	1	sofa_3	0	273		NaN	0	0		0	0	2848.631921	2848.731915	0.0999949
627561	0.1000084	5629	stimuli/foods\mandarin.jpg	11	66	1	mandarin	1	184	NF_052	1	0	0		0	0	2848.781909	2848.881917	0.1000084
627598.5	0.099991	5630	stimuli/foods\honey.jpg	11	66	1	honey	1	160	NF_062	1	0	0		0	0	2848.93192	2849.031911	0.099991
627636	0.0999788	5631	stimuli/foods\cream_donuts.jpg	11	66	1	cream_donuts	1	99	TF_014	0	0	0		0	0	2849.08192	2849.181899	0.0999788
627673.5	0.0999955	5632	stimuli/non_foods\stim052_animate_insect_butterfly_4.png	11	66	1	butterfly_4	0	47		NaN	0	0		0	0	2849.231915	2849.33191	0.0999955
627711	0.0999999	5633	stimuli/non_foods\stim028_animate_human_child_4.png	11	66	1	child_4	0	73		NaN	0	0		0	0	2849.381912	2849.481911	0.0999999
627748.5	0.0999972	5634	stimuli/non_foods\stim080_animate_mammal_rhino_4.png	11	66	1	rhino_4	0	249		NaN	0	0		0	0	2849.531911	2849.631908	0.0999972
627786	0.0999944	5635	stimuli/non_foods\stim068_animate_mammal_giraffe_4.png	11	66	1	giraffe_4	0	135		NaN	0	0		0	0	2849.681912	2849.781906	0.0999944
627823.5	0.0999959	5636	stimuli/foods\chocolate_pudding.jpg	11	66	1	chocolate_pudding	1	78	TF_018	0	0	0		0	0	2849.831918	2849.931914	0.0999959
628640.25	0.099951	5637	stimuli/foods\fruit_pie.jpg	11	67	1	fruit_pie	1	128	TF_147	0	0	0		0	0	2853.098592	2853.198543	0.099951
628677.75	0.0999969	5638	stimuli/non_foods\stim109_inanimate_furniture_closet_1.png	11	67	1	closet_1	0	81		NaN	0	0		0	0	2853.24855	2853.348546	0.0999969
628715.25	0.0999905	5639	stimuli/foods\apple.jpg	11	67	1	apple	1	5	NF_055	1	0	0		0	0	2853.398554	2853.498545	0.0999905
628752.75	0.0999906	5640	stimuli/foods\lemon_meringue_pie.jpg	11	67	1	lemon_meringue_pie	1	176	TF_151	0	0	0		0	0	2853.548552	2853.648542	0.0999906
628790.25	0.0999967	5641	stimuli/non_foods\stim037_animate_human_sports_1.png	11	67	1	sports_1	0	278		NaN	0	0		0	0	2853.698544	2853.798541	0.0999967
628827.75	0.0999687	5642	stimuli/foods\nectarine.jpg	11	67	1	nectarine	1	196	NF_078	1	0	0		0	0	2853.848567	2853.948536	0.0999687
628865.25	0.0999916	5643	stimuli/foods\celery.jpg	11	67	1	celery	1	58	NF_092	1	0	0		0	0	2853.998549	2854.098541	0.0999916
628902.75	0.099986	5644	stimuli/foods\bread.jpg	11	67	1	bread	1	26	TF_089	0	0	0		0	0	2854.148551	2854.248537	0.099986
628940.25	0.0999969	5645	stimuli/non_foods\stim104_inanimate_furniture_bed_4.png	11	67	1	bed_4	0	22		NaN	0	0		0	0	2854.29854	2854.398537	0.0999969
628977.75	0.099993	5646	stimuli/non_foods\stim070_animate_mammal_kangaroo_2.png	11	67	1	kangaroo_2	0	169		NaN	0	0		0	0	2854.44854	2854.548533	0.099993
629015.25	0.0999964	5647	stimuli/non_foods\stim111_inanimate_furniture_closet_3.png	11	67	1	closet_3	0	83		NaN	0	0		0	0	2854.598537	2854.698534	0.0999964
629052.75	0.1000157	5648	stimuli/non_foods\stim034_animate_human_faces_2.png	11	67	1	faces_2	0	118		NaN	0	0		0	0	2854.748543	2854.848559	0.1000157
629090.25	0.0999876	5649	stimuli/foods\spaghetti_with_meat_sauce.jpg	11	67	1	spaghetti_with_meat_sauce	1	275	TF_137	0	0	0		0	0	2854.898545	2854.998533	0.0999876
629127.75	0.0999963	5650	stimuli/non_foods\stim145_inanimate_tools_hammer_1.png	11	67	1	hammer_1	0	151		NaN	0	0		0	0	2855.048532	2855.148528	0.0999963
629165.25	0.0999925	5651	stimuli/non_foods\stim087_inanimate_clothing_hat_3.png	11	67	1	hat_3	0	157		NaN	0	0		0	0	2855.198535	2855.298527	0.0999925
629202.75	0.0999958	5652	stimuli/non_foods\stim057_animate_insect_grasshopper_1.png	11	67	1	grasshopper_1	0	143		NaN	0	0		0	0	2855.34853	2855.448526	0.0999958
629240.25	0.099997	5653	stimuli/non_foods\stim073_animate_mammal_monkey_1.png	11	67	1	monkey_1	0	188		NaN	0	0		0	0	2855.498532	2855.598529	0.099997
629277.75	0.0999917	5654	stimuli/non_foods\stim086_inanimate_clothing_hat_2.png	11	67	1	hat_2	0	156		NaN	0	0		0	0	2855.648533	2855.748525	0.0999917
629315.25	0.0999931	5655	stimuli/non_foods\stim024_animate_human_baby_4.png	11	67	1	baby_4	0	13		NaN	0	0		0	0	2855.798528	2855.898522	0.0999931
629352.75	0.0999902	5656	stimuli/foods\asparagus.jpg	11	67	1	asparagus	1	8	NF_010	1	0	0		0	0	2855.948532	2856.048522	0.0999902
629390.25	0.0999916	5657	stimuli/non_foods\stim053_animate_insect_dragonfly_1.png	11	67	1	dragonfly_1	0	106		NaN	0	0		0	0	2856.098529	2856.19852	0.0999916
629427.75	0.0999958	5658	stimuli/non_foods\stim001_animate_bird_chicken_1.png	11	67	1	chicken_1	0	66		NaN	1	0		0	0	2856.248523	2856.348519	0.0999958
629465.25	0.0999951	5659	stimuli/foods\cereal.jpg	11	67	1	cereal	1	59	TF_028	0	0	0		0	0	2856.398531	2856.498527	0.0999951
629502.75	0.0999863	5660	stimuli/non_foods\stim153_inanimate_tools_scissors_1.png	11	67	1	scissors_1	0	258		NaN	0	1	f	0.3090711	1	2856.548545	2856.648532	0.0999863
629540.25	0.0999985	5661	stimuli/non_foods\stim077_animate_mammal_rhino_1.png	11	67	1	rhino_1	0	246		NaN	0	0		0	0	2856.698518	2856.798517	0.0999985
629577.75	0.0999893	5662	stimuli/foods\hotdog.jpg	11	67	1	hotdog	1	161	TF_070	0	0	0		0	0	2856.848526	2856.948515	0.0999893
629615.25	0.0999901	5663	stimuli/foods\baked_cod_with_carrots_and_green_beans.jpg	11	67	1	baked_cod_with_carrots_and_green_beans	1	16	TF_082	0	0	0		0	0	2856.998524	2857.098514	0.0999901
629652.75	0.09999	5664	stimuli/foods\mussels.jpg	11	67	1	mussels	1	195	TF_042	0	0	0		0	0	2857.148522	2857.248512	0.09999
629690.25	0.0999941	5665	stimuli/non_foods\stim019_animate_bird_penguin_3.png	11	67	1	penguin_3	0	227		NaN	0	0		0	0	2857.298517	2857.398511	0.0999941
629727.75	0.0999906	5666	stimuli/foods\chilli.jpg	11	67	1	chilli	1	74	NF_073	1	0	0		0	0	2857.448521	2857.548512	0.0999906
629765.25	0.1000057	5667	stimuli/foods\hazelnuts.jpg	11	67	1	hazelnuts	1	159	NF_065	1	0	0		0	0	2857.598518	2857.698524	0.1000057
629802.75	0.0999926	5668	stimuli/non_foods\stim021_animate_human_baby_1.png	11	67	1	baby_1	0	10		NaN	0	0		0	0	2857.748515	2857.848507	0.0999926
629840.25	0.0999924	5669	stimuli/foods\licorice.jpg	11	67	1	licorice	1	179	TF_078	0	0	0		0	0	2857.898515	2857.998508	0.0999924
629877.75	0.0999863	5670	stimuli/foods\pepperoni_pizza.jpg	11	67	1	pepperoni_pizza	1	229	TF_106	0	0	0		0	0	2858.048517	2858.148504	0.0999863
629915.25	0.1000034	5671	stimuli/non_foods\stim144_inanimate_tools_broom_4.png	11	67	1	broom_4	0	33		NaN	0	0		0	0	2858.198507	2858.298511	0.1000034
629952.75	0.0999598	5672	stimuli/foods\peach.jpg	11	67	1	peach	1	218	NF_079	1	0	0		0	0	2858.348542	2858.448502	0.0999598
629990.25	0.0999896	5673	stimuli/foods\kiwi.jpg	11	67	1	kiwi	1	172	NF_044	1	0	0		0	0	2858.49851	2858.598499	0.0999896
630027.75	0.0999924	5674	stimuli/foods\ginger_root.jpg	11	67	1	ginger_root	1	131	NF_088	1	0	0		0	0	2858.648508	2858.7485	0.0999924
630065.25	0.0999962	5675	stimuli/non_foods\stim097_inanimate_clothing_socks_1.png	11	67	1	socks_1	0	267		NaN	0	0		0	0	2858.798504	2858.8985	0.0999962
630102.75	0.0999921	5676	stimuli/foods\oven-roasted_tomatoes.jpg	11	67	1	oven-roasted_tomatoes	1	203	TF_114	0	0	0		0	0	2858.948507	2859.048499	0.0999921
630140.25	0.0999896	5677	stimuli/foods\lentils.jpg	11	67	1	lentils	1	177	NF_047	1	0	0		0	0	2859.098508	2859.198498	0.0999896
630177.75	0.0999878	5678	stimuli/foods\taco.jpg	11	67	1	taco	1	295	TF_141	0	0	0		0	0	2859.248506	2859.348494	0.0999878
630215.25	0.1000073	5679	stimuli/foods\bagel.jpg	11	67	1	bagel	1	14	TF_005	0	0	0		0	0	2859.398501	2859.498508	0.1000073
630252.75	0.09999	5680	stimuli/foods\figs.jpg	11	67	1	figs	1	122	NF_035	1	0	0		0	0	2859.548504	2859.648494	0.09999
630290.25	0.0999955	5681	stimuli/non_foods\stim093_inanimate_clothing_shirt_1.png	11	67	1	shirt_1	0	262		NaN	0	0		0	0	2859.698495	2859.79849	0.0999955
630327.75	0.0999906	5682	stimuli/foods\pear.jpg	11	67	1	pear	1	223	NF_077	1	0	0		0	0	2859.848499	2859.94849	0.0999906
630365.25	0.0999927	5683	stimuli/non_foods\stim151_inanimate_tools_pan_3.png	11	67	1	pan_3	0	207		NaN	0	0		0	0	2859.998494	2860.098487	0.0999927
630402.75	0.0999707	5684	stimuli/non_foods\stim112_inanimate_furniture_closet_4.png	11	67	1	closet_4	0	84		NaN	0	0		0	0	2860.148517	2860.248487	0.0999707
630440.25	0.0999985	5685	stimuli/non_foods\stim160_inanimate_tools_wrench_4.png	11	67	1	wrench_4	0	313		NaN	0	0		0	0	2860.298489	2860.398487	0.0999985
630477.75	0.0999885	5686	stimuli/foods\grapes.jpg	11	67	1	grapes	1	142	NF_098	1	0	0		0	0	2860.448497	2860.548485	0.0999885
630515.25	0.0999896	5687	stimuli/non_foods\stim135_inanimate_plants_tree_3.png	11	67	1	tree_3	0	301		NaN	0	0		0	0	2860.598491	2860.69848	0.0999896
630552.75	0.0999917	5688	stimuli/non_foods\stim011_animate_bird_parrot_3.png	11	67	1	parrot_3	0	214		NaN	0	0		0	0	2860.748491	2860.848483	0.0999917
630590.25	0.0999895	5689	stimuli/foods\linguine_with_clams.jpg	11	67	1	linguine_with_clams	1	181	TF_077	0	0	0		0	0	2860.898492	2860.998482	0.0999895
630627.75	0.0999925	5690	stimuli/foods\oregano.jpg	11	67	1	oregano	1	202	NF_066	1	0	0		0	0	2861.048491	2861.148483	0.0999925
630665.25	0.0999842	5691	stimuli/non_foods\stim027_animate_human_child_3.png	11	67	1	child_3	0	72		NaN	0	0		0	0	2861.1985	2861.298485	0.0999842
630702.75	0.0999893	5692	stimuli/foods\dates.jpg	11	67	1	dates	1	104	NF_032	1	0	0		0	0	2861.348488	2861.448478	0.0999893
630740.25	0.0999884	5693	stimuli/foods\bread_roll.jpg	11	67	1	bread_roll	1	27	TF_090	0	0	0		0	0	2861.498489	2861.598478	0.0999884
630777.75	0.0999935	5694	stimuli/non_foods\stim063_animate_mammal_cow_3.png	11	67	1	cow_3	0	96		NaN	0	0		0	0	2861.648481	2861.748475	0.0999935
630815.25	0.1000412	5695	stimuli/foods\raw_ham.jpg	11	67	1	raw_ham	1	242	TF_117	0	0	0		0	0	2861.798487	2861.898528	0.1000412
630852.75	0.0999716	5696	stimuli/non_foods\stim154_inanimate_tools_scissors_2.png	11	67	1	scissors_2	0	259		NaN	0	0		0	0	2861.948501	2862.048472	0.0999716
630890.25	0.0999862	5697	stimuli/foods\rockmelon.jpg	11	67	1	rockmelon	1	254	NF_060	1	0	0		0	0	2862.098484	2862.19847	0.0999862
630927.75	0.0999891	5698	stimuli/foods\pickles.jpg	11	67	1	pickles	1	230	TF_134	0	0	0		0	0	2862.248482	2862.348471	0.0999891
630965.25	0.0999939	5699	stimuli/non_foods\stim132_inanimate_plants_sunflower_4.png	11	67	1	sunflower_4	0	289		NaN	0	0		0	0	2862.398477	2862.49847	0.0999939
631002.75	0.0999932	5700	stimuli/foods\roasted_chicken.jpg	11	67	1	roasted_chicken	1	253	TF_109	0	0	0		0	0	2862.548477	2862.648471	0.0999932
631040.25	0.0999947	5701	stimuli/non_foods\stim007_animate_bird_duck_3.png	11	67	1	duck_3	0	113		NaN	0	0		0	0	2862.698474	2862.798469	0.0999947
631077.75	0.0999883	5702	stimuli/foods\potato_chips.jpg	11	67	1	potato_chips	1	236	TF_097	0	0	0		0	0	2862.848475	2862.948464	0.0999883
631115.25	0.0999748	5703	stimuli/foods\cinnamon_sroll.jpg	11	67	1	cinnamon_sroll	1	80	TF_021	0	0	0		0	0	2862.998489	2863.098463	0.0999748
631152.75	0.0999939	5704	stimuli/non_foods\stim079_animate_mammal_rhino_3.png	11	67	1	rhino_3	0	248		NaN	0	0		0	0	2863.148469	2863.248462	0.0999939
631190.25	0.0999871	5705	stimuli/non_foods\stim047_animate_insect_bug_3.png	11	67	1	bug_3	0	38		NaN	0	0		0	0	2863.298465	2863.398452	0.0999871
631227.75	0.0999793	5706	stimuli/foods\cherry.jpg	11	67	1	cherry	1	64	NF_027	1	0	0		0	0	2863.448475	2863.548454	0.0999793
631265.25	0.0999989	5707	stimuli/foods\chocolate_bar.jpg	11	67	1	chocolate_bar	1	75	TF_033	0	0	0		0	0	2863.598472	2863.698471	0.0999989
631302.75	0.0999926	5708	stimuli/foods\nougat.jpg	11	67	1	nougat	1	197	TF_144	0	0	0		0	0	2863.74846	2863.848452	0.0999926
631340.25	0.0999986	5709	stimuli/non_foods\stim129_inanimate_plants_sunflower_1.png	11	67	1	sunflower_1	0	286		NaN	1	0		0	0	2863.898457	2863.998456	0.0999986
631377.75	0.0999878	5710	stimuli/foods\eggplant.jpg	11	67	1	eggplant	1	116	NF_059	1	0	0		0	0	2864.04847	2864.148458	0.0999878
631415.25	0.0999928	5711	stimuli/foods\coconut.jpg	11	67	1	coconut	1	89	NF_030	1	0	1	f	0.3920947	1	2864.198462	2864.298455	0.0999928
631452.75	0.0999856	5712	stimuli/foods\lettuce.jpg	11	67	1	lettuce	1	178	NF_046	1	0	0		0	0	2864.348466	2864.448451	0.0999856
631490.25	0.099996	5713	stimuli/non_foods\stim140_inanimate_plants_tulip_4.png	11	67	1	tulip_4	0	306		NaN	0	0		0	0	2864.498455	2864.598451	0.099996
631527.75	0.0999881	5714	stimuli/foods\salami.jpg	11	67	1	salami	1	255	TF_127	0	0	0		0	0	2864.648464	2864.748452	0.0999881
631565.25	0.0999838	5715	stimuli/non_foods\stim155_inanimate_tools_scissors_3.png	11	67	1	scissors_3	0	260		NaN	0	0		0	0	2864.798464	2864.898448	0.0999838
631602.75	0.099986	5716	stimuli/foods\gnocchi.jpg	11	67	1	gnocchi	1	140	TF_064	0	0	0		0	0	2864.948461	2865.048447	0.099986
631640.25	0.0999871	5717	stimuli/foods\pea_pod.jpg	11	67	1	pea_pod	1	217	NF_082	1	0	0		0	0	2865.098459	2865.198446	0.0999871
631677.75	0.1000094	5718	stimuli/foods\beetroots.jpg	11	67	1	beetroots	1	23	NF_015	1	0	0		0	0	2865.248458	2865.348468	0.1000094
631715.25	0.1000097	5719	stimuli/non_foods\stim103_inanimate_furniture_bed_3.png	11	67	1	bed_3	0	21		NaN	0	0		0	0	2865.398456	2865.498466	0.1000097
631752.75	0.0999909	5720	stimuli/foods\pork_and_rice.jpg	11	67	1	pork_and_rice	1	233	TF_080	0	0	0		0	0	2865.548453	2865.648444	0.0999909
631790.25	0.0999985	5721	stimuli/foods\onion.jpg	11	67	1	onion	1	200	NF_029	1	0	0		0	0	2865.698446	2865.798444	0.0999985
631827.75	0.0999894	5722	stimuli/non_foods\stim136_inanimate_plants_tree_4.png	11	67	1	tree_4	0	302		NaN	0	0		0	0	2865.84845	2865.94844	0.0999894
631865.25	0.0999907	5723	stimuli/foods\radish.jpg	11	67	1	radish	1	240	NF_090	1	0	0		0	0	2865.998451	2866.098442	0.0999907
631902.75	0.0999948	5724	stimuli/non_foods\stim114_inanimate_furniture_sofa_2.png	11	67	1	sofa_2	0	272		NaN	0	0		0	0	2866.148444	2866.248439	0.0999948
631940.25	0.0999954	5725	stimuli/non_foods\stim059_animate_insect_grasshopper_3.png	11	67	1	grasshopper_3	0	145		NaN	0	0		0	0	2866.298442	2866.398437	0.0999954
631977.75	0.1000102	5726	stimuli/foods\cabbage.jpg	11	67	1	cabbage	1	48	NF_025	1	0	0		0	0	2866.448447	2866.548458	0.1000102
632015.25	0.0999888	5727	stimuli/foods\minestrone_soup.jpg	11	67	1	minestrone_soup	1	187	TF_160	0	0	0		0	0	2866.598447	2866.698435	0.0999888
632052.75	0.099989	5728	stimuli/foods\prawn.jpg	11	67	1	prawn	1	238	NF_041	1	0	0		0	0	2866.748447	2866.848436	0.099989
632090.25	0.0999983	5729	stimuli/non_foods\stim158_inanimate_tools_wrench_2.png	11	67	1	wrench_2	0	311		NaN	0	0		0	0	2866.898435	2866.998433	0.0999983
632127.75	0.1000034	5730	stimuli/non_foods\stim066_animate_mammal_giraffe_2.png	11	67	1	giraffe_2	0	133		NaN	0	0		0	0	2867.048434	2867.148437	0.1000034
632165.25	0.0999659	5731	stimuli/foods\apricot.jpg	11	67	1	apricot	1	6	NF_002	1	0	0		0	0	2867.198463	2867.298429	0.0999659
632202.75	0.0999968	5732	stimuli/non_foods\stim004_animate_bird_chicken_4.png	11	67	1	chicken_4	0	69		NaN	0	0		0	0	2867.348435	2867.448432	0.0999968
632240.25	0.0999883	5733	stimuli/foods\fried_calamari.jpg	11	67	1	fried_calamari	1	124	TF_020	0	0	0		0	0	2867.498439	2867.598427	0.0999883
632277.75	0.100002	5734	stimuli/non_foods\stim152_inanimate_tools_pan_4.png	11	67	1	pan_4	0	208		NaN	0	0		0	0	2867.648426	2867.748428	0.100002
632315.25	0.0999962	5735	stimuli/non_foods\stim002_animate_bird_chicken_2.png	11	67	1	chicken_2	0	67		NaN	0	0		0	0	2867.798428	2867.898424	0.0999962
632352.75	0.0999933	5736	stimuli/non_foods\stim056_animate_insect_dragonfly_4.png	11	67	1	dragonfly_4	0	109		NaN	0	0		0	0	2867.948431	2868.048425	0.0999933
632390.25	0.0999947	5737	stimuli/non_foods\stim062_animate_mammal_cow_2.png	11	67	1	cow_2	0	95		NaN	0	0		0	0	2868.098431	2868.198425	0.0999947
632427.75	0.1000048	5738	stimuli/foods\lollies.jpg	11	67	1	lollies	1	183	TF_026	0	0	0		0	0	2868.248431	2868.348436	0.1000048
632465.25	0.1000023	5739	stimuli/non_foods\stim148_inanimate_tools_hammer_4.png	11	67	1	hammer_4	0	154		NaN	0	0		0	0	2868.398421	2868.498423	0.1000023
632502.75	0.0999844	5740	stimuli/foods\cinnamon.jpg	11	67	1	cinnamon	1	79	NF_017	1	0	0		0	0	2868.548434	2868.648418	0.0999844
632540.25	0.0999961	5741	stimuli/non_foods\stim017_animate_bird_penguin_1.png	11	67	1	penguin_1	0	225		NaN	0	0		0	0	2868.69842	2868.798416	0.0999961
632577.75	0.09999	5742	stimuli/foods\potato_and_green_bean_salad.jpg	11	67	1	potato_and_green_bean_salad	1	235	TF_072	0	0	0		0	0	2868.848448	2868.948438	0.09999
632615.25	0.0999733	5743	stimuli/non_foods\stim126_inanimate_plants_cactus_2.png	11	67	1	cactus_2	0	50		NaN	0	0		0	0	2868.998444	2869.098417	0.0999733
632652.75	0.0999981	5744	stimuli/non_foods\stim089_inanimate_clothing_jeans_1.png	11	67	1	jeans_1	0	164		NaN	0	0		0	0	2869.148418	2869.248416	0.0999981
632690.25	0.0999914	5745	stimuli/foods\ice_cream.jpg	11	67	1	ice_cream	1	162	TF_062	0	0	0		0	0	2869.298425	2869.398416	0.0999914
632727.75	0.0999914	5746	stimuli/non_foods\stim075_animate_mammal_monkey_3.png	11	67	1	monkey_3	0	190		NaN	0	0		0	0	2869.448418	2869.54841	0.0999914
632765.25	0.0999928	5747	stimuli/non_foods\stim125_inanimate_plants_cactus_1.png	11	67	1	cactus_1	0	49		NaN	0	0		0	0	2869.598418	2869.698411	0.0999928
632802.75	0.0999945	5748	stimuli/non_foods\stim100_inanimate_clothing_socks_4.png	11	67	1	socks_4	0	270		NaN	0	0		0	0	2869.748418	2869.848412	0.0999945
632840.25	0.0999953	5749	stimuli/non_foods\stim023_animate_human_baby_3.png	11	67	1	baby_3	0	12		NaN	0	0		0	0	2869.898413	2869.998408	0.0999953
632877.75	0.1000063	5750	stimuli/non_foods\stim099_inanimate_clothing_socks_3.png	11	67	1	socks_3	0	269		NaN	0	0		0	0	2870.048411	2870.148417	0.1000063
632915.25	0.099985	5751	stimuli/foods\tomato.jpg	11	67	1	tomato	1	298	NF_084	1	0	0		0	0	2870.198419	2870.298403	0.099985
632952.75	0.0999885	5752	stimuli/foods\carrot.jpg	11	67	1	carrot	1	56	NF_019	1	0	0		0	0	2870.348416	2870.448405	0.0999885
632990.25	0.0999934	5753	stimuli/non_foods\stim088_inanimate_clothing_hat_4.png	11	67	1	hat_4	0	158		NaN	0	0		0	0	2870.498411	2870.598404	0.0999934
633027.75	0.1000301	5754	stimuli/non_foods\stim065_animate_mammal_giraffe_1.png	11	67	1	giraffe_1	0	132		NaN	0	0		0	0	2870.648404	2870.748435	0.1000301
633065.25	0.0999583	5755	stimuli/foods\red_cabbage.jpg	11	67	1	red_cabbage	1	245	NF_023	1	0	0		0	0	2870.798443	2870.898401	0.0999583
633102.75	0.1000191	5756	stimuli/non_foods\stim137_inanimate_plants_tulip_1.png	11	67	1	tulip_1	0	303		NaN	0	0		0	0	2870.948405	2871.048424	0.1000191
633140.25	0.0999752	5757	stimuli/non_foods\stim091_inanimate_clothing_jeans_3.png	11	67	1	jeans_3	0	166		NaN	0	0		0	0	2871.098425	2871.1984	0.0999752
633177.75	0.0999979	5758	stimuli/non_foods\stim143_inanimate_tools_broom_3.png	11	67	1	broom_3	0	32		NaN	0	0		0	0	2871.248403	2871.348401	0.0999979
633215.25	0.0999935	5759	stimuli/foods\lamb_chops.jpg	11	67	1	lamb_chops	1	173	TF_040	0	0	0		0	0	2871.398405	2871.498399	0.0999935
633252.75	0.1000001	5760	stimuli/non_foods\stim058_animate_insect_grasshopper_2.png	11	67	1	grasshopper_2	0	144		NaN	1	0		0	0	2871.548398	2871.648398	0.1000001
633290.25	0.099993	5761	stimuli/non_foods\stim013_animate_bird_peacock_1.png	11	67	1	peacock_1	0	219		NaN	0	0		0	0	2871.6984	2871.798393	0.099993
633327.75	0.0999952	5762	stimuli/non_foods\stim035_animate_human_faces_3.png	11	67	1	faces_3	0	119		NaN	0	1	f	0.3921	1	2871.848399	2871.948394	0.0999952
633365.25	0.0999949	5763	stimuli/non_foods\stim071_animate_mammal_kangaroo_3.png	11	67	1	kangaroo_3	0	170		NaN	0	0		0	0	2871.9984	2872.098395	0.0999949
633402.75	0.0999961	5764	stimuli/non_foods\stim090_inanimate_clothing_jeans_2.png	11	67	1	jeans_2	0	165		NaN	0	0		0	0	2872.148395	2872.248391	0.0999961
633440.25	0.0999992	5765	stimuli/non_foods\stim051_animate_insect_butterfly_3.png	11	67	1	butterfly_3	0	46		NaN	0	0		0	0	2872.298392	2872.398391	0.0999992
633477.75	0.100017	5766	stimuli/non_foods\stim055_animate_insect_dragonfly_3.png	11	67	1	dragonfly_3	0	108		NaN	0	0		0	0	2872.448395	2872.548412	0.100017
633515.25	0.0999785	5767	stimuli/non_foods\stim005_animate_bird_duck_1.png	11	67	1	duck_1	0	111		NaN	0	0		0	0	2872.598407	2872.698385	0.0999785
633552.75	0.0999985	5768	stimuli/non_foods\stim036_animate_human_faces_4.png	11	67	1	faces_4	0	120		NaN	0	0		0	0	2872.748389	2872.848388	0.0999985
633590.25	0.0999916	5769	stimuli/non_foods\stim031_animate_human_clown_3.png	11	67	1	clown_3	0	87		NaN	0	0		0	0	2872.898391	2872.998382	0.0999916
633627.75	0.0999883	5770	stimuli/foods\red_beans.jpg	11	67	1	red_beans	1	244	NF_033	1	0	0		0	0	2873.048394	2873.148382	0.0999883
633665.25	0.0999928	5771	stimuli/non_foods\stim006_animate_bird_duck_2.png	11	67	1	duck_2	0	112		NaN	0	0		0	0	2873.198389	2873.298382	0.0999928
633702.75	0.0999947	5772	stimuli/non_foods\stim029_animate_human_clown_1.png	11	67	1	clown_1	0	85		NaN	0	0		0	0	2873.348384	2873.448379	0.0999947
633740.25	0.0999895	5773	stimuli/foods\coffee_beans.jpg	11	67	1	coffee_beans	1	90	TF_029	0	0	0		0	0	2873.49839	2873.59838	0.0999895
633777.75	0.0999802	5774	stimuli/foods\capsicum.jpg	11	67	1	capsicum	1	55	NF_076	1	0	0		0	0	2873.6484	2873.74838	0.0999802
633815.25	0.0999926	5775	stimuli/non_foods\stim064_animate_mammal_cow_4.png	11	67	1	cow_4	0	97		NaN	0	0		0	0	2873.798382	2873.898375	0.0999926
633852.75	0.0999942	5776	stimuli/foods\green_beans.jpg	11	67	1	green_beans	1	147	NF_034	1	0	0		0	0	2873.948384	2874.048378	0.0999942
633890.25	0.099983	5777	stimuli/foods\mango.jpg	11	67	1	mango	1	185	NF_054	1	0	0		0	0	2874.098389	2874.198372	0.099983
633927.75	0.1000127	5778	stimuli/foods\ice_cream_sandwich.jpg	11	67	1	ice_cream_sandwich	1	163	TF_061	0	0	0		0	0	2874.248391	2874.348404	0.1000127
633965.25	0.0999667	5779	stimuli/non_foods\stim110_inanimate_furniture_closet_2.png	11	67	1	closet_2	0	82		NaN	0	0		0	0	2874.398392	2874.498359	0.0999667
634002.75	0.0999935	5780	stimuli/non_foods\stim092_inanimate_clothing_jeans_4.png	11	67	1	jeans_4	0	167		NaN	0	0		0	0	2874.548377	2874.648371	0.0999935
634040.25	0.0999978	5781	stimuli/non_foods\stim033_animate_human_faces_1.png	11	67	1	faces_1	0	117		NaN	0	0		0	0	2874.698376	2874.798373	0.0999978
634077.75	0.0999847	5782	stimuli/foods\pancakes.jpg	11	67	1	pancakes	1	209	TF_058	0	0	0		0	0	2874.848381	2874.948366	0.0999847
634115.25	0.0999888	5783	stimuli/foods\cucumber.jpg	11	67	1	cucumber	1	101	NF_026	1	0	0		0	0	2874.998378	2875.098367	0.0999888
634152.75	0.0999896	5784	stimuli/foods\baked_lamb_with_potatoes.jpg	11	67	1	baked_lamb_with_potatoes	1	17	TF_001	0	0	0		0	0	2875.148375	2875.248365	0.0999896
634190.25	0.0999886	5785	stimuli/foods\grilled_chicken_breast.jpg	11	67	1	grilled_chicken_breast	1	149	TF_104	0	0	0		0	0	2875.298375	2875.398364	0.0999886
634227.75	0.1000113	5786	stimuli/non_foods\stim118_inanimate_furniture_table_2.png	11	67	1	table_2	0	292		NaN	0	0		0	0	2875.448368	2875.548379	0.1000113
634265.25	0.0999906	5787	stimuli/foods\cooked_ham.jpg	11	67	1	cooked_ham	1	91	TF_116	0	0	0		0	0	2875.598373	2875.698364	0.0999906
634302.75	0.0999935	5788	stimuli/non_foods\stim131_inanimate_plants_sunflower_3.png	11	67	1	sunflower_3	0	288		NaN	0	0		0	0	2875.748366	2875.848359	0.0999935
634340.25	0.0999974	5789	stimuli/non_foods\stim102_inanimate_furniture_bed_2.png	11	67	1	bed_2	0	20		NaN	0	0		0	0	2875.898365	2875.998362	0.0999974
634377.75	0.0999791	5790	stimuli/foods\stew_with_potatoes_and_carrots.jpg	11	67	1	stew_with_potatoes_and_carrots	1	284	TF_139	0	0	0		0	0	2876.048394	2876.148373	0.0999791
634415.25	0.0999924	5791	stimuli/non_foods\stim014_animate_bird_peacock_2.png	11	67	1	peacock_2	0	220		NaN	0	0		0	0	2876.198363	2876.298356	0.0999924
634452.75	0.0999618	5792	stimuli/non_foods\stim054_animate_insect_dragonfly_2.png	11	67	1	dragonfly_2	0	107		NaN	0	0		0	0	2876.348397	2876.448359	0.0999618
634490.25	0.0999933	5793	stimuli/non_foods\stim082_inanimate_clothing_gloves_2.png	11	67	1	gloves_2	0	137		NaN	0	0		0	0	2876.498362	2876.598355	0.0999933
634882	0.0999875	5794	stimuli/non_foods\stim022_animate_human_baby_2.png	11	68	1	baby_2	0	11		NaN	0	0		0	0	2878.065023	2878.16501	0.0999875
634919.5	0.0999997	5795	stimuli/foods\potatoes.jpg	11	68	1	potatoes	1	237	NF_071	1	0	0		0	0	2878.21502	2878.315019	0.0999997
634957	0.0999892	5796	stimuli/foods\nougat.jpg	11	68	1	nougat	1	197	TF_144	0	0	0		0	0	2878.365019	2878.465008	0.0999892
634994.5	0.1000024	5797	stimuli/non_foods\stim147_inanimate_tools_hammer_3.png	11	68	1	hammer_3	0	153		NaN	0	0		0	0	2878.515007	2878.615009	0.1000024
635032	0.0999973	5798	stimuli/non_foods\stim152_inanimate_tools_pan_4.png	11	68	1	pan_4	0	208		NaN	0	0		0	0	2878.665008	2878.765005	0.0999973
635069.5	0.0999951	5799	stimuli/foods\savory_pie.jpg	11	68	1	savory_pie	1	257	TF_146	0	0	0		0	0	2878.815011	2878.915006	0.0999951
635107	0.0999731	5800	stimuli/non_foods\stim029_animate_human_clown_1.png	11	68	1	clown_1	0	85		NaN	0	0		0	0	2878.96503	2879.065003	0.0999731
635144.5	0.0999936	5801	stimuli/non_foods\stim084_inanimate_clothing_gloves_4.png	11	68	1	gloves_4	0	139		NaN	0	0		0	0	2879.115006	2879.215	0.0999936
635182	0.0999925	5802	stimuli/foods\swordfish.jpg	11	68	1	swordfish	1	290	TF_101	0	0	0		0	0	2879.265009	2879.365002	0.0999925
635219.5	0.0999872	5803	stimuli/foods\red_cabbage.jpg	11	68	1	red_cabbage	1	245	NF_023	1	0	0		0	0	2879.415011	2879.514998	0.0999872
635257	0.0999967	5804	stimuli/non_foods\stim052_animate_insect_butterfly_4.png	11	68	1	butterfly_4	0	47		NaN	0	0		0	0	2879.565005	2879.665002	0.0999967
635294.5	0.099991	5805	stimuli/non_foods\stim108_inanimate_furniture_chair_4.png	11	68	1	chair_4	0	63		NaN	0	0		0	0	2879.715004	2879.814995	0.099991
635332	0.0999876	5806	stimuli/foods\avocado.jpg	11	68	1	avocado	1	9	NF_012	1	0	0		0	0	2879.865007	2879.964995	0.0999876
635369.5	0.0999991	5807	stimuli/foods\oyster.jpg	11	68	1	oyster	1	204	NF_067	1	0	0		0	0	2880.015002	2880.115001	0.0999991
635407	0.0999974	5808	stimuli/foods\chocolate_pralines.jpg	11	68	1	chocolate_pralines	1	77	TF_035	0	0	0		0	0	2880.165006	2880.265003	0.0999974
635444.5	0.0999975	5809	stimuli/foods\pasta_carbonara.jpg	11	68	1	pasta_carbonara	1	216	TF_027	0	0	0		0	0	2880.315001	2880.414998	0.0999975
635482	0.0999933	5810	stimuli/non_foods\stim087_inanimate_clothing_hat_3.png	11	68	1	hat_3	0	157		NaN	0	0		0	0	2880.464998	2880.564991	0.0999933
635519.5	0.0999729	5811	stimuli/foods\pepperoni_pizza.jpg	11	68	1	pepperoni_pizza	1	229	TF_106	0	0	0		0	0	2880.615003	2880.714976	0.0999729
635557	0.0999734	5812	stimuli/non_foods\stim099_inanimate_clothing_socks_3.png	11	68	1	socks_3	0	269		NaN	0	0		0	0	2880.765012	2880.864985	0.0999734
635594.5	0.0999851	5813	stimuli/non_foods\stim031_animate_human_clown_3.png	11	68	1	clown_3	0	87		NaN	0	0		0	0	2880.915001	2881.014986	0.0999851
635632	0.0999862	5814	stimuli/foods\cinnamon.jpg	11	68	1	cinnamon	1	79	NF_017	1	0	0		0	0	2881.065	2881.164987	0.0999862
635669.5	0.099992	5815	stimuli/foods\wafer.jpg	11	68	1	wafer	1	307	TF_155	0	1	0		0	0	2881.214993	2881.314985	0.099992
635707	0.099991	5816	stimuli/foods\celery.jpg	11	68	1	celery	1	58	NF_092	1	0	0		0	0	2881.364993	2881.464984	0.099991
635744.5	0.0999983	5817	stimuli/non_foods\stim002_animate_bird_chicken_2.png	11	68	1	chicken_2	0	67		NaN	0	1	f	0.392294	1	2881.514986	2881.614984	0.0999983
635782	0.099995	5818	stimuli/foods\coconut.jpg	11	68	1	coconut	1	89	NF_030	1	0	0		0	0	2881.664991	2881.764986	0.099995
635819.5	0.0999939	5819	stimuli/non_foods\stim027_animate_human_child_3.png	11	68	1	child_3	0	72		NaN	0	0		0	0	2881.814986	2881.91498	0.0999939
635857	0.0999956	5820	stimuli/non_foods\stim009_animate_bird_parrot_1.png	11	68	1	parrot_1	0	212		NaN	0	0		0	0	2881.964982	2882.064977	0.0999956
635894.5	0.0999898	5821	stimuli/foods\fennel.jpg	11	68	1	fennel	1	121	NF_036	1	0	0		0	0	2882.114989	2882.214978	0.0999898
635932	0.1000016	5822	stimuli/non_foods\stim034_animate_human_faces_2.png	11	68	1	faces_2	0	118		NaN	0	0		0	0	2882.264972	2882.364974	0.1000016
635969.5	0.1000198	5823	stimuli/foods\mandarin.jpg	11	68	1	mandarin	1	184	NF_052	1	0	0		0	0	2882.414978	2882.514998	0.1000198
636007	0.0999513	5824	stimuli/foods\hamburger.jpg	11	68	1	hamburger	1	150	TF_069	0	0	0		0	0	2882.565024	2882.664975	0.0999513
636044.5	0.1000066	5825	stimuli/non_foods\stim040_animate_human_sports_4.png	11	68	1	sports_4	0	281		NaN	0	0		0	0	2882.714964	2882.814971	0.1000066
636082	0.1000034	5826	stimuli/non_foods\stim063_animate_mammal_cow_3.png	11	68	1	cow_3	0	96		NaN	0	0		0	0	2882.864971	2882.964975	0.1000034
636119.5	0.100007	5827	stimuli/non_foods\stim093_inanimate_clothing_shirt_1.png	11	68	1	shirt_1	0	262		NaN	0	0		0	0	2883.014978	2883.114985	0.100007
636157	0.0999976	5828	stimuli/non_foods\stim038_animate_human_sports_2.png	11	68	1	sports_2	0	279		NaN	0	0		0	0	2883.16497	2883.264968	0.0999976
636194.5	0.0999902	5829	stimuli/foods\brie.jpg	11	68	1	brie	1	28	TF_016	0	0	0		0	0	2883.31498	2883.41497	0.0999902
636232	0.0999943	5830	stimuli/non_foods\stim104_inanimate_furniture_bed_4.png	11	68	1	bed_4	0	22		NaN	0	0		0	0	2883.464971	2883.564965	0.0999943
636269.5	0.0999762	5831	stimuli/foods\grilled_chicken_breast.jpg	11	68	1	grilled_chicken_breast	1	149	TF_104	0	0	0		0	0	2883.61499	2883.714966	0.0999762
636307	0.0999965	5832	stimuli/non_foods\stim115_inanimate_furniture_sofa_3.png	11	68	1	sofa_3	0	273		NaN	0	0		0	0	2883.764972	2883.864968	0.0999965
636344.5	0.099995	5833	stimuli/non_foods\stim025_animate_human_child_1.png	11	68	1	child_1	0	70		NaN	0	0		0	0	2883.914967	2884.014962	0.099995
636382	0.0999951	5834	stimuli/non_foods\stim091_inanimate_clothing_jeans_3.png	11	68	1	jeans_3	0	166		NaN	0	0		0	0	2884.06497	2884.164965	0.0999951
636419.5	0.1000315	5835	stimuli/non_foods\stim047_animate_insect_bug_3.png	11	68	1	bug_3	0	38		NaN	0	0		0	0	2884.214967	2884.314998	0.1000315
636457	0.1000027	5836	stimuli/non_foods\stim023_animate_human_baby_3.png	11	68	1	baby_3	0	12		NaN	0	0		0	0	2884.364966	2884.464968	0.1000027
636494.5	0.0999887	5837	stimuli/foods\artichoke.jpg	11	68	1	artichoke	1	7	NF_018	1	0	0		0	0	2884.514971	2884.614959	0.0999887
636532	0.0999893	5838	stimuli/foods\fruit_pie.jpg	11	68	1	fruit_pie	1	128	TF_147	0	0	0		0	0	2884.664965	2884.764955	0.0999893
636569.5	0.0999954	5839	stimuli/foods\omelette.jpg	11	68	1	omelette	1	199	TF_057	0	0	0		0	0	2884.814964	2884.914959	0.0999954
636607	0.0999905	5840	stimuli/non_foods\stim083_inanimate_clothing_gloves_3.png	11	68	1	gloves_3	0	138		NaN	0	0		0	0	2884.964962	2885.064953	0.0999905
636644.5	0.0999917	5841	stimuli/foods\radish.jpg	11	68	1	radish	1	240	NF_090	1	0	0		0	0	2885.114961	2885.214953	0.0999917
636682	0.0999861	5842	stimuli/non_foods\stim122_inanimate_plants_bush_2.png	11	68	1	bush_2	0	41		NaN	0	0		0	0	2885.264958	2885.364944	0.0999861
636719.5	0.099996	5843	stimuli/non_foods\stim145_inanimate_tools_hammer_1.png	11	68	1	hammer_1	0	151		NaN	0	0		0	0	2885.414954	2885.514949	0.099996
636757	0.0999924	5844	stimuli/foods\lemon.jpg	11	68	1	lemon	1	175	NF_049	1	0	0		0	0	2885.56496	2885.664953	0.0999924
636794.5	0.0999721	5845	stimuli/non_foods\stim112_inanimate_furniture_closet_4.png	11	68	1	closet_4	0	84		NaN	0	0		0	0	2885.714969	2885.814941	0.0999721
636832	0.1000071	5846	stimuli/non_foods\stim103_inanimate_furniture_bed_3.png	11	68	1	bed_3	0	21		NaN	0	0		0	0	2885.864942	2885.964949	0.1000071
636869.5	0.0999782	5847	stimuli/foods\bagel.jpg	11	68	1	bagel	1	14	TF_005	0	0	0		0	0	2886.014959	2886.114937	0.0999782
636907	0.0999869	5848	stimuli/foods\risotto_with_peas_and_asparagus_tips.jpg	11	68	1	risotto_with_peas_and_asparagus_tips	1	252	TF_123	0	0	0		0	0	2886.164947	2886.264934	0.0999869
636944.5	0.0999759	5849	stimuli/foods\cabbage.jpg	11	68	1	cabbage	1	48	NF_025	1	0	0		0	0	2886.314943	2886.414919	0.0999759
636982	0.0999876	5850	stimuli/foods\meatballs.jpg	11	68	1	meatballs	1	186	TF_112	0	0	0		0	0	2886.464953	2886.56494	0.0999876
637019.5	0.0999926	5851	stimuli/non_foods\stim016_animate_bird_peacock_4.png	11	68	1	peacock_4	0	222		NaN	0	0		0	0	2886.614947	2886.71494	0.0999926
637057	0.0999914	5852	stimuli/foods\watermelon.jpg	11	68	1	watermelon	1	309	NF_005	1	0	0		0	0	2886.764949	2886.86494	0.0999914
637094.5	0.0999922	5853	stimuli/non_foods\stim018_animate_bird_penguin_2.png	11	68	1	penguin_2	0	226		NaN	0	0		0	0	2886.914946	2887.014938	0.0999922
637132	0.1000023	5854	stimuli/non_foods\stim101_inanimate_furniture_bed_1.png	11	68	1	bed_1	0	19		NaN	0	0		0	0	2887.064941	2887.164943	0.1000023
637169.5	0.0999872	5855	stimuli/non_foods\stim059_animate_insect_grasshopper_3.png	11	68	1	grasshopper_3	0	145		NaN	0	0		0	0	2887.214951	2887.314938	0.0999872
637207	0.0999848	5856	stimuli/non_foods\stim131_inanimate_plants_sunflower_3.png	11	68	1	sunflower_3	0	288		NaN	0	0		0	0	2887.36495	2887.464935	0.0999848
637244.5	0.1000031	5857	stimuli/foods\rice.jpg	11	68	1	rice	1	250	TF_121	0	0	0		0	0	2887.514942	2887.614945	0.1000031
637282	0.0999908	5858	stimuli/foods\corncob.jpg	11	68	1	corncob	1	93	NF_051	1	0	0		0	0	2887.664944	2887.764935	0.0999908
637319.5	0.0999934	5859	stimuli/foods\chocolate_pudding.jpg	11	68	1	chocolate_pudding	1	78	TF_018	0	0	0		0	0	2887.814946	2887.91494	0.0999934
637357	0.0999887	5860	stimuli/foods\lime.jpg	11	68	1	lime	1	180	NF_048	1	0	0		0	0	2887.96494	2888.064929	0.0999887
637394.5	0.0999616	5861	stimuli/non_foods\stim061_animate_mammal_cow_1.png	11	68	1	cow_1	0	94		NaN	0	0		0	0	2888.114971	2888.214932	0.0999616
637432	0.0999895	5862	stimuli/foods\mortadella.jpg	11	68	1	mortadella	1	192	TF_083	0	0	0		0	0	2888.264938	2888.364928	0.0999895
637469.5	0.1000014	5863	stimuli/non_foods\stim144_inanimate_tools_broom_4.png	11	68	1	broom_4	0	33		NaN	1	0		0	0	2888.414928	2888.514929	0.1000014
637507	0.0999815	5864	stimuli/foods\oven-roasted_tomatoes.jpg	11	68	1	oven-roasted_tomatoes	1	203	TF_114	0	0	0		0	0	2888.564944	2888.664926	0.0999815
637544.5	0.0999951	5865	stimuli/non_foods\stim008_animate_bird_duck_4.png	11	68	1	duck_4	0	114		NaN	0	0		0	0	2888.714927	2888.814922	0.0999951
637582	0.0999872	5866	stimuli/foods\oregano.jpg	11	68	1	oregano	1	202	NF_066	1	0	1	f	0.4423036	1	2888.864933	2888.96492	0.0999872
637619.5	0.0999982	5867	stimuli/non_foods\stim013_animate_bird_peacock_1.png	11	68	1	peacock_1	0	219		NaN	0	0		0	0	2889.014925	2889.114923	0.0999982
637657	0.0999869	5868	stimuli/foods\nectarine.jpg	11	68	1	nectarine	1	196	NF_078	1	0	0		0	0	2889.164933	2889.26492	0.0999869
637694.5	0.0999876	5869	stimuli/foods\donut.jpg	11	68	1	donut	1	105	TF_032	0	0	0		0	0	2889.314931	2889.414918	0.0999876
637732	0.0999885	5870	stimuli/foods\fruit_salad.jpg	11	68	1	fruit_salad	1	129	NF_043	1	0	0		0	0	2889.464926	2889.564915	0.0999885
637769.5	0.0999403	5871	stimuli/foods\strawberry.jpg	11	68	1	strawberry	1	285	NF_037	1	0	0		0	0	2889.614975	2889.714915	0.0999403
637807	0.0999968	5872	stimuli/non_foods\stim146_inanimate_tools_hammer_2.png	11	68	1	hammer_2	0	152		NaN	0	0		0	0	2889.764918	2889.864915	0.0999968
637844.5	0.0999935	5873	stimuli/non_foods\stim081_inanimate_clothing_gloves_1.png	11	68	1	gloves_1	0	136		NaN	0	0		0	0	2889.914921	2890.014915	0.0999935
637882	0.0999961	5874	stimuli/non_foods\stim017_animate_bird_penguin_1.png	11	68	1	penguin_1	0	225		NaN	0	0		0	0	2890.064917	2890.164913	0.0999961
637919.5	0.0999986	5875	stimuli/non_foods\stim003_animate_bird_chicken_3.png	11	68	1	chicken_3	0	68		NaN	0	0		0	0	2890.214915	2890.314913	0.0999986
637957	0.1000069	5876	stimuli/non_foods\stim075_animate_mammal_monkey_3.png	11	68	1	monkey_3	0	190		NaN	0	0		0	0	2890.364921	2890.464928	0.1000069
637994.5	0.0999947	5877	stimuli/non_foods\stim019_animate_bird_penguin_3.png	11	68	1	penguin_3	0	227		NaN	0	0		0	0	2890.514912	2890.614907	0.0999947
638032	0.1000109	5878	stimuli/non_foods\stim143_inanimate_tools_broom_3.png	11	68	1	broom_3	0	32		NaN	0	0		0	0	2890.664908	2890.764919	0.1000109
638069.5	0.0999926	5879	stimuli/non_foods\stim159_inanimate_tools_wrench_3.png	11	68	1	wrench_3	0	312		NaN	0	0		0	0	2890.814913	2890.914906	0.0999926
638107	0.1000005	5880	stimuli/non_foods\stim042_animate_insect_ant_2.png	11	68	1	ant_2	0	2		NaN	0	0		0	0	2890.964907	2891.064908	0.1000005
638144.5	0.099995	5881	stimuli/non_foods\stim153_inanimate_tools_scissors_1.png	11	68	1	scissors_1	0	258		NaN	0	0		0	0	2891.114908	2891.214903	0.099995
638182	0.1000231	5882	stimuli/foods\papaya.jpg	11	68	1	papaya	1	210	NF_069	1	0	0		0	0	2891.264911	2891.364935	0.1000231
638219.5	0.0999387	5883	stimuli/foods\cauliflower.jpg	11	68	1	cauliflower	1	57	NF_022	1	0	0		0	0	2891.414966	2891.514905	0.0999387
638257	0.0999857	5884	stimuli/foods\broccoli.jpg	11	68	1	broccoli	1	29	NF_016	1	1	0		0	0	2891.564913	2891.664899	0.0999857
638294.5	0.1000002	5885	stimuli/non_foods\stim157_inanimate_tools_wrench_1.png	11	68	1	wrench_1	0	310		NaN	0	0		0	0	2891.714899	2891.8149	0.1000002
638332	0.0999949	5886	stimuli/foods\cereal.jpg	11	68	1	cereal	1	59	TF_028	0	0	1	f	0.3920852	1	2891.864908	2891.964903	0.0999949
638369.5	0.0999993	5887	stimuli/non_foods\stim124_inanimate_plants_bush_4.png	11	68	1	bush_4	0	43		NaN	0	0		0	0	2892.014897	2892.114897	0.0999993
638407	0.0999968	5888	stimuli/non_foods\stim020_animate_bird_penguin_4.png	11	68	1	penguin_4	0	228		NaN	0	0		0	0	2892.1649	2892.264896	0.0999968
638444.5	0.0999861	5889	stimuli/foods\calamari.jpg	11	68	1	calamari	1	53	TF_019	0	0	0		0	0	2892.314907	2892.414893	0.0999861
638482	0.0999699	5890	stimuli/foods\pancakes.jpg	11	68	1	pancakes	1	209	TF_058	0	0	0		0	0	2892.464923	2892.564893	0.0999699
638519.5	0.0999913	5891	stimuli/foods\pea_pod.jpg	11	68	1	pea_pod	1	217	NF_082	1	0	0		0	0	2892.614906	2892.714897	0.0999913
638557	0.0999876	5892	stimuli/foods\lemon_meringue_pie.jpg	11	68	1	lemon_meringue_pie	1	176	TF_151	0	0	0		0	0	2892.764901	2892.864888	0.0999876
638594.5	0.099991	5893	stimuli/foods\salami.jpg	11	68	1	salami	1	255	TF_127	0	0	0		0	0	2892.914901	2893.014892	0.099991
638632	0.1000297	5894	stimuli/foods\hazelnuts.jpg	11	68	1	hazelnuts	1	159	NF_065	1	0	0		0	0	2893.064901	2893.16493	0.1000297
638669.5	0.0999882	5895	stimuli/non_foods\stim010_animate_bird_parrot_2.png	11	68	1	parrot_2	0	213		NaN	0	0		0	0	2893.214898	2893.314886	0.0999882
638707	0.0999911	5896	stimuli/foods\raw_ham.jpg	11	68	1	raw_ham	1	242	TF_117	0	0	0		0	0	2893.364895	2893.464886	0.0999911
638744.5	0.09999	5897	stimuli/foods\kiwi.jpg	11	68	1	kiwi	1	172	NF_044	1	0	0		0	0	2893.514895	2893.614885	0.09999
638782	0.0999961	5898	stimuli/non_foods\stim117_inanimate_furniture_table_1.png	11	68	1	table_1	0	291		NaN	0	0		0	0	2893.66489	2893.764886	0.0999961
638819.5	0.0999857	5899	stimuli/foods\bread_roll.jpg	11	68	1	bread_roll	1	27	TF_090	0	0	0		0	0	2893.814895	2893.91488	0.0999857
638857	0.0999936	5900	stimuli/non_foods\stim064_animate_mammal_cow_4.png	11	68	1	cow_4	0	97		NaN	0	0		0	0	2893.964888	2894.064881	0.0999936
638894.5	0.1000123	5901	stimuli/foods\taco.jpg	11	68	1	taco	1	295	TF_141	0	0	0		0	0	2894.114889	2894.214901	0.1000123
638932	0.0999862	5902	stimuli/foods\spaghetti_with_olives_and_capers.jpg	11	68	1	spaghetti_with_olives_and_capers	1	276	TF_135	0	0	0		0	0	2894.264891	2894.364877	0.0999862
638969.5	0.0999997	5903	stimuli/non_foods\stim130_inanimate_plants_sunflower_2.png	11	68	1	sunflower_2	0	287		NaN	0	0		0	0	2894.414882	2894.514881	0.0999997
639007	0.0999895	5904	stimuli/foods\museli_bars.jpg	11	68	1	museli_bars	1	193	TF_008	0	0	0		0	0	2894.564886	2894.664876	0.0999895
639044.5	0.099992	5905	stimuli/foods\beetroots.jpg	11	68	1	beetroots	1	23	NF_015	1	0	0		0	0	2894.714884	2894.814876	0.099992
639082	0.1000133	5906	stimuli/foods\chilli.jpg	11	68	1	chilli	1	74	NF_073	1	0	0		0	0	2894.864883	2894.964897	0.1000133
639119.5	0.0999907	5907	stimuli/foods\blackberry.jpg	11	68	1	blackberry	1	24	NF_063	1	0	0		0	0	2895.014884	2895.114874	0.0999907
639157	0.0999921	5908	stimuli/foods\waffle.jpg	11	68	1	waffle	1	308	TF_030	0	0	0		0	0	2895.164885	2895.264877	0.0999921
639194.5	0.09999	5909	stimuli/foods\chocolate_bar.jpg	11	68	1	chocolate_bar	1	75	TF_033	0	0	0		0	0	2895.314883	2895.414873	0.09999
639232	0.0999877	5910	stimuli/foods\steak.jpg	11	68	1	steak	1	283	TF_013	0	0	0		0	0	2895.464881	2895.564869	0.0999877
639269.5	0.0999886	5911	stimuli/foods\peach.jpg	11	68	1	peach	1	218	NF_079	1	0	0		0	0	2895.614878	2895.714866	0.0999886
639307	0.0999899	5912	stimuli/foods\ice_cream_sandwich.jpg	11	68	1	ice_cream_sandwich	1	163	TF_061	0	0	0		0	0	2895.764879	2895.864869	0.0999899
639344.5	0.0999961	5913	stimuli/non_foods\stim015_animate_bird_peacock_3.png	11	68	1	peacock_3	0	221		NaN	0	0		0	0	2895.914872	2896.014868	0.0999961
639382	0.0999992	5914	stimuli/non_foods\stim046_animate_insect_bug_2.png	11	68	1	bug_2	0	37		NaN	0	0		0	0	2896.064867	2896.164866	0.0999992
639419.5	0.0999901	5915	stimuli/foods\fried_zucchini.jpg	11	68	1	fried_zucchini	1	125	TF_159	0	0	0		0	0	2896.214873	2896.314863	0.0999901
639457	0.0999988	5916	stimuli/non_foods\stim065_animate_mammal_giraffe_1.png	11	68	1	giraffe_1	0	132		NaN	0	0		0	0	2896.364864	2896.464863	0.0999988
639494.5	0.0999945	5917	stimuli/non_foods\stim067_animate_mammal_giraffe_3.png	11	68	1	giraffe_3	0	134		NaN	0	0		0	0	2896.514866	2896.61486	0.0999945
639531.75	0.1000216	5918	stimuli/non_foods\stim158_inanimate_tools_wrench_2.png	11	68	1	wrench_2	0	311		NaN	0	0		0	0	2896.664851	2896.764873	0.1000216
639569.25	0.1000053	5919	stimuli/non_foods\stim128_inanimate_plants_cactus_4.png	11	68	1	cactus_4	0	52		NaN	0	0		0	0	2896.814852	2896.914857	0.1000053
639607	0.0999886	5920	stimuli/non_foods\stim078_animate_mammal_rhino_2.png	11	68	1	rhino_2	0	247		NaN	0	0		0	0	2896.964865	2897.064854	0.0999886
639644.5	0.0999911	5921	stimuli/non_foods\stim050_animate_insect_butterfly_2.png	11	68	1	butterfly_2	0	45		NaN	0	0		0	0	2897.114858	2897.214849	0.0999911
639682	0.0999986	5922	stimuli/non_foods\stim134_inanimate_plants_tree_2.png	11	68	1	tree_2	0	300		NaN	0	0		0	0	2897.264858	2897.364856	0.0999986
639719.5	0.0999935	5923	stimuli/non_foods\stim014_animate_bird_peacock_2.png	11	68	1	peacock_2	0	220		NaN	0	0		0	0	2897.41486	2897.514854	0.0999935
639757	0.0999853	5924	stimuli/foods\mango.jpg	11	68	1	mango	1	185	NF_054	1	0	0		0	0	2897.564869	2897.664855	0.0999853
639794.5	0.1000034	5925	stimuli/foods\croissant.jpg	11	68	1	croissant	1	100	TF_037	0	0	0		0	0	2897.714863	2897.814866	0.1000034
639832	0.0999981	5926	stimuli/non_foods\stim032_animate_human_clown_4.png	11	68	1	clown_4	0	88		NaN	0	0		0	0	2897.864851	2897.964849	0.0999981
639869.5	0.0999975	5927	stimuli/non_foods\stim107_inanimate_furniture_chair_3.png	11	68	1	chair_3	0	62		NaN	0	0		0	0	2898.014853	2898.11485	0.0999975
639907	0.0999888	5928	stimuli/non_foods\stim138_inanimate_plants_tulip_2.png	11	68	1	tulip_2	0	304		NaN	0	0		0	0	2898.164856	2898.264845	0.0999888
639944.5	0.1000105	5929	stimuli/foods\raw_sausage.jpg	11	68	1	raw_sausage	1	243	TF_131	0	0	0		0	0	2898.314854	2898.414864	0.1000105
639982	0.0999575	5930	stimuli/foods\pumpkin.jpg	11	68	1	pumpkin	1	239	NF_101	1	0	0		0	0	2898.464887	2898.564845	0.0999575
640019.25	0.1000009	5931	stimuli/non_foods\stim155_inanimate_tools_scissors_3.png	11	68	1	scissors_3	0	260		NaN	0	0		0	0	2898.614842	2898.714843	0.1000009
640057	0.0999929	5932	stimuli/foods\spinach.jpg	11	68	1	spinach	1	277	NF_094	1	0	0		0	0	2898.764853	2898.864845	0.0999929
640094.5	0.0999952	5933	stimuli/foods\ginger_root.jpg	11	68	1	ginger_root	1	131	NF_088	1	0	0		0	0	2898.914853	2899.014848	0.0999952
640132	0.1000009	5934	stimuli/non_foods\stim148_inanimate_tools_hammer_4.png	11	68	1	hammer_4	0	154		NaN	0	0		0	0	2899.064844	2899.164845	0.1000009
640169.5	0.0999983	5935	stimuli/non_foods\stim030_animate_human_clown_2.png	11	68	1	clown_2	0	86		NaN	0	0		0	0	2899.214843	2899.314842	0.0999983
640207	0.0999925	5936	stimuli/foods\baked_cod_with_carrots_and_green_beans.jpg	11	68	1	baked_cod_with_carrots_and_green_beans	1	16	TF_082	0	0	0		0	0	2899.364848	2899.46484	0.0999925
640244.5	0.0999966	5937	stimuli/non_foods\stim123_inanimate_plants_bush_3.png	11	68	1	bush_3	0	42		NaN	0	0		0	0	2899.514841	2899.614838	0.0999966
640282	0.0999938	5938	stimuli/non_foods\stim028_animate_human_child_4.png	11	68	1	child_4	0	73		NaN	0	0		0	0	2899.664841	2899.764835	0.0999938
640319.5	0.0999901	5939	stimuli/foods\licorice.jpg	11	68	1	licorice	1	179	TF_078	0	1	0		0	0	2899.814845	2899.914835	0.0999901
640356.75	0.099998	5940	stimuli/non_foods\stim044_animate_insect_ant_4.png	11	68	1	ant_4	0	4		NaN	0	0		0	0	2899.964835	2900.064833	0.099998
640394.5	0.0999749	5941	stimuli/foods\cuttlefish.jpg	11	68	1	cuttlefish	1	103	NF_093	1	0	1	f	0.4007179	1	2900.114841	2900.214816	0.0999749
640432	0.0999766	5942	stimuli/non_foods\stim076_animate_mammal_monkey_4.png	11	68	1	monkey_4	0	191		NaN	0	0		0	0	2900.264856	2900.364832	0.0999766
640469.5	0.0999855	5943	stimuli/foods\mushroom.jpg	11	68	1	mushroom	1	194	NF_039	1	0	0		0	0	2900.414843	2900.514828	0.0999855
640507	0.0999847	5944	stimuli/non_foods\stim085_inanimate_clothing_hat_1.png	11	68	1	hat_1	0	155		NaN	0	0		0	0	2900.564834	2900.664818	0.0999847
640544.25	0.1000088	5945	stimuli/foods\asparagus.jpg	11	68	1	asparagus	1	8	NF_010	1	0	0		0	0	2900.714819	2900.814828	0.1000088
640582	0.0999973	5946	stimuli/non_foods\stim080_animate_mammal_rhino_4.png	11	68	1	rhino_4	0	249		NaN	0	0		0	0	2900.86483	2900.964827	0.0999973
640619.5	0.0999889	5947	stimuli/foods\green_beans.jpg	11	68	1	green_beans	1	147	NF_034	1	0	0		0	0	2901.014836	2901.114825	0.0999889
640657	0.0999861	5948	stimuli/foods\parmesan_cheese.jpg	11	68	1	parmesan_cheese	1	211	TF_091	0	0	0		0	0	2901.164836	2901.264822	0.0999861
640694.5	0.0999846	5949	stimuli/foods\green_olives.jpg	11	68	1	green_olives	1	148	TF_085	0	0	0		0	0	2901.314831	2901.414816	0.0999846
640732	0.0999947	5950	stimuli/non_foods\stim110_inanimate_furniture_closet_2.png	11	68	1	closet_2	0	82		NaN	0	0		0	0	2901.464835	2901.56483	0.0999947
641369.5	0.0999851	5951	stimuli/non_foods\stim094_inanimate_clothing_shirt_2.png	11	69	1	shirt_2	0	263		NaN	0	0		0	0	2904.014815	2904.1148	0.0999851
641407	0.0999756	5952	stimuli/non_foods\stim036_animate_human_faces_4.png	11	69	1	faces_4	0	120		NaN	0	0		0	0	2904.164838	2904.264814	0.0999756
641444.5	0.0999899	5953	stimuli/foods\lentils.jpg	11	69	1	lentils	1	177	NF_047	1	0	0		0	0	2904.314807	2904.414797	0.0999899
641482	0.0999952	5954	stimuli/non_foods\stim149_inanimate_tools_pan_1.png	11	69	1	pan_1	0	205		NaN	0	0		0	0	2904.464802	2904.564797	0.0999952
641519.5	0.0999885	5955	stimuli/foods\fries.jpg	11	69	1	fries	1	126	TF_094	0	0	0		0	0	2904.614806	2904.714794	0.0999885
641557	0.0999942	5956	stimuli/non_foods\stim132_inanimate_plants_sunflower_4.png	11	69	1	sunflower_4	0	289		NaN	0	0		0	0	2904.764802	2904.864796	0.0999942
641594.5	0.0999835	5957	stimuli/foods\pineapple.jpg	11	69	1	pineapple	1	231	NF_004	1	0	0		0	0	2904.914806	2905.014789	0.0999835
641632	0.0999899	5958	stimuli/foods\chestnut.jpg	11	69	1	chestnut	1	65	NF_020	1	0	0		0	0	2905.064803	2905.164793	0.0999899
641669.5	0.100014	5959	stimuli/non_foods\stim118_inanimate_furniture_table_2.png	11	69	1	table_2	0	292		NaN	0	0		0	0	2905.214797	2905.314811	0.100014
641707	0.1000023	5960	stimuli/non_foods\stim024_animate_human_baby_4.png	11	69	1	baby_4	0	13		NaN	0	0		0	0	2905.364793	2905.464795	0.1000023
641744.25	0.1000158	5961	stimuli/foods\roasted_chicken.jpg	11	69	1	roasted_chicken	1	253	TF_109	0	0	0		0	0	2905.514773	2905.614789	0.1000158
641782	0.0999922	5962	stimuli/non_foods\stim004_animate_bird_chicken_4.png	11	69	1	chicken_4	0	69		NaN	0	0		0	0	2905.664793	2905.764785	0.0999922
641819.5	0.0999986	5963	stimuli/foods\spaghetti_with_meat_sauce.jpg	11	69	1	spaghetti_with_meat_sauce	1	275	TF_137	0	0	0		0	0	2905.814795	2905.914793	0.0999986
641857	0.0999708	5964	stimuli/non_foods\stim058_animate_insect_grasshopper_2.png	11	69	1	grasshopper_2	0	144		NaN	0	0		0	0	2905.964814	2906.064785	0.0999708
641894.5	0.0999935	5965	stimuli/foods\toast.jpg	11	69	1	toast	1	296	TF_053	0	0	0		0	0	2906.11479	2906.214783	0.0999935
641932	0.09999	5966	stimuli/foods\hotdog.jpg	11	69	1	hotdog	1	161	TF_070	0	0	0		0	0	2906.264792	2906.364782	0.09999
641969.5	0.0999941	5967	stimuli/non_foods\stim068_animate_mammal_giraffe_4.png	11	69	1	giraffe_4	0	135		NaN	0	0		0	0	2906.414786	2906.51478	0.0999941
642006.75	0.0999972	5968	stimuli/non_foods\stim142_inanimate_tools_broom_2.png	11	69	1	broom_2	0	31		NaN	0	0		0	0	2906.564781	2906.664778	0.0999972
642044.25	0.1000061	5969	stimuli/non_foods\stim135_inanimate_plants_tree_3.png	11	69	1	tree_3	0	301		NaN	0	0		0	0	2906.714782	2906.814788	0.1000061
642082	0.0998959	5970	stimuli/foods\pickles.jpg	11	69	1	pickles	1	230	TF_134	0	0	0		0	0	2906.864879	2906.964775	0.0998959
642119.25	0.1000187	5971	stimuli/non_foods\stim156_inanimate_tools_scissors_4.png	11	69	1	scissors_4	0	261		NaN	0	0		0	0	2907.01478	2907.114799	0.1000187
642157	0.0999939	5972	stimuli/foods\lettuce.jpg	11	69	1	lettuce	1	178	NF_046	1	0	0		0	0	2907.164786	2907.26478	0.0999939
642194.5	0.0999941	5973	stimuli/foods\peas.jpg	11	69	1	peas	1	224	NF_081	1	0	0		0	0	2907.314781	2907.414775	0.0999941
642231.75	0.0999983	5974	stimuli/non_foods\stim119_inanimate_furniture_table_3.png	11	69	1	table_3	0	293		NaN	0	0		0	0	2907.464773	2907.564771	0.0999983
642269.5	0.1000157	5975	stimuli/foods\cooked_prawn.jpg	11	69	1	cooked_prawn	1	92	TF_060	0	0	0		0	0	2907.614784	2907.7148	0.1000157
642307	0.0999714	5976	stimuli/foods\pear.jpg	11	69	1	pear	1	223	NF_077	1	0	0		0	0	2907.764798	2907.86477	0.0999714
642344.5	0.0999895	5977	stimuli/foods\baguette.jpg	11	69	1	baguette	1	15	TF_006	0	0	0		0	0	2907.914779	2908.014768	0.0999895
642382	0.0999878	5978	stimuli/foods\cucumber.jpg	11	69	1	cucumber	1	101	NF_026	1	0	0		0	0	2908.064778	2908.164765	0.0999878
642419.5	0.0999929	5979	stimuli/foods\egg.jpg	11	69	1	egg	1	115	NF_095	1	0	0		0	0	2908.214774	2908.314767	0.0999929
642456.75	0.0999965	5980	stimuli/non_foods\stim072_animate_mammal_kangaroo_4.png	11	69	1	kangaroo_4	0	171		NaN	0	0		0	0	2908.364769	2908.464765	0.0999965
642494.25	0.0999954	5981	stimuli/non_foods\stim069_animate_mammal_kangaroo_1.png	11	69	1	kangaroo_1	0	168		NaN	0	0		0	0	2908.514767	2908.614763	0.0999954
642532	0.0999673	5982	stimuli/foods\brussel_sprouts.jpg	11	69	1	brussel_sprouts	1	35	NF_021	1	0	0		0	0	2908.664794	2908.764761	0.0999673
642569.5	0.1000107	5983	stimuli/foods\cherry.jpg	11	69	1	cherry	1	64	NF_027	1	0	0		0	0	2908.814774	2908.914785	0.1000107
642606.75	0.0999903	5984	stimuli/non_foods\stim011_animate_bird_parrot_3.png	11	69	1	parrot_3	0	214		NaN	0	0		0	0	2908.964765	2909.064756	0.0999903
642644.25	0.0999889	5985	stimuli/foods\rockmelon.jpg	11	69	1	rockmelon	1	254	NF_060	1	0	0		0	0	2909.114768	2909.214757	0.0999889
642681.75	0.0999963	5986	stimuli/foods\fried_calamari.jpg	11	69	1	fried_calamari	1	124	TF_020	0	0	0		0	0	2909.26476	2909.364756	0.0999963
642719.25	0.1000202	5987	stimuli/non_foods\stim057_animate_insect_grasshopper_1.png	11	69	1	grasshopper_1	0	143		NaN	0	0		0	0	2909.41476	2909.51478	0.1000202
642757	0.0999589	5988	stimuli/foods\pork_and_rice.jpg	11	69	1	pork_and_rice	1	233	TF_080	0	0	0		0	0	2909.564793	2909.664752	0.0999589
642794.25	0.0999939	5989	stimuli/foods\baked_lamb_with_potatoes.jpg	11	69	1	baked_lamb_with_potatoes	1	17	TF_001	0	0	0		0	0	2909.714761	2909.814755	0.0999939
642831.75	0.0999973	5990	stimuli/non_foods\stim126_inanimate_plants_cactus_2.png	11	69	1	cactus_2	0	50		NaN	0	0		0	0	2909.864757	2909.964754	0.0999973
642869.25	0.0999935	5991	stimuli/non_foods\stim129_inanimate_plants_sunflower_1.png	11	69	1	sunflower_1	0	286		NaN	0	0		0	0	2910.014757	2910.114751	0.0999935
642906.75	0.0999912	5992	stimuli/foods\apple.jpg	11	69	1	apple	1	5	NF_055	1	0	0		0	0	2910.164759	2910.26475	0.0999912
642944.25	0.0999985	5993	stimuli/non_foods\stim088_inanimate_clothing_hat_4.png	11	69	1	hat_4	0	158		NaN	0	0		0	0	2910.314754	2910.414753	0.0999985
642982	0.0999876	5994	stimuli/foods\figs.jpg	11	69	1	figs	1	122	NF_035	1	0	0		0	0	2910.464762	2910.56475	0.0999876
643019.5	0.0999744	5995	stimuli/non_foods\stim092_inanimate_clothing_jeans_4.png	11	69	1	jeans_4	0	167		NaN	0	0		0	0	2910.614776	2910.714751	0.0999744
643056.75	0.1	5996	stimuli/foods\dates.jpg	11	69	1	dates	1	104	NF_032	1	0	0		0	0	2910.764754	2910.864754	0.1
643094.5	0.0999735	5997	stimuli/foods\cinnamon_sroll.jpg	11	69	1	cinnamon_sroll	1	80	TF_021	0	0	0		0	0	2910.914769	2911.014743	0.0999735
643131.75	0.0999917	5998	stimuli/non_foods\stim150_inanimate_tools_pan_2.png	11	69	1	pan_2	0	206		NaN	0	0		0	0	2911.064753	2911.164744	0.0999917
643169.25	0.0999988	5999	stimuli/foods\gnocchi.jpg	11	69	1	gnocchi	1	140	TF_064	0	0	0		0	0	2911.214757	2911.314756	0.0999988
643207	0.0999657	6000	stimuli/foods\lollies.jpg	11	69	1	lollies	1	183	TF_026	0	1	0		0	0	2911.364765	2911.464731	0.0999657
643244.5	0.0999819	6001	stimuli/foods\lobster.jpg	11	69	1	lobster	1	182	NF_007	1	0	0		0	0	2911.514758	2911.61474	0.0999819
643281.75	0.0999945	6002	stimuli/non_foods\stim098_inanimate_clothing_socks_2.png	11	69	1	socks_2	0	268		NaN	0	0		0	0	2911.664741	2911.764736	0.0999945
643319.25	0.0999936	6003	stimuli/foods\octopus.jpg	11	69	1	octopus	1	198	TF_113	0	0	1	f	0.5420714	1	2911.814746	2911.91474	0.0999936
643356.75	0.099986	6004	stimuli/foods\honey.jpg	11	69	1	honey	1	160	NF_062	1	0	0		0	0	2911.964748	2912.064734	0.099986
643394.25	0.0999928	6005	stimuli/foods\chocolate_chip_cookies.jpg	11	69	1	chocolate_chip_cookies	1	76	TF_010	0	0	0		0	0	2912.114743	2912.214736	0.0999928
643431.75	0.0999981	6006	stimuli/non_foods\stim006_animate_bird_duck_2.png	11	69	1	duck_2	0	112		NaN	0	0		0	0	2912.264736	2912.364734	0.0999981
643469.5	0.0999812	6007	stimuli/non_foods\stim077_animate_mammal_rhino_1.png	11	69	1	rhino_1	0	246		NaN	0	0		0	0	2912.414749	2912.51473	0.0999812
643506.75	0.0999928	6008	stimuli/foods\cracker.jpg	11	69	1	cracker	1	98	TF_043	0	0	0		0	0	2912.56474	2912.664733	0.0999928
643544.25	0.0999936	6009	stimuli/non_foods\stim005_animate_bird_duck_1.png	11	69	1	duck_1	0	111		NaN	0	0		0	0	2912.714736	2912.81473	0.0999936
643581.75	0.0999902	6010	stimuli/foods\smoked_ham.jpg	11	69	1	smoked_ham	1	266	TF_118	0	0	0		0	0	2912.864737	2912.964727	0.0999902
643619.25	0.1000152	6011	stimuli/non_foods\stim060_animate_insect_grasshopper_4.png	11	69	1	grasshopper_4	0	146		NaN	0	0		0	0	2913.014732	2913.114747	0.1000152
643656.75	0.0999908	6012	stimuli/non_foods\stim049_animate_insect_butterfly_1.png	11	69	1	butterfly_1	0	44		NaN	0	0		0	0	2913.164734	2913.264725	0.0999908
643694.25	0.0999908	6013	stimuli/foods\almonds.jpg	11	69	1	almonds	1	0	NF_053	1	0	0		0	0	2913.314736	2913.414726	0.0999908
643731.75	0.0999901	6014	stimuli/foods\fruit_flan.jpg	11	69	1	fruit_flan	1	127	TF_093	0	0	0		0	0	2913.464735	2913.564725	0.0999901
643769.25	0.1000004	6015	stimuli/non_foods\stim070_animate_mammal_kangaroo_2.png	11	69	1	kangaroo_2	0	169		NaN	0	0		0	0	2913.614722	2913.714722	0.1000004
643806.75	0.0999979	6016	stimuli/non_foods\stim001_animate_bird_chicken_1.png	11	69	1	chicken_1	0	66		NaN	0	0		0	0	2913.764724	2913.864722	0.0999979
643844.25	0.0999829	6017	stimuli/non_foods\stim120_inanimate_furniture_table_4.png	11	69	1	table_4	0	294		NaN	0	0		0	0	2913.914737	2914.01472	0.0999829
643881.75	0.0999966	6018	stimuli/non_foods\stim048_animate_insect_bug_4.png	11	69	1	bug_4	0	39		NaN	0	0		0	0	2914.064722	2914.164719	0.0999966
643919.5	0.0999757	6019	stimuli/non_foods\stim055_animate_insect_dragonfly_3.png	11	69	1	dragonfly_3	0	108		NaN	0	0		0	0	2914.214741	2914.314717	0.0999757
643956.75	0.0999888	6020	stimuli/foods\capsicum.jpg	11	69	1	capsicum	1	55	NF_076	1	0	0		0	0	2914.364727	2914.464715	0.0999888
643994.25	0.0999976	6021	stimuli/non_foods\stim021_animate_human_baby_1.png	11	69	1	baby_1	0	10		NaN	0	0		0	0	2914.514718	2914.614715	0.0999976
644031.75	0.0999946	6022	stimuli/foods\orange.jpg	11	69	1	orange	1	201	NF_008	1	0	0		0	0	2914.664724	2914.764719	0.0999946
644069.5	0.0999877	6023	stimuli/non_foods\stim105_inanimate_furniture_chair_1.png	11	69	1	chair_1	0	60		NaN	0	0		0	0	2914.814741	2914.914728	0.0999877
644106.75	0.0999908	6024	stimuli/foods\pomegranate.jpg	11	69	1	pomegranate	1	232	NF_058	1	0	0		0	0	2914.96472	2915.064711	0.0999908
644144.25	0.0999948	6025	stimuli/non_foods\stim095_inanimate_clothing_shirt_3.png	11	69	1	shirt_3	0	264		NaN	0	0		0	0	2915.114715	2915.21471	0.0999948
644181.75	0.0999977	6026	stimuli/non_foods\stim043_animate_insect_ant_3.png	11	69	1	ant_3	0	3		NaN	0	0		0	0	2915.264709	2915.364707	0.0999977
644219.25	0.0999956	6027	stimuli/non_foods\stim037_animate_human_sports_1.png	11	69	1	sports_1	0	278		NaN	0	0		0	0	2915.414711	2915.514706	0.0999956
644256.75	0.0999958	6028	stimuli/non_foods\stim100_inanimate_clothing_socks_4.png	11	69	1	socks_4	0	270		NaN	0	0		0	0	2915.564712	2915.664708	0.0999958
644294.25	0.0999952	6029	stimuli/non_foods\stim056_animate_insect_dragonfly_4.png	11	69	1	dragonfly_4	0	109		NaN	0	0		0	0	2915.71471	2915.814705	0.0999952
644331.75	0.10001	6030	stimuli/non_foods\stim053_animate_insect_dragonfly_1.png	11	69	1	dragonfly_1	0	106		NaN	0	0		0	0	2915.864708	2915.964719	0.10001
644369.25	0.0999893	6031	stimuli/foods\tomato.jpg	11	69	1	tomato	1	298	NF_084	1	0	0		0	0	2916.014711	2916.114701	0.0999893
644406.75	0.0999976	6032	stimuli/non_foods\stim045_animate_insect_bug_1.png	11	69	1	bug_1	0	36		NaN	0	0		0	0	2916.164703	2916.264701	0.0999976
644444.25	0.0999913	6033	stimuli/non_foods\stim133_inanimate_plants_tree_1.png	11	69	1	tree_1	0	299		NaN	0	0		0	0	2916.314708	2916.414699	0.0999913
644481.75	0.1000079	6034	stimuli/non_foods\stim051_animate_insect_butterfly_3.png	11	69	1	butterfly_3	0	46		NaN	0	0		0	0	2916.464699	2916.564706	0.1000079
644519.25	0.099972	6035	stimuli/non_foods\stim007_animate_bird_duck_3.png	11	69	1	duck_3	0	113		NaN	0	0		0	0	2916.614725	2916.714697	0.099972
644556.75	0.0999884	6036	stimuli/foods\onion.jpg	11	69	1	onion	1	200	NF_029	1	0	0		0	0	2916.764707	2916.864696	0.0999884
644594.25	0.0999888	6037	stimuli/foods\cream_donuts.jpg	11	69	1	cream_donuts	1	99	TF_014	0	0	0		0	0	2916.914706	2917.014695	0.0999888
644631.75	0.0999942	6038	stimuli/non_foods\stim111_inanimate_furniture_closet_3.png	11	69	1	closet_3	0	83		NaN	0	0		0	0	2917.064702	2917.164696	0.0999942
644669.25	0.0999884	6039	stimuli/foods\grapefruits.jpg	11	69	1	grapefruits	1	141	NF_085	1	0	0		0	0	2917.214702	2917.314691	0.0999884
644706.75	0.099994	6040	stimuli/foods\brownie.jpg	11	69	1	brownie	1	34	TF_011	0	0	0		0	0	2917.364697	2917.464691	0.099994
644744.25	0.0999884	6041	stimuli/foods\lasagna.jpg	11	69	1	lasagna	1	174	TF_076	0	0	0		0	0	2917.514701	2917.614689	0.0999884
644781.75	0.1000178	6042	stimuli/non_foods\stim140_inanimate_plants_tulip_4.png	11	69	1	tulip_4	0	306		NaN	0	0		0	0	2917.664691	2917.764708	0.1000178
644819.25	0.0999959	6043	stimuli/non_foods\stim097_inanimate_clothing_socks_1.png	11	69	1	socks_1	0	267		NaN	0	0		0	0	2917.814696	2917.914691	0.0999959
644856.75	0.0999871	6044	stimuli/foods\dried_figs.jpg	11	69	1	dried_figs	1	110	TF_054	0	0	0		0	0	2917.964698	2918.064685	0.0999871
644894.25	0.0999989	6045	stimuli/non_foods\stim114_inanimate_furniture_sofa_2.png	11	69	1	sofa_2	0	272		NaN	0	0		0	0	2918.114688	2918.214687	0.0999989
644931.75	0.0999904	6046	stimuli/foods\potato_chips.jpg	11	69	1	potato_chips	1	236	TF_097	0	0	0		0	0	2918.264693	2918.364683	0.0999904
644969.5	0.0999838	6047	stimuli/foods\lamb_chops.jpg	11	69	1	lamb_chops	1	173	TF_040	0	0	0		0	0	2918.414712	2918.514696	0.0999838
645006.75	0.0999892	6048	stimuli/foods\apricot.jpg	11	69	1	apricot	1	6	NF_002	1	0	0		0	0	2918.564696	2918.664685	0.0999892
645044.25	0.099996	6049	stimuli/non_foods\stim151_inanimate_tools_pan_3.png	11	69	1	pan_3	0	207		NaN	0	0		0	0	2918.714683	2918.814679	0.099996
645081.75	0.0999886	6050	stimuli/foods\stew_with_potatoes_and_carrots.jpg	11	69	1	stew_with_potatoes_and_carrots	1	284	TF_139	0	0	0		0	0	2918.864689	2918.964678	0.0999886
645119.25	0.0999948	6051	stimuli/non_foods\stim079_animate_mammal_rhino_3.png	11	69	1	rhino_3	0	248		NaN	0	0		0	0	2919.014684	2919.114679	0.0999948
645156.75	0.0999917	6052	stimuli/non_foods\stim074_animate_mammal_monkey_2.png	11	69	1	monkey_2	0	189		NaN	0	0		0	0	2919.164682	2919.264674	0.0999917
645194.25	0.0999921	6053	stimuli/foods\toasted_bread_with_tomatoes.jpg	11	69	1	toasted_bread_with_tomatoes	1	297	TF_017	0	0	0		0	0	2919.314687	2919.414679	0.0999921
645232	0.0999829	6054	stimuli/foods\cannoli.jpg	11	69	1	cannoli	1	54	TF_022	0	0	0		0	0	2919.464697	2919.56468	0.0999829
645269.25	0.0999905	6055	stimuli/foods\potato_and_green_bean_salad.jpg	11	69	1	potato_and_green_bean_salad	1	235	TF_072	0	0	0		0	0	2919.614684	2919.714675	0.0999905
645306.75	0.0999914	6056	stimuli/foods\mussels.jpg	11	69	1	mussels	1	195	TF_042	0	0	0		0	0	2919.764681	2919.864672	0.0999914
645344.25	0.0999945	6057	stimuli/non_foods\stim136_inanimate_plants_tree_4.png	11	69	1	tree_4	0	302		NaN	0	0		0	0	2919.914675	2920.01467	0.0999945
645381.75	0.1000125	6058	stimuli/non_foods\stim089_inanimate_clothing_jeans_1.png	11	69	1	jeans_1	0	164		NaN	0	0		0	0	2920.064674	2920.164687	0.1000125
645419.25	0.0999674	6059	stimuli/foods\spring_onions.jpg	11	69	1	spring_onions	1	282	NF_086	1	0	0		0	0	2920.214701	2920.314669	0.0999674
645456.75	0.0999895	6060	stimuli/foods\linguine_with_clams.jpg	11	69	1	linguine_with_clams	1	181	TF_077	0	0	0		0	0	2920.364676	2920.464666	0.0999895
645494.25	0.0999871	6061	stimuli/foods\coffee_beans.jpg	11	69	1	coffee_beans	1	90	TF_029	0	0	0		0	0	2920.514677	2920.614664	0.0999871
645531.75	0.0999985	6062	stimuli/non_foods\stim082_inanimate_clothing_gloves_2.png	11	69	1	gloves_2	0	137		NaN	0	0		0	0	2920.664666	2920.764665	0.0999985
645569.25	0.0999933	6063	stimuli/foods\ice_cream.jpg	11	69	1	ice_cream	1	162	TF_062	0	0	0		0	0	2920.814675	2920.914668	0.0999933
645606.75	0.0999914	6064	stimuli/non_foods\stim125_inanimate_plants_cactus_1.png	11	69	1	cactus_1	0	49		NaN	0	0		0	0	2920.964671	2921.064662	0.0999914
645644.25	0.0999969	6065	stimuli/non_foods\stim141_inanimate_tools_broom_1.png	11	69	1	broom_1	0	30		NaN	0	0		0	0	2921.114663	2921.21466	0.0999969
645682	0.0999815	6066	stimuli/non_foods\stim090_inanimate_clothing_jeans_2.png	11	69	1	jeans_2	0	165		NaN	0	0		0	0	2921.264683	2921.364664	0.0999815
645719.25	0.0999859	6067	stimuli/foods\minestrone_soup.jpg	11	69	1	minestrone_soup	1	187	TF_160	0	0	0		0	0	2921.41467	2921.514656	0.0999859
645756.75	0.0999908	6068	stimuli/foods\cooked_ham.jpg	11	69	1	cooked_ham	1	91	TF_116	0	0	0		0	0	2921.564667	2921.664658	0.0999908
645794.25	0.0999919	6069	stimuli/non_foods\stim139_inanimate_plants_tulip_3.png	11	69	1	tulip_3	0	305		NaN	1	0		0	0	2921.714661	2921.814653	0.0999919
645831.75	0.0999976	6070	stimuli/foods\banana.jpg	11	69	1	banana	1	18	NF_013	1	0	0		0	0	2921.864672	2921.964669	0.0999976
645869.25	0.0999915	6071	stimuli/foods\eggplant.jpg	11	69	1	eggplant	1	116	NF_059	1	0	0		0	0	2922.014664	2922.114656	0.0999915
645906.75	0.099988	6072	stimuli/foods\pork_loin_with_peas.jpg	11	69	1	pork_loin_with_peas	1	234	TF_003	0	0	1	f	0.4502048	1	2922.164664	2922.264652	0.099988
645944.25	0.0999992	6073	stimuli/non_foods\stim154_inanimate_tools_scissors_2.png	11	69	1	scissors_2	0	259		NaN	0	0		0	0	2922.314657	2922.414656	0.0999992
645981.75	0.0999915	6074	stimuli/non_foods\stim096_inanimate_clothing_shirt_4.png	11	69	1	shirt_4	0	265		NaN	0	0		0	0	2922.464658	2922.564649	0.0999915
646019.25	0.0999895	6075	stimuli/foods\carrot.jpg	11	69	1	carrot	1	56	NF_019	1	0	0		0	0	2922.614659	2922.714649	0.0999895
646056.75	0.0999939	6076	stimuli/foods\bread.jpg	11	69	1	bread	1	26	TF_089	0	0	0		0	0	2922.764655	2922.864649	0.0999939
646094.25	0.0999874	6077	stimuli/non_foods\stim121_inanimate_plants_bush_1.png	11	69	1	bush_1	0	40		NaN	0	0		0	0	2922.914656	2923.014644	0.0999874
646131.75	0.0999992	6078	stimuli/non_foods\stim039_animate_human_sports_3.png	11	69	1	sports_3	0	280		NaN	0	0		0	0	2923.064649	2923.164648	0.0999992
646169.25	0.0999946	6079	stimuli/non_foods\stim102_inanimate_furniture_bed_2.png	11	69	1	bed_2	0	20		NaN	0	0		0	0	2923.21465	2923.314645	0.0999946
646206.75	0.0999981	6080	stimuli/non_foods\stim071_animate_mammal_kangaroo_3.png	11	69	1	kangaroo_3	0	170		NaN	0	0		0	0	2923.364647	2923.464645	0.0999981
646244.25	0.0999981	6081	stimuli/non_foods\stim106_inanimate_furniture_chair_2.png	11	69	1	chair_2	0	61		NaN	0	0		0	0	2923.514646	2923.614644	0.0999981
646281.75	0.1000051	6082	stimuli/non_foods\stim160_inanimate_tools_wrench_4.png	11	69	1	wrench_4	0	313		NaN	0	0		0	0	2923.66465	2923.764655	0.1000051
646319.25	0.0999964	6083	stimuli/non_foods\stim033_animate_human_faces_1.png	11	69	1	faces_1	0	117		NaN	0	0		0	0	2923.814643	2923.914639	0.0999964
646356.75	0.0999995	6084	stimuli/non_foods\stim073_animate_mammal_monkey_1.png	11	69	1	monkey_1	0	188		NaN	0	0		0	0	2923.964641	2924.06464	0.0999995
646394.25	0.0999931	6085	stimuli/non_foods\stim054_animate_insect_dragonfly_2.png	11	69	1	dragonfly_2	0	107		NaN	0	0		0	0	2924.114642	2924.214635	0.0999931
646431.75	0.0999972	6086	stimuli/non_foods\stim026_animate_human_child_2.png	11	69	1	child_2	0	71		NaN	0	0		0	0	2924.264638	2924.364635	0.0999972
646469.25	0.0999936	6087	stimuli/foods\cupcake.jpg	11	69	1	cupcake	1	102	TF_050	0	0	0		0	0	2924.414645	2924.514638	0.0999936
646506.75	0.0999889	6088	stimuli/foods\garlic.jpg	11	69	1	garlic	1	130	NF_001	1	0	0		0	0	2924.564643	2924.664631	0.0999889
646544.25	0.1000147	6089	stimuli/foods\red_beans.jpg	11	69	1	red_beans	1	244	NF_033	1	0	0		0	0	2924.714641	2924.814656	0.1000147
646581.75	0.0999935	6090	stimuli/non_foods\stim035_animate_human_faces_3.png	11	69	1	faces_3	0	119		NaN	0	0		0	0	2924.864637	2924.964631	0.0999935
646619.25	0.0999928	6091	stimuli/non_foods\stim127_inanimate_plants_cactus_3.png	11	69	1	cactus_3	0	51		NaN	0	0		0	0	2925.014637	2925.11463	0.0999928
646656.75	0.0999993	6092	stimuli/non_foods\stim137_inanimate_plants_tulip_1.png	11	69	1	tulip_1	0	303		NaN	0	0		0	0	2925.164631	2925.26463	0.0999993
646694.25	0.1000058	6093	stimuli/non_foods\stim086_inanimate_clothing_hat_2.png	11	69	1	hat_2	0	156		NaN	0	0		0	0	2925.314633	2925.414639	0.1000058
646731.75	0.1000061	6094	stimuli/non_foods\stim113_inanimate_furniture_sofa_1.png	11	69	1	sofa_1	0	271		NaN	0	0		0	0	2925.464652	2925.564658	0.1000061
646769.25	0.0999914	6095	stimuli/foods\grapes.jpg	11	69	1	grapes	1	142	NF_098	1	0	0		0	0	2925.614635	2925.714626	0.0999914
646806.75	0.0999876	6096	stimuli/foods\rice_cake.jpg	11	69	1	rice_cake	1	251	TF_059	0	0	0		0	0	2925.764637	2925.864625	0.0999876
646844.25	0.0999976	6097	stimuli/non_foods\stim066_animate_mammal_giraffe_2.png	11	69	1	giraffe_2	0	133		NaN	0	0		0	0	2925.914625	2926.014622	0.0999976
646881.75	0.0999901	6098	stimuli/foods\raisins.jpg	11	69	1	raisins	1	241	NF_096	1	0	0		0	0	2926.064631	2926.164622	0.0999901
646919.25	0.0999955	6099	stimuli/non_foods\stim109_inanimate_furniture_closet_1.png	11	69	1	closet_1	0	81		NaN	0	0		0	0	2926.214626	2926.314622	0.0999955
646956.75	0.0999916	6100	stimuli/foods\frankfurters.jpg	11	69	1	frankfurters	1	123	TF_156	0	0	0		0	0	2926.36463	2926.464621	0.0999916
646994.25	0.1000071	6101	stimuli/non_foods\stim012_animate_bird_parrot_4.png	11	69	1	parrot_4	0	215		NaN	0	0		0	0	2926.514625	2926.614632	0.1000071
647031.75	0.0999957	6102	stimuli/non_foods\stim116_inanimate_furniture_sofa_4.png	11	69	1	sofa_4	0	274		NaN	0	0		0	0	2926.66462	2926.764615	0.0999957
647069.25	0.0999882	6103	stimuli/foods\blue_cheese.jpg	11	69	1	blue_cheese	1	25	TF_066	0	0	0		0	0	2926.814627	2926.914615	0.0999882
647106.75	0.0999935	6104	stimuli/foods\salmon.jpg	11	69	1	salmon	1	256	TF_130	0	0	0		0	0	2926.964621	2927.064615	0.0999935
647144.25	0.1000165	6105	stimuli/non_foods\stim041_animate_insect_ant_1.png	11	69	1	ant_1	0	1		NaN	0	0		0	0	2927.114616	2927.214632	0.1000165
647181.75	0.0999673	6106	stimuli/foods\prawn.jpg	11	69	1	prawn	1	238	NF_041	1	0	0		0	0	2927.264644	2927.364611	0.0999673
647219.25	0.0999933	6107	stimuli/non_foods\stim062_animate_mammal_cow_2.png	11	69	1	cow_2	0	95		NaN	0	0		0	0	2927.414617	2927.51461	0.0999933
647648.5	0.0999836	6108	stimuli/foods\lentils.jpg	11	70	1	lentils	1	177	NF_047	1	0	0		0	0	2929.131282	2929.231266	0.0999836
647686	0.0999975	6109	stimuli/non_foods\stim037_animate_human_sports_1.png	11	70	1	sports_1	0	278		NaN	0	0		0	0	2929.281265	2929.381262	0.0999975
647723.5	0.0999909	6110	stimuli/foods\kiwi.jpg	11	70	1	kiwi	1	172	NF_044	1	0	0		0	0	2929.431274	2929.531265	0.0999909
647761	0.1000326	6111	stimuli/foods\cucumber.jpg	11	70	1	cucumber	1	101	NF_026	1	0	0		0	0	2929.581275	2929.681308	0.1000326
647798.5	0.1000149	6112	stimuli/non_foods\stim126_inanimate_plants_cactus_2.png	11	70	1	cactus_2	0	50		NaN	0	0		0	0	2929.731262	2929.831277	0.1000149
647836	0.0999925	6113	stimuli/foods\cream_donuts.jpg	11	70	1	cream_donuts	1	99	TF_014	0	0	0		0	0	2929.881267	2929.981259	0.0999925
647873.5	0.0999893	6114	stimuli/foods\taco.jpg	11	70	1	taco	1	295	TF_141	0	0	0		0	0	2930.031268	2930.131257	0.0999893
647911	0.0999964	6115	stimuli/non_foods\stim021_animate_human_baby_1.png	11	70	1	baby_1	0	10		NaN	0	0		0	0	2930.181261	2930.281258	0.0999964
647948.5	0.0999903	6116	stimuli/foods\smoked_ham.jpg	11	70	1	smoked_ham	1	266	TF_118	0	0	0		0	0	2930.331263	2930.431253	0.0999903
647986	0.0999926	6117	stimuli/non_foods\stim131_inanimate_plants_sunflower_3.png	11	70	1	sunflower_3	0	288		NaN	0	0		0	0	2930.481259	2930.581251	0.0999926
648023.5	0.0999878	6118	stimuli/foods\lobster.jpg	11	70	1	lobster	1	182	NF_007	1	0	0		0	0	2930.631262	2930.73125	0.0999878
648061	0.0999929	6119	stimuli/non_foods\stim054_animate_insect_dragonfly_2.png	11	70	1	dragonfly_2	0	107		NaN	0	0		0	0	2930.781256	2930.881248	0.0999929
648098.5	0.1000013	6120	stimuli/non_foods\stim159_inanimate_tools_wrench_3.png	11	70	1	wrench_3	0	312		NaN	0	0		0	0	2930.93125	2931.031251	0.1000013
648136	0.0999824	6121	stimuli/foods\oven-roasted_tomatoes.jpg	11	70	1	oven-roasted_tomatoes	1	203	TF_114	0	0	0		0	0	2931.081274	2931.181257	0.0999824
648173.5	0.0999991	6122	stimuli/non_foods\stim118_inanimate_furniture_table_2.png	11	70	1	table_2	0	292		NaN	0	0		0	0	2931.231252	2931.331251	0.0999991
648211	0.0999807	6123	stimuli/non_foods\stim111_inanimate_furniture_closet_3.png	11	70	1	closet_3	0	83		NaN	0	0		0	0	2931.381278	2931.481259	0.0999807
648248.5	0.1000022	6124	stimuli/non_foods\stim059_animate_insect_grasshopper_3.png	11	70	1	grasshopper_3	0	145		NaN	0	0		0	0	2931.531243	2931.631245	0.1000022
648286	0.0999906	6125	stimuli/non_foods\stim129_inanimate_plants_sunflower_1.png	11	70	1	sunflower_1	0	286		NaN	0	0		0	0	2931.681253	2931.781243	0.0999906
648323.5	0.0999875	6126	stimuli/foods\peach.jpg	11	70	1	peach	1	218	NF_079	1	0	0		0	0	2931.83125	2931.931238	0.0999875
648361	0.0999934	6127	stimuli/non_foods\stim099_inanimate_clothing_socks_3.png	11	70	1	socks_3	0	269		NaN	0	0		0	0	2931.981245	2932.081239	0.0999934
648398.5	0.099981	6128	stimuli/foods\bagel.jpg	11	70	1	bagel	1	14	TF_005	0	0	0		0	0	2932.131258	2932.231239	0.099981
648436	0.0999933	6129	stimuli/non_foods\stim108_inanimate_furniture_chair_4.png	11	70	1	chair_4	0	63		NaN	0	0		0	0	2932.281246	2932.381239	0.0999933
648473.5	0.1000061	6130	stimuli/foods\banana.jpg	11	70	1	banana	1	18	NF_013	1	0	0		0	0	2932.431246	2932.531253	0.1000061
648511	0.0999746	6131	stimuli/non_foods\stim102_inanimate_furniture_bed_2.png	11	70	1	bed_2	0	20		NaN	0	0		0	0	2932.581259	2932.681233	0.0999746
648548.5	0.099995	6132	stimuli/non_foods\stim075_animate_mammal_monkey_3.png	11	70	1	monkey_3	0	190		NaN	0	0		0	0	2932.731241	2932.831236	0.099995
648586	0.0999893	6133	stimuli/foods\eggplant.jpg	11	70	1	eggplant	1	116	NF_059	1	0	0		0	0	2932.881243	2932.981232	0.0999893
648623.5	0.1000053	6134	stimuli/non_foods\stim154_inanimate_tools_scissors_2.png	11	70	1	scissors_2	0	259		NaN	0	0		0	0	2933.031233	2933.131239	0.1000053
648661	0.0999707	6135	stimuli/non_foods\stim067_animate_mammal_giraffe_3.png	11	70	1	giraffe_3	0	134		NaN	0	0		0	0	2933.18126	2933.281231	0.0999707
648698.5	0.0999983	6136	stimuli/non_foods\stim080_animate_mammal_rhino_4.png	11	70	1	rhino_4	0	249		NaN	1	0		0	0	2933.331232	2933.43123	0.0999983
648736	0.0999884	6137	stimuli/foods\carrot.jpg	11	70	1	carrot	1	56	NF_019	1	0	0		0	0	2933.481236	2933.581225	0.0999884
648773.5	0.0999877	6138	stimuli/foods\croissant.jpg	11	70	1	croissant	1	100	TF_037	0	0	1	f	0.3921391	1	2933.631238	2933.731226	0.0999877
648811	0.0999934	6139	stimuli/non_foods\stim139_inanimate_plants_tulip_3.png	11	70	1	tulip_3	0	305		NaN	0	0		0	0	2933.78123	2933.881223	0.0999934
648848.5	0.0999905	6140	stimuli/foods\cannoli.jpg	11	70	1	cannoli	1	54	TF_022	0	0	0		0	0	2933.931238	2934.031228	0.0999905
648886	0.0999861	6141	stimuli/foods\bread_roll.jpg	11	70	1	bread_roll	1	27	TF_090	0	0	0		0	0	2934.081234	2934.18122	0.0999861
648923.5	0.0999966	6142	stimuli/foods\bread.jpg	11	70	1	bread	1	26	TF_089	0	0	0		0	0	2934.231236	2934.331232	0.0999966
648961	0.0999907	6143	stimuli/foods\fruit_flan.jpg	11	70	1	fruit_flan	1	127	TF_093	0	0	0		0	0	2934.381231	2934.481222	0.0999907
648998.5	0.0999895	6144	stimuli/foods\spaghetti_with_olives_and_capers.jpg	11	70	1	spaghetti_with_olives_and_capers	1	276	TF_135	0	0	0		0	0	2934.531228	2934.631218	0.0999895
649036	0.0999945	6145	stimuli/non_foods\stim076_animate_mammal_monkey_4.png	11	70	1	monkey_4	0	191		NaN	0	0		0	0	2934.681224	2934.781218	0.0999945
649073.5	0.0999998	6146	stimuli/foods\savory_pie.jpg	11	70	1	savory_pie	1	257	TF_146	0	0	0		0	0	2934.831228	2934.931228	0.0999998
649111	0.0999766	6147	stimuli/non_foods\stim071_animate_mammal_kangaroo_3.png	11	70	1	kangaroo_3	0	170		NaN	0	0		0	0	2934.981238	2935.081215	0.0999766
649148.5	0.0999877	6148	stimuli/foods\raw_sausage.jpg	11	70	1	raw_sausage	1	243	TF_131	0	0	0		0	0	2935.131228	2935.231216	0.0999877
649186	0.0999964	6149	stimuli/non_foods\stim006_animate_bird_duck_2.png	11	70	1	duck_2	0	112		NaN	0	0		0	0	2935.281216	2935.381213	0.0999964
649223.5	0.0999978	6150	stimuli/non_foods\stim145_inanimate_tools_hammer_1.png	11	70	1	hammer_1	0	151		NaN	0	0		0	0	2935.431217	2935.531215	0.0999978
649261	0.0999956	6151	stimuli/non_foods\stim146_inanimate_tools_hammer_2.png	11	70	1	hammer_2	0	152		NaN	0	0		0	0	2935.581214	2935.681209	0.0999956
649298.5	0.0999992	6152	stimuli/non_foods\stim142_inanimate_tools_broom_2.png	11	70	1	broom_2	0	31		NaN	0	0		0	0	2935.73121	2935.831209	0.0999992
649336	0.099993	6153	stimuli/foods\fried_calamari.jpg	11	70	1	fried_calamari	1	124	TF_020	0	0	0		0	0	2935.881216	2935.981209	0.099993
649373.5	0.0999986	6154	stimuli/non_foods\stim057_animate_insect_grasshopper_1.png	11	70	1	grasshopper_1	0	143		NaN	0	0		0	0	2936.03121	2936.131209	0.0999986
649411	0.099991	6155	stimuli/foods\tomato.jpg	11	70	1	tomato	1	298	NF_084	1	0	0		0	0	2936.181218	2936.281209	0.099991
649448.5	0.0999951	6156	stimuli/non_foods\stim035_animate_human_faces_3.png	11	70	1	faces_3	0	119		NaN	0	0		0	0	2936.331212	2936.431207	0.0999951
649486	0.0999964	6157	stimuli/non_foods\stim010_animate_bird_parrot_2.png	11	70	1	parrot_2	0	213		NaN	0	0		0	0	2936.481204	2936.581201	0.0999964
649523.5	0.100016	6158	stimuli/non_foods\stim074_animate_mammal_monkey_2.png	11	70	1	monkey_2	0	189		NaN	0	0		0	0	2936.631208	2936.731224	0.100016
649561	0.0999691	6159	stimuli/non_foods\stim064_animate_mammal_cow_4.png	11	70	1	cow_4	0	97		NaN	0	0		0	0	2936.781232	2936.881201	0.0999691
649598.5	0.0999895	6160	stimuli/foods\potatoes.jpg	11	70	1	potatoes	1	237	NF_071	1	0	0		0	0	2936.93121	2937.0312	0.0999895
649636	0.0999945	6161	stimuli/non_foods\stim136_inanimate_plants_tree_4.png	11	70	1	tree_4	0	302		NaN	0	0		0	0	2937.081203	2937.181198	0.0999945
649673.5	0.0999947	6162	stimuli/non_foods\stim012_animate_bird_parrot_4.png	11	70	1	parrot_4	0	215		NaN	0	0		0	0	2937.231201	2937.331195	0.0999947
649711	0.0999962	6163	stimuli/non_foods\stim073_animate_mammal_monkey_1.png	11	70	1	monkey_1	0	188		NaN	0	0		0	0	2937.381198	2937.481195	0.0999962
649748.5	0.0999877	6164	stimuli/foods\lasagna.jpg	11	70	1	lasagna	1	174	TF_076	0	0	0		0	0	2937.531208	2937.631196	0.0999877
649786	0.099988	6165	stimuli/foods\chocolate_pudding.jpg	11	70	1	chocolate_pudding	1	78	TF_018	0	0	0		0	0	2937.681204	2937.781192	0.099988
649823.5	0.0999709	6166	stimuli/foods\broccoli.jpg	11	70	1	broccoli	1	29	NF_016	1	0	0		0	0	2937.831221	2937.931192	0.0999709
649861	0.099994	6167	stimuli/non_foods\stim008_animate_bird_duck_4.png	11	70	1	duck_4	0	114		NaN	0	0		0	0	2937.981196	2938.08119	0.099994
649898.5	0.0999863	6168	stimuli/foods\baguette.jpg	11	70	1	baguette	1	15	TF_006	0	0	0		0	0	2938.131202	2938.231189	0.0999863
649936	0.0999974	6169	stimuli/foods\cinnamon.jpg	11	70	1	cinnamon	1	79	NF_017	1	0	0		0	0	2938.281201	2938.381198	0.0999974
649973.5	0.1000012	6170	stimuli/non_foods\stim015_animate_bird_peacock_3.png	11	70	1	peacock_3	0	221		NaN	0	0		0	0	2938.431204	2938.531206	0.1000012
650011	0.0999799	6171	stimuli/non_foods\stim094_inanimate_clothing_shirt_2.png	11	70	1	shirt_2	0	263		NaN	0	0		0	0	2938.581206	2938.681186	0.0999799
650048.5	0.0999896	6172	stimuli/foods\toast.jpg	11	70	1	toast	1	296	TF_053	0	0	0		0	0	2938.731195	2938.831185	0.0999896
650086	0.099988	6173	stimuli/foods\ginger_root.jpg	11	70	1	ginger_root	1	131	NF_088	1	0	0		0	0	2938.881195	2938.981183	0.099988
650123.5	0.0999968	6174	stimuli/non_foods\stim088_inanimate_clothing_hat_4.png	11	70	1	hat_4	0	158		NaN	0	0		0	0	2939.031187	2939.131184	0.0999968
650161	0.0999955	6175	stimuli/non_foods\stim138_inanimate_plants_tulip_2.png	11	70	1	tulip_2	0	304		NaN	0	0		0	0	2939.181186	2939.281181	0.0999955
650198.5	0.0999942	6176	stimuli/non_foods\stim014_animate_bird_peacock_2.png	11	70	1	peacock_2	0	220		NaN	0	0		0	0	2939.331187	2939.431181	0.0999942
650236	0.0999878	6177	stimuli/foods\nougat.jpg	11	70	1	nougat	1	197	TF_144	0	0	0		0	0	2939.481194	2939.581182	0.0999878
650273.5	0.0999904	6178	stimuli/foods\octopus.jpg	11	70	1	octopus	1	198	TF_113	0	0	0		0	0	2939.631187	2939.731178	0.0999904
650311	0.0999916	6179	stimuli/non_foods\stim083_inanimate_clothing_gloves_3.png	11	70	1	gloves_3	0	138		NaN	0	0		0	0	2939.781185	2939.881176	0.0999916
650348.5	0.0999877	6180	stimuli/foods\fennel.jpg	11	70	1	fennel	1	121	NF_036	1	0	0		0	0	2939.931186	2940.031173	0.0999877
650386	0.0999909	6181	stimuli/non_foods\stim077_animate_mammal_rhino_1.png	11	70	1	rhino_1	0	246		NaN	0	0		0	0	2940.08118	2940.181171	0.0999909
650423.5	0.1000108	6182	stimuli/non_foods\stim004_animate_bird_chicken_4.png	11	70	1	chicken_4	0	69		NaN	0	0		0	0	2940.231188	2940.331198	0.1000108
650461	0.099989	6183	stimuli/foods\beetroots.jpg	11	70	1	beetroots	1	23	NF_015	1	0	0		0	0	2940.381182	2940.481171	0.099989
650498.5	0.0999958	6184	stimuli/non_foods\stim003_animate_bird_chicken_3.png	11	70	1	chicken_3	0	68		NaN	0	0		0	0	2940.531174	2940.631169	0.0999958
650536	0.0999881	6185	stimuli/foods\orange.jpg	11	70	1	orange	1	201	NF_008	1	0	0		0	0	2940.681181	2940.78117	0.0999881
650573.5	0.0999984	6186	stimuli/non_foods\stim144_inanimate_tools_broom_4.png	11	70	1	broom_4	0	33		NaN	0	0		0	0	2940.831167	2940.931166	0.0999984
650611	0.0999881	6187	stimuli/foods\apple.jpg	11	70	1	apple	1	5	NF_055	1	0	0		0	0	2940.981181	2941.081169	0.0999881
650648.5	0.0999898	6188	stimuli/non_foods\stim002_animate_bird_chicken_2.png	11	70	1	chicken_2	0	67		NaN	0	0		0	0	2941.131173	2941.231163	0.0999898
650686	0.0999945	6189	stimuli/non_foods\stim013_animate_bird_peacock_1.png	11	70	1	peacock_1	0	219		NaN	0	0		0	0	2941.28117	2941.381164	0.0999945
650723.5	0.0999908	6190	stimuli/foods\honey.jpg	11	70	1	honey	1	160	NF_062	1	0	0		0	0	2941.431174	2941.531165	0.0999908
650761	0.0999865	6191	stimuli/foods\cherry.jpg	11	70	1	cherry	1	64	NF_027	1	0	0		0	0	2941.581173	2941.68116	0.0999865
650798.5	0.0999967	6192	stimuli/non_foods\stim084_inanimate_clothing_gloves_4.png	11	70	1	gloves_4	0	139		NaN	0	0		0	0	2941.731167	2941.831164	0.0999967
650836	0.100002	6193	stimuli/non_foods\stim130_inanimate_plants_sunflower_2.png	11	70	1	sunflower_2	0	287		NaN	0	0		0	0	2941.881162	2941.981163	0.100002
650873.5	0.099968	6194	stimuli/foods\raisins.jpg	11	70	1	raisins	1	241	NF_096	1	0	0		0	0	2942.03119	2942.131158	0.099968
650911	0.0999969	6195	stimuli/non_foods\stim069_animate_mammal_kangaroo_1.png	11	70	1	kangaroo_1	0	168		NaN	0	0		0	0	2942.181162	2942.281159	0.0999969
650948.5	0.0999886	6196	stimuli/foods\licorice.jpg	11	70	1	licorice	1	179	TF_078	0	0	0		0	0	2942.331166	2942.431154	0.0999886
650986	0.0999891	6197	stimuli/foods\almonds.jpg	11	70	1	almonds	1	0	NF_053	1	0	0		0	0	2942.481168	2942.581157	0.0999891
651023.5	0.0999901	6198	stimuli/non_foods\stim078_animate_mammal_rhino_2.png	11	70	1	rhino_2	0	247		NaN	0	0		0	0	2942.63116	2942.73115	0.0999901
651061	0.0999883	6199	stimuli/foods\steak.jpg	11	70	1	steak	1	283	TF_013	0	0	0		0	0	2942.781164	2942.881152	0.0999883
651098.5	0.0999955	6200	stimuli/non_foods\stim113_inanimate_furniture_sofa_1.png	11	70	1	sofa_1	0	271		NaN	0	0		0	0	2942.931154	2943.031149	0.0999955
651136	0.1000076	6201	stimuli/non_foods\stim060_animate_insect_grasshopper_4.png	11	70	1	grasshopper_4	0	146		NaN	0	0		0	0	2943.081153	2943.18116	0.1000076
651173.5	0.0999999	6202	stimuli/non_foods\stim058_animate_insect_grasshopper_2.png	11	70	1	grasshopper_2	0	144		NaN	0	0		0	0	2943.231153	2943.331153	0.0999999
651211	0.0999987	6203	stimuli/non_foods\stim028_animate_human_child_4.png	11	70	1	child_4	0	73		NaN	0	0		0	0	2943.381151	2943.48115	0.0999987
651248.5	0.0999963	6204	stimuli/non_foods\stim137_inanimate_plants_tulip_1.png	11	70	1	tulip_1	0	303		NaN	0	0		0	0	2943.531151	2943.631148	0.0999963
651286	0.0999919	6205	stimuli/foods\cooked_ham.jpg	11	70	1	cooked_ham	1	91	TF_116	0	0	0		0	0	2943.681157	2943.781149	0.0999919
651323.5	0.0999715	6206	stimuli/non_foods\stim100_inanimate_clothing_socks_4.png	11	70	1	socks_4	0	270		NaN	0	0		0	0	2943.83117	2943.931141	0.0999715
651361	0.0999953	6207	stimuli/non_foods\stim150_inanimate_tools_pan_2.png	11	70	1	pan_2	0	206		NaN	0	0		0	0	2943.981147	2944.081142	0.0999953
651398.5	0.0999954	6208	stimuli/non_foods\stim034_animate_human_faces_2.png	11	70	1	faces_2	0	118		NaN	0	0		0	0	2944.131146	2944.231141	0.0999954
651436	0.099997	6209	stimuli/non_foods\stim090_inanimate_clothing_jeans_2.png	11	70	1	jeans_2	0	165		NaN	0	0		0	0	2944.281143	2944.38114	0.099997
651473.5	0.099989	6210	stimuli/foods\oregano.jpg	11	70	1	oregano	1	202	NF_066	1	0	0		0	0	2944.431151	2944.53114	0.099989
651511	0.0999895	6211	stimuli/foods\pickles.jpg	11	70	1	pickles	1	230	TF_134	0	0	0		0	0	2944.581149	2944.681138	0.0999895
651548.5	0.0999931	6212	stimuli/non_foods\stim011_animate_bird_parrot_3.png	11	70	1	parrot_3	0	214		NaN	0	0		0	0	2944.731142	2944.831135	0.0999931
651586	0.1000088	6213	stimuli/non_foods\stim104_inanimate_furniture_bed_4.png	11	70	1	bed_4	0	22		NaN	0	0		0	0	2944.881141	2944.98115	0.1000088
651623.5	0.0999881	6214	stimuli/foods\cracker.jpg	11	70	1	cracker	1	98	TF_043	0	0	0		0	0	2945.031144	2945.131133	0.0999881
651661	0.0999936	6215	stimuli/foods\watermelon.jpg	11	70	1	watermelon	1	309	NF_005	1	0	0		0	0	2945.181143	2945.281137	0.0999936
651698.5	0.0999989	6216	stimuli/foods\avocado.jpg	11	70	1	avocado	1	9	NF_012	1	0	0		0	0	2945.331142	2945.431141	0.0999989
651736	0.0999865	6217	stimuli/foods\dates.jpg	11	70	1	dates	1	104	NF_032	1	0	0		0	0	2945.481141	2945.581127	0.0999865
651773.5	0.0999735	6218	stimuli/non_foods\stim093_inanimate_clothing_shirt_1.png	11	70	1	shirt_1	0	262		NaN	0	0		0	0	2945.631157	2945.731131	0.0999735
651811	0.0999948	6219	stimuli/non_foods\stim033_animate_human_faces_1.png	11	70	1	faces_1	0	117		NaN	0	0		0	0	2945.781135	2945.881129	0.0999948
651848.5	0.099989	6220	stimuli/foods\rockmelon.jpg	11	70	1	rockmelon	1	254	NF_060	1	0	0		0	0	2945.931138	2946.031127	0.099989
651886	0.0999891	6221	stimuli/foods\brussel_sprouts.jpg	11	70	1	brussel_sprouts	1	35	NF_021	1	0	0		0	0	2946.081137	2946.181126	0.0999891
651923.5	0.0999988	6222	stimuli/non_foods\stim005_animate_bird_duck_1.png	11	70	1	duck_1	0	111		NaN	0	0		0	0	2946.231127	2946.331126	0.0999988
651961	0.0999932	6223	stimuli/foods\linguine_with_clams.jpg	11	70	1	linguine_with_clams	1	181	TF_077	0	0	0		0	0	2946.381133	2946.481126	0.0999932
651998.5	0.0999973	6224	stimuli/non_foods\stim143_inanimate_tools_broom_3.png	11	70	1	broom_3	0	32		NaN	1	0		0	0	2946.531122	2946.63112	0.0999973
652036	0.1000056	6225	stimuli/foods\chestnut.jpg	11	70	1	chestnut	1	65	NF_020	1	0	0		0	0	2946.68113	2946.781136	0.1000056
652073.5	0.0999846	6226	stimuli/non_foods\stim155_inanimate_tools_scissors_3.png	11	70	1	scissors_3	0	260		NaN	0	1	f	0.3921277	1	2946.831136	2946.931121	0.0999846
652111	0.0999881	6227	stimuli/non_foods\stim043_animate_insect_ant_3.png	11	70	1	ant_3	0	3		NaN	0	0		0	0	2946.981133	2947.081121	0.0999881
652148.5	0.1000223	6228	stimuli/non_foods\stim079_animate_mammal_rhino_3.png	11	70	1	rhino_3	0	248		NaN	0	0		0	0	2947.131097	2947.231119	0.1000223
652186	0.1000068	6229	stimuli/non_foods\stim038_animate_human_sports_2.png	11	70	1	sports_2	0	279		NaN	0	0		0	0	2947.28112	2947.381127	0.1000068
652223.5	0.0999764	6230	stimuli/non_foods\stim031_animate_human_clown_3.png	11	70	1	clown_3	0	87		NaN	0	0		0	0	2947.431138	2947.531114	0.0999764
652261	0.0999986	6231	stimuli/non_foods\stim156_inanimate_tools_scissors_4.png	11	70	1	scissors_4	0	261		NaN	0	0		0	0	2947.581115	2947.681114	0.0999986
652298.5	0.09999	6232	stimuli/non_foods\stim045_animate_insect_bug_1.png	11	70	1	bug_1	0	36		NaN	0	0		0	0	2947.731119	2947.831109	0.09999
652336	0.0999889	6233	stimuli/foods\lemon_meringue_pie.jpg	11	70	1	lemon_meringue_pie	1	176	TF_151	0	0	0		0	0	2947.881123	2947.981112	0.0999889
652373.5	0.0999925	6234	stimuli/non_foods\stim023_animate_human_baby_3.png	11	70	1	baby_3	0	12		NaN	0	0		0	0	2948.031117	2948.13111	0.0999925
652411	0.0999944	6235	stimuli/non_foods\stim036_animate_human_faces_4.png	11	70	1	faces_4	0	120		NaN	0	0		0	0	2948.181114	2948.281108	0.0999944
652448.5	0.0999913	6236	stimuli/foods\chilli.jpg	11	70	1	chilli	1	74	NF_073	1	0	0		0	0	2948.331116	2948.431107	0.0999913
652486	0.0999788	6237	stimuli/foods\gnocchi.jpg	11	70	1	gnocchi	1	140	TF_064	0	0	0		0	0	2948.48113	2948.581109	0.0999788
652523.5	0.0999953	6238	stimuli/non_foods\stim065_animate_mammal_giraffe_1.png	11	70	1	giraffe_1	0	132		NaN	0	0		0	0	2948.63111	2948.731105	0.0999953
652561	0.0999949	6239	stimuli/non_foods\stim120_inanimate_furniture_table_4.png	11	70	1	table_4	0	294		NaN	0	0		0	0	2948.78111	2948.881105	0.0999949
652598.5	0.0999868	6240	stimuli/foods\prawn.jpg	11	70	1	prawn	1	238	NF_041	1	0	0		0	0	2948.931116	2949.031103	0.0999868
652636	0.1000214	6241	stimuli/foods\pear.jpg	11	70	1	pear	1	223	NF_077	1	0	0		0	0	2949.081123	2949.181145	0.1000214
652673.5	0.0999942	6242	stimuli/non_foods\stim061_animate_mammal_cow_1.png	11	70	1	cow_1	0	94		NaN	0	0		0	0	2949.231105	2949.331099	0.0999942
652711	0.0999874	6243	stimuli/foods\chocolate_chip_cookies.jpg	11	70	1	chocolate_chip_cookies	1	76	TF_010	0	0	0		0	0	2949.381111	2949.481099	0.0999874
652748.5	0.0999981	6244	stimuli/non_foods\stim122_inanimate_plants_bush_2.png	11	70	1	bush_2	0	41		NaN	0	0		0	0	2949.531102	2949.631101	0.0999981
652786	0.099991	6245	stimuli/non_foods\stim105_inanimate_furniture_chair_1.png	11	70	1	chair_1	0	60		NaN	0	0		0	0	2949.681103	2949.781094	0.099991
652823.5	0.0999987	6246	stimuli/non_foods\stim151_inanimate_tools_pan_3.png	11	70	1	pan_3	0	207		NaN	0	0		0	0	2949.8311	2949.931099	0.0999987
652861	0.0999901	6247	stimuli/foods\brie.jpg	11	70	1	brie	1	28	TF_016	0	0	0		0	0	2949.981103	2950.081093	0.0999901
652898.5	0.0999882	6248	stimuli/foods\potato_chips.jpg	11	70	1	potato_chips	1	236	TF_097	0	0	0		0	0	2950.131105	2950.231093	0.0999882
652936	0.1000164	6249	stimuli/foods\waffle.jpg	11	70	1	waffle	1	308	TF_030	0	0	0		0	0	2950.281101	2950.381117	0.1000164
652973.5	0.0999889	6250	stimuli/foods\chocolate_pralines.jpg	11	70	1	chocolate_pralines	1	77	TF_035	0	0	0		0	0	2950.431102	2950.531091	0.0999889
653011	0.0999972	6251	stimuli/non_foods\stim068_animate_mammal_giraffe_4.png	11	70	1	giraffe_4	0	135		NaN	0	0		0	0	2950.581093	2950.681091	0.0999972
653048.5	0.0999931	6252	stimuli/foods\wafer.jpg	11	70	1	wafer	1	307	TF_155	0	0	0		0	0	2950.731097	2950.83109	0.0999931
653086	0.1000001	6253	stimuli/foods\donut.jpg	11	70	1	donut	1	105	TF_032	0	0	0		0	0	2950.881103	2950.981103	0.1000001
653123.5	0.0999961	6254	stimuli/non_foods\stim158_inanimate_tools_wrench_2.png	11	70	1	wrench_2	0	311		NaN	0	0		0	0	2951.031089	2951.131085	0.0999961
653161	0.0999957	6255	stimuli/non_foods\stim050_animate_insect_butterfly_2.png	11	70	1	butterfly_2	0	45		NaN	0	0		0	0	2951.181091	2951.281086	0.0999957
653198.5	0.0999918	6256	stimuli/non_foods\stim133_inanimate_plants_tree_1.png	11	70	1	tree_1	0	299		NaN	0	0		0	0	2951.331091	2951.431083	0.0999918
653236	0.0999916	6257	stimuli/foods\lettuce.jpg	11	70	1	lettuce	1	178	NF_046	1	0	0		0	0	2951.481091	2951.581083	0.0999916
653273.5	0.0999861	6258	stimuli/foods\cabbage.jpg	11	70	1	cabbage	1	48	NF_025	1	0	0		0	0	2951.631094	2951.73108	0.0999861
653311	0.0999903	6259	stimuli/foods\baked_cod_with_carrots_and_green_beans.jpg	11	70	1	baked_cod_with_carrots_and_green_beans	1	16	TF_082	0	0	0		0	0	2951.781089	2951.881079	0.0999903
653348.5	0.1000212	6260	stimuli/non_foods\stim153_inanimate_tools_scissors_1.png	11	70	1	scissors_1	0	258		NaN	0	0		0	0	2951.93108	2952.031101	0.1000212
653386	0.0999898	6261	stimuli/foods\spaghetti_with_meat_sauce.jpg	11	70	1	spaghetti_with_meat_sauce	1	275	TF_137	0	0	0		0	0	2952.081089	2952.181079	0.0999898
653423.5	0.099992	6262	stimuli/foods\strawberry.jpg	11	70	1	strawberry	1	285	NF_037	1	0	0		0	0	2952.231085	2952.331077	0.099992
653461	0.0999924	6263	stimuli/non_foods\stim049_animate_insect_butterfly_1.png	11	70	1	butterfly_1	0	44		NaN	0	0		0	0	2952.381082	2952.481074	0.0999924
653498.5	0.0999963	6264	stimuli/non_foods\stim095_inanimate_clothing_shirt_3.png	11	70	1	shirt_3	0	264		NaN	0	0		0	0	2952.531081	2952.631077	0.0999963
653902.75	0.0999753	6265	stimuli/foods\chocolate_bar.jpg	11	71	1	chocolate_bar	1	75	TF_033	0	0	0		0	0	2954.147747	2954.247723	0.0999753
653940.25	0.0999962	6266	stimuli/non_foods\stim128_inanimate_plants_cactus_4.png	11	71	1	cactus_4	0	52		NaN	0	0		0	0	2954.297731	2954.397727	0.0999962
653977.75	0.1000155	6267	stimuli/non_foods\stim119_inanimate_furniture_table_3.png	11	71	1	table_3	0	293		NaN	0	0		0	0	2954.44773	2954.547746	0.1000155
654015.25	0.0999584	6268	stimuli/non_foods\stim063_animate_mammal_cow_3.png	11	71	1	cow_3	0	96		NaN	0	0		0	0	2954.59777	2954.697728	0.0999584
654052.75	0.0999868	6269	stimuli/foods\pancakes.jpg	11	71	1	pancakes	1	209	TF_058	0	0	0		0	0	2954.747736	2954.847723	0.0999868
654090.25	0.0999945	6270	stimuli/non_foods\stim085_inanimate_clothing_hat_1.png	11	71	1	hat_1	0	155		NaN	0	0		0	0	2954.897727	2954.997721	0.0999945
654127.75	0.0999907	6271	stimuli/foods\radish.jpg	11	71	1	radish	1	240	NF_090	1	0	0		0	0	2955.047729	2955.14772	0.0999907
654165.25	0.0999944	6272	stimuli/non_foods\stim001_animate_bird_chicken_1.png	11	71	1	chicken_1	0	66		NaN	0	0		0	0	2955.197726	2955.297721	0.0999944
654202.75	0.0999846	6273	stimuli/non_foods\stim147_inanimate_tools_hammer_3.png	11	71	1	hammer_3	0	153		NaN	0	0		0	0	2955.347735	2955.44772	0.0999846
654240.25	0.099985	6274	stimuli/foods\hotdog.jpg	11	71	1	hotdog	1	161	TF_070	0	0	0		0	0	2955.49773	2955.597715	0.099985
654277.75	0.0999994	6275	stimuli/non_foods\stim157_inanimate_tools_wrench_1.png	11	71	1	wrench_1	0	310		NaN	0	0		0	0	2955.647716	2955.747716	0.0999994
654315.25	0.0999892	6276	stimuli/foods\onion.jpg	11	71	1	onion	1	200	NF_029	1	0	0		0	0	2955.797724	2955.897713	0.0999892
654352.75	0.0999968	6277	stimuli/non_foods\stim116_inanimate_furniture_sofa_4.png	11	71	1	sofa_4	0	274		NaN	0	0		0	0	2955.947716	2956.047713	0.0999968
654390.25	0.0999982	6278	stimuli/non_foods\stim097_inanimate_clothing_socks_1.png	11	71	1	socks_1	0	267		NaN	0	0		0	0	2956.097716	2956.197714	0.0999982
654427.75	0.0999813	6279	stimuli/foods\hazelnuts.jpg	11	71	1	hazelnuts	1	159	NF_065	1	0	0		0	0	2956.247721	2956.347702	0.0999813
654465.25	0.0999799	6280	stimuli/foods\garlic.jpg	11	71	1	garlic	1	130	NF_001	1	0	0		0	0	2956.397739	2956.497719	0.0999799
654502.75	0.0999861	6281	stimuli/foods\egg.jpg	11	71	1	egg	1	115	NF_095	1	0	0		0	0	2956.547722	2956.647708	0.0999861
654540.25	0.0999929	6282	stimuli/foods\toasted_bread_with_tomatoes.jpg	11	71	1	toasted_bread_with_tomatoes	1	297	TF_017	0	0	0		0	0	2956.697716	2956.797709	0.0999929
654577.75	0.0999978	6283	stimuli/non_foods\stim072_animate_mammal_kangaroo_4.png	11	71	1	kangaroo_4	0	171		NaN	0	0		0	0	2956.847711	2956.947709	0.0999978
654615.25	0.0999832	6284	stimuli/foods\pea_pod.jpg	11	71	1	pea_pod	1	217	NF_082	1	0	0		0	0	2956.997719	2957.097702	0.0999832
654652.75	0.0999981	6285	stimuli/foods\figs.jpg	11	71	1	figs	1	122	NF_035	1	0	0		0	0	2957.147706	2957.247704	0.0999981
654690.25	0.0999897	6286	stimuli/foods\lemon.jpg	11	71	1	lemon	1	175	NF_049	1	0	0		0	0	2957.297715	2957.397705	0.0999897
654727.75	0.0999901	6287	stimuli/foods\green_olives.jpg	11	71	1	green_olives	1	148	TF_085	0	0	0		0	0	2957.447712	2957.547702	0.0999901
654765.25	0.0999915	6288	stimuli/foods\spring_onions.jpg	11	71	1	spring_onions	1	282	NF_086	1	0	0		0	0	2957.59771	2957.697702	0.0999915
654802.75	0.0999969	6289	stimuli/non_foods\stim149_inanimate_tools_pan_1.png	11	71	1	pan_1	0	205		NaN	0	0		0	0	2957.747704	2957.847701	0.0999969
654840.25	0.0999889	6290	stimuli/foods\blue_cheese.jpg	11	71	1	blue_cheese	1	25	TF_066	0	1	0		0	0	2957.897707	2957.997696	0.0999889
654877.75	0.1000176	6291	stimuli/foods\calamari.jpg	11	71	1	calamari	1	53	TF_019	0	0	0		0	0	2958.047706	2958.147724	0.1000176
654915.25	0.0999683	6292	stimuli/non_foods\stim087_inanimate_clothing_hat_3.png	11	71	1	hat_3	0	157		NaN	0	1	f	0.3921293	1	2958.19773	2958.297698	0.0999683
654952.75	0.1000254	6293	stimuli/foods\grapes.jpg	11	71	1	grapes	1	142	NF_098	1	0	0		0	0	2958.347704	2958.447729	0.1000254
654990.25	0.0999887	6294	stimuli/foods\rice.jpg	11	71	1	rice	1	250	TF_121	0	0	0		0	0	2958.497705	2958.597694	0.0999887
655027.75	0.09999	6295	stimuli/foods\lamb_chops.jpg	11	71	1	lamb_chops	1	173	TF_040	0	0	0		0	0	2958.6477	2958.74769	0.09999
655065.25	0.0999903	6296	stimuli/foods\oyster.jpg	11	71	1	oyster	1	204	NF_067	1	0	0		0	0	2958.797702	2958.897692	0.0999903
655102.75	0.0999885	6297	stimuli/foods\swordfish.jpg	11	71	1	swordfish	1	290	TF_101	0	0	0		0	0	2958.947702	2959.047691	0.0999885
655140.25	0.0999919	6298	stimuli/foods\spinach.jpg	11	71	1	spinach	1	277	NF_094	1	0	0		0	0	2959.097698	2959.19769	0.0999919
655177.75	0.0999709	6299	stimuli/non_foods\stim016_animate_bird_peacock_4.png	11	71	1	peacock_4	0	222		NaN	0	0		0	0	2959.247716	2959.347686	0.0999709
655215.25	0.0999892	6300	stimuli/foods\mandarin.jpg	11	71	1	mandarin	1	184	NF_052	1	0	0		0	0	2959.397695	2959.497684	0.0999892
655252.75	0.099991	6301	stimuli/foods\meatballs.jpg	11	71	1	meatballs	1	186	TF_112	0	0	0		0	0	2959.547694	2959.647685	0.099991
655290.25	0.0999875	6302	stimuli/foods\salmon.jpg	11	71	1	salmon	1	256	TF_130	0	0	0		0	0	2959.697696	2959.797684	0.0999875
655327.75	0.1000066	6303	stimuli/foods\omelette.jpg	11	71	1	omelette	1	199	TF_057	0	0	0		0	0	2959.847693	2959.9477	0.1000066
655365.25	0.0999732	6304	stimuli/foods\cupcake.jpg	11	71	1	cupcake	1	102	TF_050	0	0	0		0	0	2959.997707	2960.09768	0.0999732
655402.75	0.099992	6305	stimuli/non_foods\stim018_animate_bird_penguin_2.png	11	71	1	penguin_2	0	226		NaN	0	0		0	0	2960.147689	2960.247681	0.099992
655440.25	0.0999916	6306	stimuli/non_foods\stim107_inanimate_furniture_chair_3.png	11	71	1	chair_3	0	62		NaN	0	0		0	0	2960.297683	2960.397675	0.0999916
655477.75	0.0999879	6307	stimuli/foods\baked_lamb_with_potatoes.jpg	11	71	1	baked_lamb_with_potatoes	1	17	TF_001	0	0	0		0	0	2960.447689	2960.547677	0.0999879
655515.25	0.0999934	6308	stimuli/non_foods\stim110_inanimate_furniture_closet_2.png	11	71	1	closet_2	0	82		NaN	0	0		0	0	2960.597683	2960.697677	0.0999934
655552.75	0.0999942	6309	stimuli/non_foods\stim098_inanimate_clothing_socks_2.png	11	71	1	socks_2	0	268		NaN	0	0		0	0	2960.747681	2960.847675	0.0999942
655590.25	0.0999936	6310	stimuli/non_foods\stim101_inanimate_furniture_bed_1.png	11	71	1	bed_1	0	19		NaN	0	0		0	0	2960.897678	2960.997671	0.0999936
655627.75	0.0999834	6311	stimuli/non_foods\stim125_inanimate_plants_cactus_1.png	11	71	1	cactus_1	0	49		NaN	0	0		0	0	2961.047688	2961.147671	0.0999834
655665.25	0.0999865	6312	stimuli/foods\cuttlefish.jpg	11	71	1	cuttlefish	1	103	NF_093	1	0	0		0	0	2961.197686	2961.297673	0.0999865
655702.75	0.0999899	6313	stimuli/foods\stew_with_potatoes_and_carrots.jpg	11	71	1	stew_with_potatoes_and_carrots	1	284	TF_139	0	0	0		0	0	2961.347681	2961.447671	0.0999899
655740.25	0.099995	6314	stimuli/non_foods\stim127_inanimate_plants_cactus_3.png	11	71	1	cactus_3	0	51		NaN	0	0		0	0	2961.497675	2961.59767	0.099995
655777.75	0.1000124	6315	stimuli/foods\museli_bars.jpg	11	71	1	museli_bars	1	193	TF_008	0	0	0		0	0	2961.647682	2961.747694	0.1000124
655815.25	0.0999893	6316	stimuli/foods\grilled_chicken_breast.jpg	11	71	1	grilled_chicken_breast	1	149	TF_104	0	0	0		0	0	2961.797675	2961.897664	0.0999893
655852.75	0.0999919	6317	stimuli/foods\fried_zucchini.jpg	11	71	1	fried_zucchini	1	125	TF_159	0	0	0		0	0	2961.947675	2962.047667	0.0999919
655890.25	0.099979	6318	stimuli/foods\cauliflower.jpg	11	71	1	cauliflower	1	57	NF_022	1	0	0		0	0	2962.097676	2962.197655	0.099979
655927.75	0.0999924	6319	stimuli/non_foods\stim081_inanimate_clothing_gloves_1.png	11	71	1	gloves_1	0	136		NaN	0	0		0	0	2962.247668	2962.34766	0.0999924
655965.25	0.0999988	6320	stimuli/non_foods\stim148_inanimate_tools_hammer_4.png	11	71	1	hammer_4	0	154		NaN	0	0		0	0	2962.397664	2962.497663	0.0999988
656002.75	0.0999873	6321	stimuli/foods\fruit_salad.jpg	11	71	1	fruit_salad	1	129	NF_043	1	0	0		0	0	2962.547671	2962.647658	0.0999873
656040.25	0.0999957	6322	stimuli/non_foods\stim106_inanimate_furniture_chair_2.png	11	71	1	chair_2	0	61		NaN	0	0		0	0	2962.697664	2962.79766	0.0999957
656077.75	0.0999951	6323	stimuli/non_foods\stim030_animate_human_clown_2.png	11	71	1	clown_2	0	86		NaN	0	0		0	0	2962.847662	2962.947657	0.0999951
656115.25	0.0999909	6324	stimuli/non_foods\stim140_inanimate_plants_tulip_4.png	11	71	1	tulip_4	0	306		NaN	0	0		0	0	2962.997658	2963.097648	0.0999909
656152.75	0.0999924	6325	stimuli/foods\coconut.jpg	11	71	1	coconut	1	89	NF_030	1	0	0		0	0	2963.147663	2963.247656	0.0999924
656190.25	0.0999949	6326	stimuli/foods\apricot.jpg	11	71	1	apricot	1	6	NF_002	1	1	0		0	0	2963.297667	2963.397662	0.0999949
656227.75	0.100029	6327	stimuli/non_foods\stim039_animate_human_sports_3.png	11	71	1	sports_3	0	280		NaN	0	0		0	0	2963.44764	2963.547669	0.100029
656265.25	0.0999998	6328	stimuli/non_foods\stim152_inanimate_tools_pan_4.png	11	71	1	pan_4	0	208		NaN	0	1	f	0.3920734	1	2963.597653	2963.697652	0.0999998
656302.75	0.0999889	6329	stimuli/foods\peas.jpg	11	71	1	peas	1	224	NF_081	1	0	0		0	0	2963.74766	2963.847649	0.0999889
656340.25	0.0999916	6330	stimuli/foods\lime.jpg	11	71	1	lime	1	180	NF_048	1	0	0		0	0	2963.89766	2963.997651	0.0999916
656377.75	0.0999945	6331	stimuli/non_foods\stim124_inanimate_plants_bush_4.png	11	71	1	bush_4	0	43		NaN	0	0		0	0	2964.047652	2964.147647	0.0999945
656415.25	0.0999962	6332	stimuli/non_foods\stim103_inanimate_furniture_bed_3.png	11	71	1	bed_3	0	21		NaN	0	0		0	0	2964.197652	2964.297648	0.0999962
656452.75	0.0999978	6333	stimuli/non_foods\stim082_inanimate_clothing_gloves_2.png	11	71	1	gloves_2	0	137		NaN	0	0		0	0	2964.347648	2964.447646	0.0999978
656490.25	0.0999858	6334	stimuli/foods\mango.jpg	11	71	1	mango	1	185	NF_054	1	0	0		0	0	2964.497657	2964.597643	0.0999858
656527.75	0.0999923	6335	stimuli/non_foods\stim066_animate_mammal_giraffe_2.png	11	71	1	giraffe_2	0	133		NaN	0	0		0	0	2964.647643	2964.747636	0.0999923
656565.25	0.0999877	6336	stimuli/foods\fruit_pie.jpg	11	71	1	fruit_pie	1	128	TF_147	0	0	0		0	0	2964.797651	2964.897639	0.0999877
656602.75	0.0999901	6337	stimuli/foods\pasta_carbonara.jpg	11	71	1	pasta_carbonara	1	216	TF_027	0	0	0		0	0	2964.947651	2965.047641	0.0999901
656640.25	0.0999942	6338	stimuli/foods\mortadella.jpg	11	71	1	mortadella	1	192	TF_083	0	0	0		0	0	2965.097649	2965.197643	0.0999942
656677.75	0.0999646	6339	stimuli/foods\salami.jpg	11	71	1	salami	1	255	TF_127	0	0	0		0	0	2965.247674	2965.347639	0.0999646
656715.25	0.0999974	6340	stimuli/non_foods\stim047_animate_insect_bug_3.png	11	71	1	bug_3	0	38		NaN	0	0		0	0	2965.397641	2965.497639	0.0999974
656752.75	0.0999896	6341	stimuli/foods\artichoke.jpg	11	71	1	artichoke	1	7	NF_018	1	0	0		0	0	2965.547647	2965.647637	0.0999896
656790.25	0.0999912	6342	stimuli/non_foods\stim024_animate_human_baby_4.png	11	71	1	baby_4	0	13		NaN	0	0		0	0	2965.697644	2965.797635	0.0999912
656827.75	0.1000033	6343	stimuli/non_foods\stim027_animate_human_child_3.png	11	71	1	child_3	0	72		NaN	0	0		0	0	2965.847631	2965.947634	0.1000033
656865.25	0.0999963	6344	stimuli/non_foods\stim160_inanimate_tools_wrench_4.png	11	71	1	wrench_4	0	313		NaN	0	0		0	0	2965.997635	2966.097631	0.0999963
656902.75	0.0999981	6345	stimuli/foods\coffee_beans.jpg	11	71	1	coffee_beans	1	90	TF_029	0	0	0		0	0	2966.147633	2966.247631	0.0999981
656940.25	0.0999936	6346	stimuli/non_foods\stim112_inanimate_furniture_closet_4.png	11	71	1	closet_4	0	84		NaN	0	0		0	0	2966.297639	2966.397633	0.0999936
656977.75	0.0999875	6347	stimuli/foods\potato_and_green_bean_salad.jpg	11	71	1	potato_and_green_bean_salad	1	235	TF_072	0	0	0		0	0	2966.447641	2966.547629	0.0999875
657015.25	0.0999913	6348	stimuli/foods\pork_and_rice.jpg	11	71	1	pork_and_rice	1	233	TF_080	0	0	0		0	0	2966.597638	2966.697629	0.0999913
657052.75	0.0999916	6349	stimuli/foods\brownie.jpg	11	71	1	brownie	1	34	TF_011	0	0	0		0	0	2966.747636	2966.847627	0.0999916
657090.25	0.0999762	6350	stimuli/foods\green_beans.jpg	11	71	1	green_beans	1	147	NF_034	1	0	0		0	0	2966.897634	2966.99761	0.0999762
657127.75	0.0999785	6351	stimuli/non_foods\stim046_animate_insect_bug_2.png	11	71	1	bug_2	0	37		NaN	0	0		0	0	2967.047646	2967.147625	0.0999785
657165.25	0.099993	6352	stimuli/non_foods\stim121_inanimate_plants_bush_1.png	11	71	1	bush_1	0	40		NaN	0	0		0	0	2967.197628	2967.297621	0.099993
657202.75	0.0999888	6353	stimuli/foods\parmesan_cheese.jpg	11	71	1	parmesan_cheese	1	211	TF_091	0	0	0		0	0	2967.347633	2967.447622	0.0999888
657240.25	0.1000052	6354	stimuli/non_foods\stim141_inanimate_tools_broom_1.png	11	71	1	broom_1	0	30		NaN	0	0		0	0	2967.497616	2967.597621	0.1000052
657277.75	0.0999984	6355	stimuli/non_foods\stim051_animate_insect_butterfly_3.png	11	71	1	butterfly_3	0	46		NaN	0	0		0	0	2967.647623	2967.747621	0.0999984
657315.25	0.0999894	6356	stimuli/foods\rice_cake.jpg	11	71	1	rice_cake	1	251	TF_059	0	0	0		0	0	2967.797628	2967.897618	0.0999894
657352.75	0.1000045	6357	stimuli/foods\pork_loin_with_peas.jpg	11	71	1	pork_loin_with_peas	1	234	TF_003	0	0	0		0	0	2967.947619	2968.047623	0.1000045
657390.25	0.0999926	6358	stimuli/non_foods\stim123_inanimate_plants_bush_3.png	11	71	1	bush_3	0	42		NaN	0	0		0	0	2968.097613	2968.197606	0.0999926
657427.75	0.0999573	6359	stimuli/foods\mushroom.jpg	11	71	1	mushroom	1	194	NF_039	1	0	0		0	0	2968.24765	2968.347607	0.0999573
657465.25	0.0999972	6360	stimuli/non_foods\stim092_inanimate_clothing_jeans_4.png	11	71	1	jeans_4	0	167		NaN	0	0		0	0	2968.397609	2968.497606	0.0999972
657502.75	0.0999935	6361	stimuli/non_foods\stim007_animate_bird_duck_3.png	11	71	1	duck_3	0	113		NaN	0	0		0	0	2968.547611	2968.647605	0.0999935
657540.25	0.0999839	6362	stimuli/foods\minestrone_soup.jpg	11	71	1	minestrone_soup	1	187	TF_160	0	0	0		0	0	2968.697624	2968.797608	0.0999839
657577.75	0.0999776	6363	stimuli/foods\grapefruits.jpg	11	71	1	grapefruits	1	141	NF_085	1	0	0		0	0	2968.847621	2968.947599	0.0999776
657615.25	0.0999854	6364	stimuli/non_foods\stim086_inanimate_clothing_hat_2.png	11	71	1	hat_2	0	156		NaN	0	0		0	0	2968.997614	2969.097599	0.0999854
657652.75	0.0999876	6365	stimuli/foods\pineapple.jpg	11	71	1	pineapple	1	231	NF_004	1	0	0		0	0	2969.147613	2969.247601	0.0999876
657690.25	0.0999892	6366	stimuli/foods\cinnamon_sroll.jpg	11	71	1	cinnamon_sroll	1	80	TF_021	0	0	0		0	0	2969.297609	2969.397598	0.0999892
657727.75	0.1000049	6367	stimuli/non_foods\stim041_animate_insect_ant_1.png	11	71	1	ant_1	0	1		NaN	0	0		0	0	2969.447602	2969.547607	0.1000049
657765.25	0.1000009	6368	stimuli/non_foods\stim026_animate_human_child_2.png	11	71	1	child_2	0	71		NaN	0	0		0	0	2969.597596	2969.697597	0.1000009
657802.75	0.0999711	6369	stimuli/foods\pomegranate.jpg	11	71	1	pomegranate	1	232	NF_058	1	0	0		0	0	2969.747607	2969.847578	0.0999711
657840.25	0.099977	6370	stimuli/non_foods\stim070_animate_mammal_kangaroo_2.png	11	71	1	kangaroo_2	0	169		NaN	0	0		0	0	2969.897625	2969.997602	0.099977
657877.75	0.0999952	6371	stimuli/non_foods\stim025_animate_human_child_1.png	11	71	1	child_1	0	70		NaN	0	0		0	0	2970.047602	2970.147597	0.0999952
657915.25	0.0999993	6372	stimuli/non_foods\stim032_animate_human_clown_4.png	11	71	1	clown_4	0	88		NaN	0	0		0	0	2970.197601	2970.297601	0.0999993
657952.75	0.0999909	6373	stimuli/non_foods\stim017_animate_bird_penguin_1.png	11	71	1	penguin_1	0	225		NaN	0	0		0	0	2970.347604	2970.447595	0.0999909
657990.25	0.100012	6374	stimuli/non_foods\stim109_inanimate_furniture_closet_1.png	11	71	1	closet_1	0	81		NaN	0	0		0	0	2970.497605	2970.597617	0.100012
658027.75	0.0999872	6375	stimuli/foods\celery.jpg	11	71	1	celery	1	58	NF_092	1	0	0		0	0	2970.647608	2970.747595	0.0999872
658065.25	0.0999936	6376	stimuli/non_foods\stim062_animate_mammal_cow_2.png	11	71	1	cow_2	0	95		NaN	0	0		0	0	2970.797598	2970.897592	0.0999936
658102.75	0.0999906	6377	stimuli/foods\papaya.jpg	11	71	1	papaya	1	210	NF_069	1	0	0		0	0	2970.947601	2971.047592	0.0999906
658140.25	0.099992	6378	stimuli/foods\frankfurters.jpg	11	71	1	frankfurters	1	123	TF_156	0	0	0		0	0	2971.097601	2971.197593	0.099992
658177.75	0.0999892	6379	stimuli/foods\mussels.jpg	11	71	1	mussels	1	195	TF_042	0	0	0		0	0	2971.247597	2971.347587	0.0999892
658215.25	0.0999979	6380	stimuli/non_foods\stim020_animate_bird_penguin_4.png	11	71	1	penguin_4	0	228		NaN	0	0		0	0	2971.397593	2971.497591	0.0999979
658252.75	0.0999881	6381	stimuli/foods\ice_cream_sandwich.jpg	11	71	1	ice_cream_sandwich	1	163	TF_061	0	0	0		0	0	2971.547598	2971.647586	0.0999881
658290.25	0.0999909	6382	stimuli/foods\nectarine.jpg	11	71	1	nectarine	1	196	NF_078	1	0	0		0	0	2971.697597	2971.797588	0.0999909
658327.75	0.0999907	6383	stimuli/foods\raw_ham.jpg	11	71	1	raw_ham	1	242	TF_117	0	0	0		0	0	2971.847595	2971.947585	0.0999907
658365.25	0.0999929	6384	stimuli/foods\capsicum.jpg	11	71	1	capsicum	1	55	NF_076	1	0	0		0	0	2971.997592	2972.097585	0.0999929
658402.75	0.0999884	6385	stimuli/non_foods\stim052_animate_insect_butterfly_4.png	11	71	1	butterfly_4	0	47		NaN	0	0		0	0	2972.14759	2972.247578	0.0999884
658440.25	0.1000115	6386	stimuli/non_foods\stim134_inanimate_plants_tree_2.png	11	71	1	tree_2	0	300		NaN	0	0		0	0	2972.297588	2972.3976	0.1000115
658477.75	0.0999925	6387	stimuli/foods\hamburger.jpg	11	71	1	hamburger	1	150	TF_069	0	0	0		0	0	2972.44759	2972.547583	0.0999925
658515.25	0.0999931	6388	stimuli/non_foods\stim056_animate_insect_dragonfly_4.png	11	71	1	dragonfly_4	0	109		NaN	0	0		0	0	2972.597586	2972.697579	0.0999931
658552.75	0.0999901	6389	stimuli/foods\pumpkin.jpg	11	71	1	pumpkin	1	239	NF_101	1	0	0		0	0	2972.747584	2972.847574	0.0999901
658590.25	0.0999895	6390	stimuli/foods\red_beans.jpg	11	71	1	red_beans	1	244	NF_033	1	0	0		0	0	2972.897591	2972.997581	0.0999895
658627.75	0.0999949	6391	stimuli/non_foods\stim029_animate_human_clown_1.png	11	71	1	clown_1	0	85		NaN	0	0		0	0	2973.047579	2973.147574	0.0999949
658665.25	0.0999955	6392	stimuli/non_foods\stim022_animate_human_baby_2.png	11	71	1	baby_2	0	11		NaN	0	0		0	0	2973.197576	2973.297572	0.0999955
658702.75	0.1000166	6393	stimuli/non_foods\stim044_animate_insect_ant_4.png	11	71	1	ant_4	0	4		NaN	0	0		0	0	2973.347576	2973.447592	0.1000166
658740.25	0.0999966	6394	stimuli/non_foods\stim019_animate_bird_penguin_3.png	11	71	1	penguin_3	0	227		NaN	0	0		0	0	2973.497574	2973.59757	0.0999966
658777.75	0.0999963	6395	stimuli/foods\pepperoni_pizza.jpg	11	71	1	pepperoni_pizza	1	229	TF_106	0	0	0		0	0	2973.647582	2973.747578	0.0999963
658815.25	0.0999896	6396	stimuli/foods\cooked_prawn.jpg	11	71	1	cooked_prawn	1	92	TF_060	0	0	0		0	0	2973.797577	2973.897567	0.0999896
658852.75	0.099997	6397	stimuli/non_foods\stim135_inanimate_plants_tree_3.png	11	71	1	tree_3	0	301		NaN	0	0		0	0	2973.947573	2974.04757	0.099997
658890.25	0.0999835	6398	stimuli/foods\corncob.jpg	11	71	1	corncob	1	93	NF_051	1	0	0		0	0	2974.09758	2974.197564	0.0999835
658927.75	0.0999911	6399	stimuli/non_foods\stim096_inanimate_clothing_shirt_4.png	11	71	1	shirt_4	0	265		NaN	0	0		0	0	2974.247572	2974.347563	0.0999911
658965.25	0.0999953	6400	stimuli/foods\cereal.jpg	11	71	1	cereal	1	59	TF_028	0	0	0		0	0	2974.397572	2974.497568	0.0999953
659002.75	0.0999944	6401	stimuli/non_foods\stim053_animate_insect_dragonfly_1.png	11	71	1	dragonfly_1	0	106		NaN	0	0		0	0	2974.547568	2974.647562	0.0999944
659040.25	0.099992	6402	stimuli/non_foods\stim091_inanimate_clothing_jeans_3.png	11	71	1	jeans_3	0	166		NaN	0	0		0	0	2974.697569	2974.797561	0.099992
659077.75	0.0999954	6403	stimuli/foods\fries.jpg	11	71	1	fries	1	126	TF_094	0	0	0		0	0	2974.847565	2974.94756	0.0999954
659115.25	0.0999988	6404	stimuli/non_foods\stim055_animate_insect_dragonfly_3.png	11	71	1	dragonfly_3	0	108		NaN	0	0		0	0	2974.997563	2975.097561	0.0999988
659152.75	0.1000008	6405	stimuli/foods\dried_figs.jpg	11	71	1	dried_figs	1	110	TF_054	0	0	0		0	0	2975.14757	2975.24757	0.1000008
659190.25	0.0999858	6406	stimuli/foods\risotto_with_peas_and_asparagus_tips.jpg	11	71	1	risotto_with_peas_and_asparagus_tips	1	252	TF_123	0	0	0		0	0	2975.29757	2975.397556	0.0999858
659227.75	0.0999901	6407	stimuli/foods\lollies.jpg	11	71	1	lollies	1	183	TF_026	0	0	0		0	0	2975.447564	2975.547554	0.0999901
659265.25	0.0999862	6408	stimuli/foods\ice_cream.jpg	11	71	1	ice_cream	1	162	TF_062	0	0	0		0	0	2975.597568	2975.697554	0.0999862
659302.75	0.0999968	6409	stimuli/non_foods\stim048_animate_insect_bug_4.png	11	71	1	bug_4	0	39		NaN	0	0		0	0	2975.747557	2975.847554	0.0999968
659340.25	0.1	6410	stimuli/non_foods\stim114_inanimate_furniture_sofa_2.png	11	71	1	sofa_2	0	272		NaN	0	0		0	0	2975.897575	2975.997575	0.1
659377.75	0.1000003	6411	stimuli/non_foods\stim042_animate_insect_ant_2.png	11	71	1	ant_2	0	2		NaN	0	0		0	0	2976.047551	2976.147551	0.1000003
659415.25	0.0999931	6412	stimuli/foods\blackberry.jpg	11	71	1	blackberry	1	24	NF_063	1	0	0		0	0	2976.197555	2976.297548	0.0999931
659452.75	0.0999898	6413	stimuli/foods\roasted_chicken.jpg	11	71	1	roasted_chicken	1	253	TF_109	0	0	0		0	0	2976.347559	2976.447549	0.0999898
659490.25	0.0999937	6414	stimuli/non_foods\stim115_inanimate_furniture_sofa_3.png	11	71	1	sofa_3	0	273		NaN	0	0		0	0	2976.497554	2976.597547	0.0999937
659527.75	0.0999946	6415	stimuli/non_foods\stim117_inanimate_furniture_table_1.png	11	71	1	table_1	0	291		NaN	0	0		0	0	2976.647552	2976.747547	0.0999946
659565.25	0.0999873	6416	stimuli/foods\asparagus.jpg	11	71	1	asparagus	1	8	NF_010	1	0	0		0	0	2976.797558	2976.897545	0.0999873
659602.75	0.0999917	6417	stimuli/non_foods\stim132_inanimate_plants_sunflower_4.png	11	71	1	sunflower_4	0	289		NaN	0	0		0	0	2976.947551	2977.047543	0.0999917
659640.25	0.0999932	6418	stimuli/foods\red_cabbage.jpg	11	71	1	red_cabbage	1	245	NF_023	1	0	0		0	0	2977.097551	2977.197544	0.0999932
659677.75	0.0999962	6419	stimuli/non_foods\stim009_animate_bird_parrot_1.png	11	71	1	parrot_1	0	212		NaN	0	0		0	0	2977.247548	2977.347544	0.0999962
659715.25	0.0999995	6420	stimuli/non_foods\stim040_animate_human_sports_4.png	11	71	1	sports_4	0	281		NaN	0	0		0	0	2977.397542	2977.497542	0.0999995
659752.75	0.0999894	6421	stimuli/non_foods\stim089_inanimate_clothing_jeans_1.png	11	71	1	jeans_1	0	164		NaN	0	0		0	0	2977.54754	2977.64753	0.0999894
662944.5	0.1161949	6422	stimuli/foods\artichoke.jpg	12	72	0	artichoke	1	7	NF_018	1	0	NaN	a	0.6138904	1	2990.314595	2990.43079	0.1161949
663436	0.1166479	6423	stimuli/foods\risotto_with_peas_and_asparagus_tips.jpg	12	72	0	risotto_with_peas_and_asparagus_tips	1	252	TF_123	0	0	NaN	f	0.4502156	1	2992.280772	2992.39742	0.1166479
663815.25	0.1166481	6424	stimuli/foods\bagel.jpg	12	72	0	bagel	1	14	TF_005	0	0	NaN	f	0.3635348	1	2993.797428	2993.914076	0.1166481
664190.25	0.1166486	6425	stimuli/foods\raw_ham.jpg	12	72	0	raw_ham	1	242	TF_117	0	0	NaN	f	0.2715782	1	2995.297415	2995.414063	0.1166486
664490.25	0.1166461	6426	stimuli/foods\cracker.jpg	12	72	0	cracker	1	98	TF_043	0	0	NaN	f	0.3925443	1	2996.497407	2996.614053	0.1166461
664811	0.1166516	6427	stimuli/foods\pancakes.jpg	12	72	0	pancakes	1	209	TF_058	0	0	NaN	f	0.3712316	1	2997.780729	2997.89738	0.1166516
665181.75	0.1166524	6428	stimuli/foods\beetroots.jpg	12	72	0	beetroots	1	23	NF_015	1	0	NaN	f	0.3179131	0	2999.264048	2999.3807	0.1166524
665511	0.1166475	6429	stimuli/foods\pork_and_rice.jpg	12	72	0	pork_and_rice	1	233	TF_080	0	0	NaN	f	0.4382517	1	3000.580705	3000.697352	0.1166475
665944.25	0.1166539	6430	stimuli/foods\cuttlefish.jpg	12	72	0	cuttlefish	1	103	NF_093	1	0	NaN	a	0.4589605	1	3002.314022	3002.430676	0.1166539
666290.25	0.1166492	6431	stimuli/foods\lasagna.jpg	12	72	0	lasagna	1	174	TF_076	0	0	NaN	f	0.3306247	1	3003.697346	3003.813996	0.1166492
666640.25	0.1166496	6432	stimuli/foods\lentils.jpg	12	72	0	lentils	1	177	NF_047	1	0	NaN	a	0.2876604	1	3005.097336	3005.213985	0.1166496
666940.25	0.1166745	6433	stimuli/foods\fried_zucchini.jpg	12	72	0	fried_zucchini	1	125	TF_159	0	0	NaN	a	0.3936509	0	3006.297325	3006.413999	0.1166745
667265.25	0.1166461	6434	stimuli/foods\watermelon.jpg	12	72	0	watermelon	1	309	NF_005	1	0	NaN	a	0.3156632	1	3007.597314	3007.71396	0.1166461
667669.25	0.1166547	6435	stimuli/foods\hazelnuts.jpg	12	72	0	hazelnuts	1	159	NF_065	1	0	NaN	f	0.3870174	0	3009.213967	3009.330622	0.1166547
668090.25	0.1166483	6436	stimuli/foods\toasted_bread_with_tomatoes.jpg	12	72	0	toasted_bread_with_tomatoes	1	297	TF_017	0	0	NaN	f	0.5576814	1	3010.89729	3011.013938	0.1166483
668473.5	0.116646	6437	stimuli/foods\prawn.jpg	12	72	0	prawn	1	238	NF_041	1	0	NaN	a	0.3753675	1	3012.430611	3012.547257	0.116646
668894.25	0.1166516	6438	stimuli/foods\mandarin.jpg	12	72	0	mandarin	1	184	NF_052	1	0	NaN	a	0.2930242	1	3014.113931	3014.230582	0.1166516
669256.75	0.1166176	6439	stimuli/foods\wafer.jpg	12	72	0	wafer	1	307	TF_155	0	0	NaN	f	0.4060386	1	3015.563949	3015.680567	0.1166176
669606.75	0.1166496	6440	stimuli/foods\rockmelon.jpg	12	72	0	rockmelon	1	254	NF_060	1	0	NaN	a	0.3471227	1	3016.963906	3017.080556	0.1166496
670023.5	0.1166278	6441	stimuli/foods\apple.jpg	12	72	0	apple	1	5	NF_055	1	0	NaN	a	0.2704418	1	3018.630579	3018.747207	0.1166278
670402.75	0.1166144	6442	stimuli/foods\potato_chips.jpg	12	72	0	potato_chips	1	236	TF_097	0	0	NaN	f	0.4547566	1	3020.147248	3020.263863	0.1166144
670786	0.11665	6443	stimuli/foods\figs.jpg	12	72	0	figs	1	122	NF_035	1	0	NaN	a	0.3614821	1	3021.680533	3021.797183	0.11665
671602.75	0.1166506	6444	stimuli/foods\papaya.jpg	12	73	0	papaya	1	210	NF_069	1	0	NaN	a	0.427856	1	3024.947175	3025.063826	0.1166506
672036	0.116642	6445	stimuli/foods\salami.jpg	12	73	0	salami	1	255	TF_127	0	0	NaN	f	0.3004878	1	3026.680492	3026.797134	0.116642
672344.25	0.1166219	6446	stimuli/foods\coffee_beans.jpg	12	73	0	coffee_beans	1	90	TF_029	0	0	NaN	a	0.4671202	0	3027.913847	3028.030469	0.1166219
672719.25	0.1166492	6447	stimuli/foods\chocolate_chip_cookies.jpg	12	73	0	chocolate_chip_cookies	1	76	TF_010	0	0	NaN	a	0.3552027	0	3029.413805	3029.530454	0.1166492
673048.5	0.1166465	6448	stimuli/foods\ice_cream_sandwich.jpg	12	73	0	ice_cream_sandwich	1	163	TF_061	0	0	NaN	f	0.46252	1	3030.730464	3030.847111	0.1166465
673423.5	0.1166684	6449	stimuli/foods\cinnamon_sroll.jpg	12	73	0	cinnamon_sroll	1	80	TF_021	0	0	NaN	f	0.4065127	1	3032.230442	3032.34711	0.1166684
673806.75	0.1166571	6450	stimuli/foods\fennel.jpg	12	73	0	fennel	1	121	NF_036	1	0	NaN	a	0.3251844	1	3033.763764	3033.880421	0.1166571
674148.5	0.116649	6451	stimuli/foods\mortadella.jpg	12	73	0	mortadella	1	192	TF_083	0	0	NaN	f	0.3405647	1	3035.130428	3035.247077	0.116649
674540.25	0.116652	6452	stimuli/foods\donut.jpg	12	73	0	donut	1	105	TF_032	0	0	NaN	f	0.3398895	1	3036.697079	3036.813731	0.116652
674852.75	0.1166482	6453	stimuli/foods\smoked_ham.jpg	12	73	0	smoked_ham	1	266	TF_118	0	0	NaN	f	0.3499453	1	3037.947072	3038.06372	0.1166482
675261	0.1166545	6454	stimuli/foods\cauliflower.jpg	12	73	0	cauliflower	1	57	NF_022	1	0	NaN	a	0.4325732	1	3039.580392	3039.697046	0.1166545
675611	0.1166513	6455	stimuli/foods\hotdog.jpg	12	73	0	hotdog	1	161	TF_070	0	0	NaN	f	0.4515932	1	3040.98038	3041.097031	0.1166513
675981.75	0.1166471	6456	stimuli/foods\radish.jpg	12	73	0	radish	1	240	NF_090	1	0	NaN	a	0.3842455	1	3042.463702	3042.580349	0.1166471
676356.75	0.1165733	6457	stimuli/foods\grapefruits.jpg	12	73	0	grapefruits	1	141	NF_085	1	0	NaN	a	0.3493275	1	3043.963759	3044.080333	0.1165733
676686	0.1166486	6458	stimuli/foods\raw_sausage.jpg	12	73	0	raw_sausage	1	243	TF_131	0	0	NaN	f	0.3606191	1	3045.280344	3045.396993	0.1166486
677077.75	0.116625	6459	stimuli/foods\taco.jpg	12	73	0	taco	1	295	TF_141	0	0	NaN	a	0.3900115	0	3046.847021	3046.963646	0.116625
677448.5	0.1166445	6460	stimuli/foods\mango.jpg	12	73	0	mango	1	185	NF_054	1	0	NaN	a	0.3676619	1	3048.33032	3048.446965	0.1166445
677798.5	0.1166444	6461	stimuli/foods\almonds.jpg	12	73	0	almonds	1	0	NF_053	1	0	NaN	a	0.3886545	1	3049.730305	3049.84695	0.1166444
678181.75	0.1166463	6462	stimuli/foods\parmesan_cheese.jpg	12	73	0	parmesan_cheese	1	211	TF_091	0	0	NaN	f	0.3653531	1	3051.263635	3051.380281	0.1166463
678577.75	0.1164857	6463	stimuli/foods\pomegranate.jpg	12	73	0	pomegranate	1	232	NF_058	1	0	NaN	a	0.4820374	1	3052.847115	3052.963601	0.1164857
678940.25	0.1166441	6464	stimuli/foods\waffle.jpg	12	73	0	waffle	1	308	TF_030	0	0	NaN	f	0.3960446	1	3054.296943	3054.413587	0.1166441
679352.75	0.116651	6465	stimuli/foods\lemon.jpg	12	73	0	lemon	1	175	NF_049	1	0	NaN	a	0.47105	1	3055.946924	3056.063575	0.116651
680594.25	0.1166624	6466	stimuli/foods\honey.jpg	12	74	0	honey	1	160	NF_062	1	0	NaN	a	0.5724239	1	3060.91355	3061.030213	0.1166624
681061	0.1166518	6467	stimuli/foods\potatoes.jpg	12	74	0	potatoes	1	237	NF_071	1	0	NaN	a	0.3717622	1	3062.780202	3062.896853	0.1166518
681431.75	0.1166611	6468	stimuli/foods\pickles.jpg	12	74	0	pickles	1	230	TF_134	0	0	NaN	a	0.4504718	0	3064.263513	3064.380174	0.1166611
681811	0.116649	6469	stimuli/foods\brie.jpg	12	74	0	brie	1	28	TF_016	0	0	NaN	f	0.4348195	1	3065.780178	3065.896827	0.116649
682186	0.1166494	6470	stimuli/foods\cucumber.jpg	12	74	0	cucumber	1	101	NF_026	1	0	NaN	a	0.3787921	1	3067.280164	3067.396813	0.1166494
682506.75	0.1166474	6471	stimuli/foods\red_cabbage.jpg	12	74	0	red_cabbage	1	245	NF_023	1	0	NaN	a	0.4425081	1	3068.56349	3068.680137	0.1166474
682877.75	0.1166459	6472	stimuli/foods\meatballs.jpg	12	74	0	meatballs	1	186	TF_112	0	0	NaN	f	0.5571458	1	3070.046813	3070.163459	0.1166459
683269.25	0.1166464	6473	stimuli/foods\fruit_salad.jpg	12	74	0	fruit_salad	1	129	NF_043	1	0	NaN	a	0.3265123	1	3071.613466	3071.730113	0.1166464
683602.75	0.1166524	6474	stimuli/foods\coconut.jpg	12	74	0	coconut	1	89	NF_030	1	0	NaN	a	0.342174	1	3072.946785	3073.063437	0.1166524
683965.25	0.1166517	6475	stimuli/foods\hamburger.jpg	12	74	0	hamburger	1	150	TF_069	0	0	NaN	f	0.3871877	1	3074.396775	3074.513427	0.1166517
684394.25	0.1166537	6476	stimuli/foods\gnocchi.jpg	12	74	0	gnocchi	1	140	TF_064	0	0	NaN	a	0.4175514	0	3076.113427	3076.230081	0.1166537
684740.25	0.116647	6477	stimuli/foods\pasta_carbonara.jpg	12	74	0	pasta_carbonara	1	216	TF_027	0	0	NaN	f	0.4792569	1	3077.496751	3077.613398	0.116647
685136	0.1166505	6478	stimuli/foods\eggplant.jpg	12	74	0	eggplant	1	116	NF_059	1	0	NaN	a	0.4209108	1	3079.08007	3079.196721	0.1166505
685552.75	0.11665	6479	stimuli/foods\spaghetti_with_olives_and_capers.jpg	12	74	0	spaghetti_with_olives_and_capers	1	276	TF_135	0	0	NaN	f	0.3022241	1	3080.746724	3080.863374	0.11665
685936	0.1166491	6480	stimuli/foods\pea_pod.jpg	12	74	0	pea_pod	1	217	NF_082	1	0	NaN	a	0.4199363	1	3082.280046	3082.396695	0.1166491
686327.75	0.116635	6481	stimuli/foods\banana.jpg	12	74	0	banana	1	18	NF_013	1	0	NaN	a	0.3713013	1	3083.846712	3083.963347	0.116635
686669.25	0.1166505	6482	stimuli/foods\dates.jpg	12	74	0	dates	1	104	NF_032	1	0	NaN	a	0.4496193	1	3085.213354	3085.330004	0.1166505
687040.25	0.1166472	6483	stimuli/foods\raisins.jpg	12	74	0	raisins	1	241	NF_096	1	0	NaN	a	0.3583526	1	3086.696678	3086.813325	0.1166472
687402.75	0.1166485	6484	stimuli/foods\strawberry.jpg	12	74	0	strawberry	1	285	NF_037	1	0	NaN	f	0.3603302	0	3088.146666	3088.263314	0.1166485
687748.5	0.1166477	6485	stimuli/foods\peach.jpg	12	74	0	peach	1	218	NF_079	1	0	NaN	a	0.4439848	1	3089.529988	3089.646636	0.1166477
688177.75	0.1166576	6486	stimuli/foods\lobster.jpg	12	74	0	lobster	1	182	NF_007	1	0	NaN	a	0.4073206	1	3091.246639	3091.363297	0.1166576
688523.5	0.1166808	6487	stimuli/foods\mussels.jpg	12	74	0	mussels	1	195	TF_042	0	0	NaN	a	0.3469875	0	3092.629956	3092.746637	0.1166808
689648.5	0.1166617	6488	stimuli/foods\cherry.jpg	12	75	0	cherry	1	64	NF_027	1	0	NaN	a	0.4410372	1	3097.129924	3097.246586	0.1166617
689994.25	0.1166529	6489	stimuli/foods\lettuce.jpg	12	75	0	lettuce	1	178	NF_046	1	0	NaN	a	0.2927453	1	3098.513248	3098.629901	0.1166529
690394.25	0.1166489	6490	stimuli/foods\cannoli.jpg	12	75	0	cannoli	1	54	TF_022	0	0	NaN	f	0.3307593	1	3100.113236	3100.229885	0.1166489
690769.25	0.1166521	6491	stimuli/foods\bread_roll.jpg	12	75	0	bread_roll	1	27	TF_090	0	0	NaN	f	0.2907658	1	3101.613221	3101.729873	0.1166521
691090.25	0.1166755	6492	stimuli/foods\cinnamon.jpg	12	75	0	cinnamon	1	79	NF_017	1	0	NaN	a	0.4804545	1	3102.896544	3103.01322	0.1166755
691540.25	0.1166495	6493	stimuli/foods\stew_with_potatoes_and_carrots.jpg	12	75	0	stew_with_potatoes_and_carrots	1	284	TF_139	0	0	NaN	f	0.3254492	1	3104.696531	3104.813181	0.1166495
691856.75	0.1166464	6494	stimuli/foods\octopus.jpg	12	75	0	octopus	1	198	TF_113	0	0	NaN	a	0.5237751	0	3105.963188	3106.079834	0.1166464
692306.75	0.1166656	6495	stimuli/foods\oyster.jpg	12	75	0	oyster	1	204	NF_067	1	0	NaN	a	0.8458071	1	3107.763172	3107.879838	0.1166656
692765.25	0.1166484	6496	stimuli/foods\licorice.jpg	12	75	0	licorice	1	179	TF_078	0	0	NaN	f	0.4985555	1	3109.596492	3109.71314	0.1166484
693202.75	0.1166421	6497	stimuli/foods\asparagus.jpg	12	75	0	asparagus	1	8	NF_010	1	0	NaN	a	0.4864947	1	3111.346487	3111.463129	0.1166421
693606.75	0.1166474	6498	stimuli/foods\cereal.jpg	12	75	0	cereal	1	59	TF_028	0	0	NaN	f	0.4238755	1	3112.963132	3113.07978	0.1166474
694015.25	0.116648	6499	stimuli/foods\apricot.jpg	12	75	0	apricot	1	6	NF_002	1	0	NaN	a	0.4335278	1	3114.596454	3114.713102	0.116648
694448.5	0.1166482	6500	stimuli/foods\spinach.jpg	12	75	0	spinach	1	277	NF_094	1	0	NaN	a	0.3212559	1	3116.329771	3116.446419	0.1166482
694761	0.1166495	6501	stimuli/foods\red_beans.jpg	12	75	0	red_beans	1	244	NF_033	1	0	NaN	a	0.4602462	1	3117.579761	3117.69641	0.1166495
695206.75	0.1166511	6502	stimuli/foods\avocado.jpg	12	75	0	avocado	1	9	NF_012	1	0	NaN	a	0.3909282	1	3119.363077	3119.479728	0.1166511
695594.25	0.1166649	6503	stimuli/foods\capsicum.jpg	12	75	0	capsicum	1	55	NF_076	1	0	NaN	a	0.3158746	1	3120.91307	3121.029735	0.1166649
695898.5	0.1166516	6504	stimuli/foods\steak.jpg	12	75	0	steak	1	283	TF_013	0	0	NaN	f	0.5242522	1	3122.129724	3122.246375	0.1166516
696290.25	0.1166447	6505	stimuli/foods\ginger_root.jpg	12	75	0	ginger_root	1	131	NF_088	1	0	NaN	a	0.473602	1	3123.696375	3123.81302	0.1166447
696723.5	0.116649	6506	stimuli/foods\corncob.jpg	12	75	0	corncob	1	93	NF_051	1	0	NaN	a	0.3932861	1	3125.429699	3125.546348	0.116649
697098.5	0.1166489	6507	stimuli/foods\dried_figs.jpg	12	75	0	dried_figs	1	110	TF_054	0	0	NaN	a	0.6893046	0	3126.929686	3127.046335	0.1166489
697523.5	0.1166549	6508	stimuli/foods\chestnut.jpg	12	75	0	chestnut	1	65	NF_020	1	0	NaN	a	0.4183253	1	3128.629666	3128.746321	0.1166549
697923.5	0.1166504	6509	stimuli/foods\blue_cheese.jpg	12	75	0	blue_cheese	1	25	TF_066	0	0	NaN	f	0.4123189	1	3130.229659	3130.346309	0.1166504
699831.75	0.1166572	6510	stimuli/foods\baked_cod_with_carrots_and_green_beans.jpg	12	76	0	baked_cod_with_carrots_and_green_beans	1	16	TF_082	0	0	NaN	f	0.5430381	1	3137.86293	3137.979587	0.1166572
700306.75	0.1166513	6511	stimuli/foods\nectarine.jpg	12	76	0	nectarine	1	196	NF_078	1	0	NaN	a	0.5090672	1	3139.762914	3139.879565	0.1166513
700765.25	0.1166506	6512	stimuli/foods\lollies.jpg	12	76	0	lollies	1	183	TF_026	0	0	NaN	f	0.4977594	1	3141.596234	3141.712884	0.1166506
701181.75	0.1166688	6513	stimuli/foods\celery.jpg	12	76	0	celery	1	58	NF_092	1	0	NaN	a	0.3391189	1	3143.262888	3143.379557	0.1166688
701519.25	0.1166491	6514	stimuli/foods\orange.jpg	12	76	0	orange	1	201	NF_008	1	0	NaN	a	0.3911371	1	3144.612879	3144.729528	0.1166491
701931.75	0.1166201	6515	stimuli/foods\bread.jpg	12	76	0	bread	1	26	TF_089	0	0	NaN	f	0.4621989	1	3146.262893	3146.379513	0.1166201
702373.5	0.1166533	6516	stimuli/foods\chilli.jpg	12	76	0	chilli	1	74	NF_073	1	0	NaN	a	0.4465568	1	3148.029512	3148.146165	0.1166533
702715.25	0.116656	6517	stimuli/foods\egg.jpg	12	76	0	egg	1	115	NF_095	1	0	NaN	a	0.4518202	1	3149.396169	3149.512825	0.116656
703127.75	0.1166497	6518	stimuli/foods\cooked_ham.jpg	12	76	0	cooked_ham	1	91	TF_116	0	0	NaN	f	0.341812	1	3151.046158	3151.162808	0.1166497
703456.75	0.1166486	6519	stimuli/foods\cupcake.jpg	12	76	0	cupcake	1	102	TF_050	0	0	NaN	a	0.347169	0	3152.362817	3152.479465	0.1166486
703873.5	0.1166906	6520	stimuli/foods\pepperoni_pizza.jpg	12	76	0	pepperoni_pizza	1	229	TF_106	0	0	NaN	f	0.4084754	1	3154.029467	3154.146157	0.1166906
704298.5	0.1166484	6521	stimuli/foods\spaghetti_with_meat_sauce.jpg	12	76	0	spaghetti_with_meat_sauce	1	275	TF_137	0	0	NaN	f	0.3565346	1	3155.729455	3155.846103	0.1166484
704686	0.1166495	6522	stimuli/foods\salmon.jpg	12	76	0	salmon	1	256	TF_130	0	0	NaN	f	0.3295635	1	3157.279441	3157.39609	0.1166495
705052.75	0.1166215	6523	stimuli/foods\omelette.jpg	12	76	0	omelette	1	199	TF_057	0	0	NaN	f	0.3689141	1	3158.746126	3158.862747	0.1166215
705469.25	0.1166554	6524	stimuli/foods\tomato.jpg	12	76	0	tomato	1	298	NF_084	1	0	NaN	a	0.4882216	1	3160.412744	3160.529399	0.1166554
705898.5	0.1166633	6525	stimuli/foods\cabbage.jpg	12	76	0	cabbage	1	48	NF_025	1	0	NaN	a	0.348551	1	3162.129404	3162.246067	0.1166633
706269.25	0.116651	6526	stimuli/foods\green_beans.jpg	12	76	0	green_beans	1	147	NF_034	1	0	NaN	a	0.2862677	1	3163.612722	3163.729373	0.116651
706561	0.1166481	6527	stimuli/foods\fries.jpg	12	76	0	fries	1	126	TF_094	0	0	NaN	f	0.4196066	1	3164.779383	3164.896031	0.1166481
706936	0.116651	6528	stimuli/foods\chocolate_pralines.jpg	12	76	0	chocolate_pralines	1	77	TF_035	0	0	NaN	a	0.3796137	0	3166.279371	3166.396022	0.116651
707348.5	0.1166501	6529	stimuli/foods\lamb_chops.jpg	12	76	0	lamb_chops	1	173	TF_040	0	0	NaN	f	0.3776357	1	3167.929356	3168.046006	0.1166501
707669.25	0.1166504	6530	stimuli/foods\brownie.jpg	12	76	0	brownie	1	34	TF_011	0	0	NaN	f	0.2863147	1	3169.212679	3169.329329	0.1166504
708069.25	0.1165875	6531	stimuli/foods\pineapple.jpg	12	76	0	pineapple	1	231	NF_004	1	0	NaN	a	0.373349	1	3170.812733	3170.92932	0.1165875
710031.75	0.1166499	6532	stimuli/foods\peas.jpg	12	77	0	peas	1	224	NF_081	1	0	NaN	a	0.3023699	1	3178.662604	3178.779254	0.1166499
710440	0.1166571	6533	stimuli/foods\rice_cake.jpg	12	77	0	rice_cake	1	251	TF_059	0	0	NaN	f	0.4560643	1	3180.295917	3180.412574	0.1166571
710856.75	0.1166471	6534	stimuli/foods\ice_cream.jpg	12	77	0	ice_cream	1	162	TF_062	0	0	NaN	f	0.4144587	1	3181.962577	3182.079224	0.1166471
711281.75	0.1166273	6535	stimuli/foods\pear.jpg	12	77	0	pear	1	223	NF_077	1	0	NaN	a	0.4074501	1	3183.662584	3183.779212	0.1166273
711656.75	0.116653	6536	stimuli/foods\calamari.jpg	12	77	0	calamari	1	53	TF_019	0	0	NaN	f	0.3964342	1	3185.162549	3185.279202	0.116653
711977.5	0.1166378	6537	stimuli/foods\museli_bars.jpg	12	77	0	museli_bars	1	193	TF_008	0	0	NaN	f	0.4141095	1	3186.445885	3186.562523	0.1166378
712406.75	0.1166534	6538	stimuli/foods\lemon_meringue_pie.jpg	12	77	0	lemon_meringue_pie	1	176	TF_151	0	0	NaN	f	0.4134753	1	3188.162525	3188.279179	0.1166534
712806.75	0.1166506	6539	stimuli/foods\baked_lamb_with_potatoes.jpg	12	77	0	baked_lamb_with_potatoes	1	17	TF_001	0	0	NaN	f	0.4676235	1	3189.762513	3189.879163	0.1166506
713177.5	0.116648	6540	stimuli/foods\carrot.jpg	12	77	0	carrot	1	56	NF_019	1	0	NaN	a	0.3941742	1	3191.245838	3191.362486	0.116648
713498.5	0.1166501	6541	stimuli/foods\chocolate_pudding.jpg	12	77	0	chocolate_pudding	1	78	TF_018	0	0	NaN	f	0.3448443	1	3192.529157	3192.645807	0.1166501
713861	0.1166586	6542	stimuli/foods\savory_pie.jpg	12	77	0	savory_pie	1	257	TF_146	0	0	NaN	f	0.467865	1	3193.979148	3194.095807	0.1166586
714244.25	0.116651	6543	stimuli/foods\chocolate_bar.jpg	12	77	0	chocolate_bar	1	75	TF_033	0	0	NaN	f	0.4495201	1	3195.512469	3195.62912	0.116651
714636	0.1166328	6544	stimuli/foods\nougat.jpg	12	77	0	nougat	1	197	TF_144	0	0	NaN	f	0.3128933	1	3197.079138	3197.195771	0.1166328
714977.5	0.1166419	6545	stimuli/foods\swordfish.jpg	12	77	0	swordfish	1	290	TF_101	0	0	NaN	f	0.3422157	1	3198.445774	3198.562416	0.1166419
715365	0.1166509	6546	stimuli/foods\frankfurters.jpg	12	77	0	frankfurters	1	123	TF_156	0	0	NaN	f	0.4392432	1	3199.995766	3200.112417	0.1166509
715748.5	0.1166523	6547	stimuli/foods\pork_loin_with_peas.jpg	12	77	0	pork_loin_with_peas	1	234	TF_003	0	0	NaN	f	0.3169255	1	3201.529086	3201.645738	0.1166523
716131.75	0.1166493	6548	stimuli/foods\cooked_prawn.jpg	12	77	0	cooked_prawn	1	92	TF_060	0	0	NaN	f	0.3146847	1	3203.062409	3203.179059	0.1166493
716494.25	0.1166871	6549	stimuli/foods\oven-roasted_tomatoes.jpg	12	77	0	oven-roasted_tomatoes	1	203	TF_114	0	0	NaN	f	0.3765625	1	3204.512396	3204.629083	0.1166871
716840	0.11665	6550	stimuli/foods\baguette.jpg	12	77	0	baguette	1	15	TF_006	0	0	NaN	f	0.45527	1	3205.895719	3206.012369	0.11665
717177.5	0.1166342	6551	stimuli/foods\garlic.jpg	12	77	0	garlic	1	130	NF_001	1	0	NaN	a	0.3503089	1	3207.245724	3207.362358	0.1166342
717531.75	0.116651	6552	stimuli/foods\toast.jpg	12	77	0	toast	1	296	TF_053	0	0	NaN	f	0.3476406	1	3208.662365	3208.779016	0.116651
717898.5	0.1166249	6553	stimuli/foods\fried_calamari.jpg	12	77	0	fried_calamari	1	124	TF_020	0	0	NaN	f	0.3169936	1	3210.129044	3210.245669	0.1166249
718836	0.1166563	6554	stimuli/foods\lime.jpg	12	78	0	lime	1	180	NF_048	1	0	NaN	a	0.3670175	1	3213.879009	3213.995665	0.1166563
719215	0.1166517	6555	stimuli/foods\grapes.jpg	12	78	0	grapes	1	142	NF_098	1	0	NaN	a	0.2763613	1	3215.395644	3215.512295	0.1166517
719594.25	0.116646	6556	stimuli/foods\pumpkin.jpg	12	78	0	pumpkin	1	239	NF_101	1	0	NaN	a	0.3427433	1	3216.9123	3217.028946	0.116646
719923.5	0.1166513	6557	stimuli/foods\croissant.jpg	12	78	0	croissant	1	100	TF_037	0	0	NaN	f	0.3530578	1	3218.228955	3218.345606	0.1166513
720294.25	0.1166205	6558	stimuli/foods\oregano.jpg	12	78	0	oregano	1	202	NF_066	1	0	NaN	f	0.2967869	0	3219.712303	3219.828923	0.1166205
720690	0.1166542	6559	stimuli/foods\onion.jpg	12	78	0	onion	1	200	NF_029	1	0	NaN	a	0.3804714	1	3221.295593	3221.412247	0.1166542
721111	0.1166313	6560	stimuli/foods\fruit_flan.jpg	12	78	0	fruit_flan	1	127	TF_093	0	0	NaN	f	0.4541183	1	3222.978935	3223.095566	0.1166313
721494.25	0.1166467	6561	stimuli/foods\minestrone_soup.jpg	12	78	0	minestrone_soup	1	187	TF_160	0	0	NaN	f	0.3488079	1	3224.51224	3224.628887	0.1166467
721894.25	0.1166502	6562	stimuli/foods\grilled_chicken_breast.jpg	12	78	0	grilled_chicken_breast	1	149	TF_104	0	0	NaN	f	0.2788453	1	3226.112222	3226.228872	0.1166502
722265	0.1166484	6563	stimuli/foods\kiwi.jpg	12	78	0	kiwi	1	172	NF_044	1	0	NaN	a	0.3424596	1	3227.595548	3227.712196	0.1166484
722661	0.1166354	6564	stimuli/foods\cream_donuts.jpg	12	78	0	cream_donuts	1	99	TF_014	0	0	NaN	f	0.2531835	1	3229.178859	3229.295494	0.1166354
722965	0.1166505	6565	stimuli/foods\blackberry.jpg	12	78	0	blackberry	1	24	NF_063	1	0	NaN	f	0.3514905	0	3230.395523	3230.512173	0.1166505
723340	0.1166431	6566	stimuli/foods\spring_onions.jpg	12	78	0	spring_onions	1	282	NF_086	1	0	NaN	a	0.3234984	1	3231.895518	3232.012161	0.1166431
723690	0.1166462	6567	stimuli/foods\rice.jpg	12	78	0	rice	1	250	TF_121	0	0	NaN	f	0.3735133	1	3233.295494	3233.41214	0.1166462
724123.5	0.1166516	6568	stimuli/foods\potato_and_green_bean_salad.jpg	12	78	0	potato_and_green_bean_salad	1	235	TF_072	0	0	NaN	f	0.3991729	1	3235.028815	3235.145466	0.1166516
724506.75	0.1166557	6569	stimuli/foods\mushroom.jpg	12	78	0	mushroom	1	194	NF_039	1	0	NaN	a	0.4468456	1	3236.562139	3236.678794	0.1166557
724836	0.1166572	6570	stimuli/foods\roasted_chicken.jpg	12	78	0	roasted_chicken	1	253	TF_109	0	0	NaN	f	0.364171	1	3237.878792	3237.995449	0.1166572
725165	0.1166481	6571	stimuli/foods\brussel_sprouts.jpg	12	78	0	brussel_sprouts	1	35	NF_021	1	0	NaN	a	0.3605655	1	3239.195454	3239.312102	0.1166481
725502.5	0.1166405	6572	stimuli/foods\broccoli.jpg	12	78	0	broccoli	1	29	NF_016	1	0	NaN	a	0.2655622	1	3240.54545	3240.66209	0.1166405
725894.25	0.1165837	6573	stimuli/foods\green_olives.jpg	12	78	0	green_olives	1	148	TF_085	0	0	NaN	a	0.2689247	0	3242.112151	3242.228735	0.1165837
726227.5	0.1166397	6574	stimuli/foods\linguine_with_clams.jpg	12	78	0	linguine_with_clams	1	181	TF_077	0	0	NaN	f	0.4335935	1	3243.445425	3243.562065	0.1166397
726581.75	0.1166486	6575	stimuli/foods\fruit_pie.jpg	12	78	0	fruit_pie	1	128	TF_147	0	0	NaN	f	0.4079196	1	3244.862068	3244.978717	0.1166486
